BuildingIndex,Year,Month,Day,Hour,Quarter,DayInWeek,HolidayOrNot,ChargeDischargeKwh,SOCPercent
1,2017,9,1,0,0,0,0,2.219459,0
1,2017,9,1,0,1,0,0,8.322973,0
1,2017,9,1,0,2,0,0,9.818134,0
1,2017,9,1,0,3,0,0,6.150078,0
1,2017,9,1,1,0,0,0,4.435841,0
1,2017,9,1,1,1,0,0,15.410668,0
1,2017,9,1,1,2,0,0,13.655962,0
1,2017,9,1,1,3,0,0,7.944626,0
1,2017,9,1,2,0,0,0,7.359677,0
1,2017,9,1,2,1,0,0,2.828181,0
1,2017,9,1,2,2,0,0,6.492,0
1,2017,9,1,2,3,0,0,3.4624,0
1,2017,9,1,5,2,0,0,4.135385,0
1,2017,9,1,5,3,0,0,5.169231,0
1,2017,9,1,6,0,0,0,5.33362,0
1,2017,9,1,6,1,0,0,5.591765,0
1,2017,9,1,6,2,0,0,7.827778,0
1,2017,9,1,6,3,0,0,0.982222,0
1,2017,9,1,7,0,0,0,0.628678,0
1,2017,9,1,7,1,0,0,4.435847,0
1,2017,9,1,7,2,0,0,4.438015,0
1,2017,9,1,7,3,0,0,7.231861,0
1,2017,9,1,8,0,0,0,1.499197,0
1,2017,9,1,8,1,0,0,2.427624,0
1,2017,9,1,8,2,0,0,2.579716,0
1,2017,9,1,8,3,0,0,4.516711,0
1,2017,9,1,9,0,0,0,8.232035,0
1,2017,9,1,9,1,0,0,11.190013,0
1,2017,9,1,9,2,0,0,19.774865,0
1,2017,9,1,9,3,0,0,17.128399,0
1,2017,9,1,10,0,0,0,25.022402,0
1,2017,9,1,10,1,0,0,22.720351,0
1,2017,9,1,10,2,0,0,24.080489,0
1,2017,9,1,10,3,0,0,13.531585,0
1,2017,9,1,11,0,0,0,16.035048,0
1,2017,9,1,11,1,0,0,17.629377,0
1,2017,9,1,11,2,0,0,18.499643,0
1,2017,9,1,11,3,0,0,12.957477,0
1,2017,9,1,12,0,0,0,18.146812,0
1,2017,9,1,12,1,0,0,22.695824,0
1,2017,9,1,12,2,0,0,18.220104,0
1,2017,9,1,12,3,0,0,13.675253,0
1,2017,9,1,13,0,0,0,17.230368,0
1,2017,9,1,13,1,0,0,21.627937,0
1,2017,9,1,13,2,0,0,12.573814,0
1,2017,9,1,13,3,0,0,10.420225,0
1,2017,9,1,14,0,0,0,16.239766,0
1,2017,9,1,14,1,0,0,22.724447,0
1,2017,9,1,14,2,0,0,27.185117,0
1,2017,9,1,14,3,0,0,25.656616,0
1,2017,9,1,15,0,0,0,10.021255,0
1,2017,9,1,15,1,0,0,10.832063,0
1,2017,9,1,15,2,0,0,17.146704,0
1,2017,9,1,15,3,0,0,14.008547,0
1,2017,9,1,16,0,0,0,17.619256,0
1,2017,9,1,16,1,0,0,28.472024,0
1,2017,9,1,16,2,0,0,20.655371,0
1,2017,9,1,16,3,0,0,16.468765,0
1,2017,9,1,17,0,0,0,12.159648,0
1,2017,9,1,17,1,0,0,9.649744,0
1,2017,9,1,17,2,0,0,9.712818,0
1,2017,9,1,17,3,0,0,9.508399,0
1,2017,9,1,18,0,0,0,12.99281,0
1,2017,9,1,18,1,0,0,9.339585,0
1,2017,9,1,18,2,0,0,5.491997,0
1,2017,9,1,18,3,0,0,14.337339,0
1,2017,9,1,19,0,0,0,11.405339,0
1,2017,9,1,19,1,0,0,4.844829,0
1,2017,9,1,19,2,0,0,2.199108,0
1,2017,9,1,19,3,0,0,17.941078,0
1,2017,9,1,20,0,0,0,15.687139,0
1,2017,9,1,20,1,0,0,5.409775,0
1,2017,9,1,20,2,0,0,7.420445,0
1,2017,9,1,20,3,0,0,11.886211,0
1,2017,9,1,21,0,0,0,22.67126,0
1,2017,9,1,21,1,0,0,23.214383,0
1,2017,9,1,21,2,0,0,14.240952,0
1,2017,9,1,21,3,0,0,18.424797,0
1,2017,9,1,22,0,0,0,9.754382,0
1,2017,9,1,22,1,0,0,23.447973,0
1,2017,9,1,22,2,0,0,8.800195,0
1,2017,9,1,22,3,0,0,7.543337,0
1,2017,9,1,23,0,0,0,14.08046,0
1,2017,9,1,23,1,0,0,10.402652,0
1,2017,9,1,23,2,0,0,7.02053,0
1,2017,9,1,23,3,0,0,8.07531,0
1,2017,9,2,0,0,0,0,8.842995,0
1,2017,9,2,0,1,0,0,17.087408,0
1,2017,9,2,0,2,0,0,15.308625,0
1,2017,9,2,0,3,0,0,11.092979,0
1,2017,9,2,1,0,0,0,23.943382,0
1,2017,9,2,1,1,0,0,26.097802,0
1,2017,9,2,1,2,0,0,23.573279,0
1,2017,9,2,1,3,0,0,26.002466,0
1,2017,9,2,2,0,0,0,16.852124,0
1,2017,9,2,2,1,0,0,16.040994,0
1,2017,9,2,2,2,0,0,9.579523,0
1,2017,9,2,2,3,0,0,8.560123,0
1,2017,9,2,3,0,0,0,12.466523,0
1,2017,9,2,3,1,0,0,9.494301,0
1,2017,9,2,3,2,0,0,7.964459,0
1,2017,9,2,3,3,0,0,8.545094,0
1,2017,9,2,4,0,0,0,15.232237,0
1,2017,9,2,4,1,0,0,9.096523,0
1,2017,9,2,4,2,0,0,10.11919,0
1,2017,9,2,4,3,0,0,11.696523,0
1,2017,9,2,5,0,0,0,7.373856,0
1,2017,9,2,5,1,0,0,5.85819,0
1,2017,9,2,5,2,0,0,9.170841,0
1,2017,9,2,5,3,0,0,9.13441,0
1,2017,9,2,6,0,0,0,9.877743,0
1,2017,9,2,6,1,0,0,6.867743,0
1,2017,9,2,6,2,0,0,3.427743,0
1,2017,9,2,6,3,0,0,10.959994,0
1,2017,9,2,7,0,0,0,10.651153,0
1,2017,9,2,7,1,0,0,2.068397,0
1,2017,9,2,7,2,0,0,1.989671,0
1,2017,9,2,7,3,0,0,3.381405,0
1,2017,9,2,8,0,0,0,4.068707,0
1,2017,9,2,8,1,0,0,7.111565,0
1,2017,9,2,8,2,0,0,5.171045,0
1,2017,9,2,8,3,0,0,8.592863,0
1,2017,9,2,9,0,0,0,9.830078,0
1,2017,9,2,9,1,0,0,23.117784,0
1,2017,9,2,9,2,0,0,9.234798,0
1,2017,9,2,9,3,0,0,5.116495,0
1,2017,9,2,10,0,0,0,5.638071,0
1,2017,9,2,10,1,0,0,12.358899,0
1,2017,9,2,10,2,0,0,17.459157,0
1,2017,9,2,10,3,0,0,18.799746,0
1,2017,9,2,11,0,0,0,11.7362,0
1,2017,9,2,11,1,0,0,9.158269,0
1,2017,9,2,11,2,0,0,22.987503,0
1,2017,9,2,11,3,0,0,12.392586,0
1,2017,9,2,12,0,0,0,7.935016,0
1,2017,9,2,12,1,0,0,10.035311,0
1,2017,9,2,12,2,0,0,12.980873,0
1,2017,9,2,12,3,0,0,10.434903,0
1,2017,9,2,13,0,0,0,19.027158,0
1,2017,9,2,13,1,0,0,20.140862,0
1,2017,9,2,13,2,0,0,18.988067,0
1,2017,9,2,13,3,0,0,18.181066,0
1,2017,9,2,14,0,0,0,13.951108,0
1,2017,9,2,14,1,0,0,20.118913,0
1,2017,9,2,14,2,0,0,16.116003,0
1,2017,9,2,14,3,0,0,16.926045,0
1,2017,9,2,15,0,0,0,19.369321,0
1,2017,9,2,15,1,0,0,13.771925,0
1,2017,9,2,15,2,0,0,7.196529,0
1,2017,9,2,15,3,0,0,7.130482,0
1,2017,9,2,16,0,0,0,7.298706,0
1,2017,9,2,16,1,0,0,12.922399,0
1,2017,9,2,16,2,0,0,13.633901,0
1,2017,9,2,16,3,0,0,18.337845,0
1,2017,9,2,17,0,0,0,16.320375,0
1,2017,9,2,17,1,0,0,18.427106,0
1,2017,9,2,17,2,0,0,20.839316,0
1,2017,9,2,17,3,0,0,23.648492,0
1,2017,9,2,18,0,0,0,23.264145,0
1,2017,9,2,18,1,0,0,18.330764,0
1,2017,9,2,18,2,0,0,15.127053,0
1,2017,9,2,18,3,0,0,9.875835,0
1,2017,9,2,19,0,0,0,11.417637,0
1,2017,9,2,19,1,0,0,7.847846,0
1,2017,9,2,19,2,0,0,6.896675,0
1,2017,9,2,19,3,0,0,15.896675,0
1,2017,9,2,20,0,0,0,2.066285,0
1,2017,9,2,20,1,0,0,2.173148,0
1,2017,9,2,20,2,0,0,13.013609,0
1,2017,9,2,20,3,0,0,21.333243,0
1,2017,9,2,21,0,0,0,26.886927,0
1,2017,9,2,21,1,0,0,21.99435,0
1,2017,9,2,21,2,0,0,9.457272,0
1,2017,9,2,21,3,0,0,10.096043,0
1,2017,9,2,22,0,0,0,8.773547,0
1,2017,9,2,22,1,0,0,17.441058,0
1,2017,9,2,22,2,0,0,12.547698,0
1,2017,9,2,22,3,0,0,8.594627,0
1,2017,9,2,23,0,0,0,3.752087,0
1,2017,9,2,23,1,0,0,9.980007,0
1,2017,9,2,23,2,0,0,7.575021,0
1,2017,9,2,23,3,0,0,4.905707,0
1,2017,9,3,0,0,0,0,1.998564,0
1,2017,9,3,0,1,0,0,8.9218,0
1,2017,9,3,0,2,0,0,14.021035,0
1,2017,9,3,0,3,0,0,18.504162,0
1,2017,9,3,1,0,0,0,20.739365,0
1,2017,9,3,1,1,0,0,26.389354,0
1,2017,9,3,1,2,0,0,23.39515,0
1,2017,9,3,1,3,0,0,24.782195,0
1,2017,9,3,2,0,0,0,25.497668,0
1,2017,9,3,2,1,0,0,16.187039,0
1,2017,9,3,2,2,0,0,12.177875,0
1,2017,9,3,2,3,0,0,12.308564,0
1,2017,9,3,3,0,0,0,5.723564,0
1,2017,9,3,3,1,0,0,2.743564,0
1,2017,9,3,3,2,0,0,6.670605,0
1,2017,9,3,3,3,0,0,8.905095,0
1,2017,9,3,4,0,0,0,16.483666,0
1,2017,9,3,4,1,0,0,6.527968,0
1,2017,9,3,4,2,0,0,19.515063,0
1,2017,9,3,4,3,0,0,22.279638,0
1,2017,9,3,5,0,0,0,14.901187,0
1,2017,9,3,5,1,0,0,6.335706,0
1,2017,9,3,5,2,0,0,6.404127,0
1,2017,9,3,5,3,0,0,8.839127,0
1,2017,9,3,6,0,0,0,7.621627,0
1,2017,9,3,6,1,0,0,2.751627,0
1,2017,9,3,6,2,0,0,11.519127,0
1,2017,9,3,6,3,0,0,12.684234,0
1,2017,9,3,7,0,0,0,17.833063,0
1,2017,9,3,7,1,0,0,5.705695,0
1,2017,9,3,7,2,0,0,14.166144,0
1,2017,9,3,7,3,0,0,13.022192,0
1,2017,9,3,8,0,0,0,8.484231,0
1,2017,9,3,8,1,0,0,5.01514,0
1,2017,9,3,8,2,0,0,6.58621,0
1,2017,9,3,8,3,0,0,8.794327,0
1,2017,9,3,9,0,0,0,12.840446,0
1,2017,9,3,9,1,0,0,11.816676,0
1,2017,9,3,9,2,0,0,4.845154,0
1,2017,9,3,9,3,0,0,7.313049,0
1,2017,9,3,10,0,0,0,3.97626,0
1,2017,9,3,10,1,0,0,2.204793,0
1,2017,9,3,10,2,0,0,2.612592,0
1,2017,9,3,10,3,0,0,2.401291,0
1,2017,9,3,11,0,0,0,13.254079,0
1,2017,9,3,11,1,0,0,3.159653,0
1,2017,9,3,11,2,0,0,4.82856,0
1,2017,9,3,11,3,0,0,14.912097,0
1,2017,9,3,12,0,0,0,6.583006,0
1,2017,9,3,12,1,0,0,15.102024,0
1,2017,9,3,12,2,0,0,14.65936,0
1,2017,9,3,12,3,0,0,13.959854,0
1,2017,9,3,13,0,0,0,10.33079,0
1,2017,9,3,13,1,0,0,6.199528,0
1,2017,9,3,13,2,0,0,12.995344,0
1,2017,9,3,13,3,0,0,8.707418,0
1,2017,9,3,14,0,0,0,13.522278,0
1,2017,9,3,14,1,0,0,29.44201,0
1,2017,9,3,14,2,0,0,26.27823,0
1,2017,9,3,14,3,0,0,15.499891,0
1,2017,9,3,15,0,0,0,6.757213,0
1,2017,9,3,15,1,0,0,6.206068,0
1,2017,9,3,15,2,0,0,12.292454,0
1,2017,9,3,15,3,0,0,21.812158,0
1,2017,9,3,16,0,0,0,14.58781,0
1,2017,9,3,16,1,0,0,14.932368,0
1,2017,9,3,16,2,0,0,14.087488,0
1,2017,9,3,16,3,0,0,15.853547,0
1,2017,9,3,17,0,0,0,7.425949,0
1,2017,9,3,17,1,0,0,4.894526,0
1,2017,9,3,17,2,0,0,1.473276,0
1,2017,9,3,17,3,0,0,4.036533,0
1,2017,9,3,18,0,0,0,2.772093,0
1,2017,9,3,18,1,0,0,1.345552,0
1,2017,9,3,18,2,0,0,3.64769,0
1,2017,9,3,18,3,0,0,17.603616,0
1,2017,9,3,19,0,0,0,14.823132,0
1,2017,9,3,19,1,0,0,15.991264,0
1,2017,9,3,19,2,0,0,22.45968,0
1,2017,9,3,19,3,0,0,8.67749,0
1,2017,9,3,20,0,0,0,15.1947,0
1,2017,9,3,20,1,0,0,13.885401,0
1,2017,9,3,20,2,0,0,9.489572,0
1,2017,9,3,20,3,0,0,8.833827,0
1,2017,9,3,21,0,0,0,9.683456,0
1,2017,9,3,21,1,0,0,14.657386,0
1,2017,9,3,21,2,0,0,18.31313,0
1,2017,9,3,21,3,0,0,15.742451,0
1,2017,9,3,22,0,0,0,17.657284,0
1,2017,9,3,22,1,0,0,5.775355,0
1,2017,9,3,22,2,0,0,2.499539,0
1,2017,9,3,22,3,0,0,2.499539,0
1,2017,9,3,23,0,0,0,4.701812,0
1,2017,9,3,23,1,0,0,8.717536,0
1,2017,9,3,23,2,0,0,12.571152,0
1,2017,9,3,23,3,0,0,15.957186,0
1,2017,9,4,0,0,0,0,9.083732,0
1,2017,9,4,0,1,0,0,6.659563,0
1,2017,9,4,0,2,0,0,10.14323,0
1,2017,9,4,0,3,0,0,10.720132,0
1,2017,9,4,1,0,0,0,15.497182,0
1,2017,9,4,1,1,0,0,12.352917,0
1,2017,9,4,1,2,0,0,8.656355,0
1,2017,9,4,1,3,0,0,2.67823,0
1,2017,9,4,2,0,0,0,2.67823,0
1,2017,9,4,2,1,0,0,7.789283,0
1,2017,9,4,2,2,0,0,8.357177,0
1,2017,9,4,2,3,0,0,2.67823,0
1,2017,9,4,3,0,0,0,2.67823,0
1,2017,9,4,3,1,0,0,2.67823,0
1,2017,9,4,3,2,0,0,2.67823,0
1,2017,9,4,3,3,0,0,2.67823,0
1,2017,9,4,4,0,0,0,2.67823,0
1,2017,9,4,4,1,0,0,6.116491,0
1,2017,9,4,4,2,0,0,11.273882,0
1,2017,9,4,4,3,0,0,3.824317,0
1,2017,9,4,5,0,0,0,2.67823,0
1,2017,9,4,5,1,0,0,7.22823,0
1,2017,9,4,5,2,0,0,6.31823,0
1,2017,9,4,5,3,0,0,2.67823,0
1,2017,9,4,6,0,0,0,7.835922,0
1,2017,9,4,6,1,0,0,6.76573,0
1,2017,9,4,6,2,0,0,2.67823,0
1,2017,9,4,6,3,0,0,10.285736,0
1,2017,9,4,7,0,0,0,2.621317,0
1,2017,9,4,7,1,0,0,3.416218,0
1,2017,9,4,7,2,0,0,3.048364,0
1,2017,9,4,7,3,0,0,2.696151,0
1,2017,9,4,8,0,0,0,4.281741,0
1,2017,9,4,8,1,0,0,7.387374,0
1,2017,9,4,8,2,0,0,7.888554,0
1,2017,9,4,8,3,0,0,6.252338,0
1,2017,9,4,9,0,0,0,15.182739,0
1,2017,9,4,9,1,0,0,13.810586,0
1,2017,9,4,9,2,0,0,18.826101,0
1,2017,9,4,9,3,0,0,11.108951,0
1,2017,9,4,10,0,0,0,20.808276,0
1,2017,9,4,10,1,0,0,21.504678,0
1,2017,9,4,10,2,0,0,17.047186,0
1,2017,9,4,10,3,0,0,17.415747,0
1,2017,9,4,11,0,0,0,10.951322,0
1,2017,9,4,11,1,0,0,10.239339,0
1,2017,9,4,11,2,0,0,17.567044,0
1,2017,9,4,11,3,0,0,15.586904,0
1,2017,9,4,12,0,0,0,18.365928,0
1,2017,9,4,12,1,0,0,15.609114,0
1,2017,9,4,12,2,0,0,8.453112,0
1,2017,9,4,12,3,0,0,7.194617,0
1,2017,9,4,13,0,0,0,NaN,0
1,2017,9,4,13,1,0,0,19.154427,0
1,2017,9,4,13,2,0,0,17.502358,0
1,2017,9,4,13,3,0,0,25.55601,0
1,2017,9,4,14,0,0,0,27.042164,0
1,2017,9,4,14,1,0,0,20.807181,0
1,2017,9,4,14,2,0,0,18.166819,0
1,2017,9,4,14,3,0,0,17.095758,0
1,2017,9,4,15,0,0,0,8.842395,0
1,2017,9,4,15,1,0,0,7.538472,0
1,2017,9,4,15,2,0,0,21.063268,0
1,2017,9,4,15,3,0,0,21.535163,0
1,2017,9,4,16,0,0,0,15.193725,0
1,2017,9,4,16,1,0,0,13.259874,0
1,2017,9,4,16,2,0,0,12.974715,0
1,2017,9,4,16,3,0,0,11.712858,0
1,2017,9,4,17,0,0,0,11.57829,0
1,2017,9,4,17,1,0,0,10.225453,0
1,2017,9,4,17,2,0,0,4.639838,0
1,2017,9,4,17,3,0,0,4.934251,0
1,2017,9,4,18,0,0,0,16.213381,0
1,2017,9,4,18,1,0,0,26.243566,0
1,2017,9,4,18,2,0,0,17.496271,0
1,2017,9,4,18,3,0,0,11.385901,0
1,2017,9,4,19,0,0,0,10.071431,0
1,2017,9,4,19,1,0,0,5.400652,0
1,2017,9,4,19,2,0,0,8.734535,0
1,2017,9,4,19,3,0,0,9.263348,0
1,2017,9,4,20,0,0,0,9.776228,0
1,2017,9,4,20,1,0,0,10.352737,0
1,2017,9,4,20,2,0,0,8.22357,0
1,2017,9,4,20,3,0,0,8.759043,0
1,2017,9,4,21,0,0,0,8.036973,0
1,2017,9,4,21,1,0,0,20.220289,0
1,2017,9,4,21,2,0,0,20.455373,0
1,2017,9,4,21,3,0,0,9.969752,0
1,2017,9,4,22,0,0,0,3.357348,0
1,2017,9,4,22,1,0,0,5.787348,0
1,2017,9,4,22,2,0,0,9.432348,0
1,2017,9,4,22,3,0,0,6.717348,0
1,2017,9,4,23,0,0,0,12.131395,0
1,2017,9,4,23,1,0,0,21.681847,0
1,2017,9,4,23,2,0,0,14.667495,0
1,2017,9,4,23,3,0,0,14.847939,0
1,2017,9,5,0,0,0,0,9.443062,0
1,2017,9,5,0,1,0,0,3.357348,0
1,2017,9,5,0,2,0,0,3.357348,0
1,2017,9,5,0,3,0,0,8.42949,0
1,2017,9,5,1,0,0,0,11.810919,0
1,2017,9,5,1,1,0,0,5.611633,0
1,2017,9,5,1,2,0,0,3.357348,0
1,2017,9,5,1,3,0,0,3.357348,0
1,2017,9,5,2,0,0,0,4.864848,0
1,2017,9,5,2,1,0,0,13.909848,0
1,2017,9,5,2,2,0,0,3.357348,0
1,2017,9,5,2,3,0,0,19.087899,0
1,2017,9,5,3,0,0,0,15.976796,0
1,2017,9,5,3,1,0,0,3.357348,0
1,2017,9,5,3,2,0,0,3.357348,0
1,2017,9,5,3,3,0,0,3.357348,0
1,2017,9,5,4,0,0,0,3.357348,0
1,2017,9,5,4,1,0,0,5.183818,0
1,2017,9,5,4,2,0,0,9.753604,0
1,2017,9,5,4,3,0,0,6.26462,0
1,2017,9,5,5,0,0,0,3.357348,0
1,2017,9,5,5,1,0,0,3.357348,0
1,2017,9,5,5,2,0,0,5.007348,0
1,2017,9,5,5,3,0,0,6.657348,0
1,2017,9,5,6,0,0,0,3.357348,0
1,2017,9,5,6,1,0,0,6.013062,0
1,2017,9,5,6,2,0,0,4.991633,0
1,2017,9,5,6,3,0,0,7.273085,0
1,2017,9,5,7,0,0,0,7.703293,0
1,2017,9,5,7,1,0,0,7.838084,0
1,2017,9,5,7,2,0,0,6.602817,0
1,2017,9,5,7,3,0,0,8.118089,0
1,2017,9,5,8,0,0,0,13.372703,0
1,2017,9,5,8,1,0,0,7.664217,0
1,2017,9,5,8,2,0,0,2.775972,0
1,2017,9,5,8,3,0,0,4.823281,0
1,2017,9,5,9,0,0,0,6.486184,0
1,2017,9,5,9,1,0,0,7.163853,0
1,2017,9,5,9,2,0,0,12.122021,0
1,2017,9,5,9,3,0,0,13.374175,0
1,2017,9,5,10,0,0,0,16.547978,0
1,2017,9,5,10,1,0,0,15.464041,0
1,2017,9,5,10,2,0,0,13.966676,0
1,2017,9,5,10,3,0,0,19.309749,0
1,2017,9,5,11,0,0,0,20.847364,0
1,2017,9,5,11,1,0,0,20.98571,0
1,2017,9,5,11,2,0,0,14.669985,0
1,2017,9,5,11,3,0,0,17.29577,0
1,2017,9,5,12,0,0,0,28.62638,0
1,2017,9,5,12,1,0,0,25.79041,0
1,2017,9,5,12,2,0,0,13.492822,0
1,2017,9,5,12,3,0,0,20.636993,0
1,2017,9,5,13,0,0,0,27.383011,0
1,2017,9,5,13,1,0,0,23.369562,0
1,2017,9,5,13,2,0,0,18.703661,0
1,2017,9,5,13,3,0,0,14.139163,0
1,2017,9,5,14,0,0,0,27.364387,0
1,2017,9,5,14,1,0,0,22.566575,0
1,2017,9,5,14,2,0,0,21.744196,0
1,2017,9,5,14,3,0,0,19.316827,0
1,2017,9,5,15,0,0,0,18.741811,0
1,2017,9,5,15,1,0,0,18.931973,0
1,2017,9,5,15,2,0,0,12.836383,0
1,2017,9,5,15,3,0,0,22.046564,0
1,2017,9,5,16,0,0,0,29.598702,0
1,2017,9,5,16,1,0,0,30.178674,0
1,2017,9,5,16,2,0,0,13.557281,0
1,2017,9,5,16,3,0,0,4.057164,0
1,2017,9,5,17,0,0,0,11.188282,0
1,2017,9,5,17,1,0,0,15.180338,0
1,2017,9,5,17,2,0,0,10.613476,0
1,2017,9,5,17,3,0,0,11.886036,0
1,2017,9,5,18,0,0,0,12.22353,0
1,2017,9,5,18,1,0,0,9.664546,0
1,2017,9,5,18,2,0,0,8.828555,0
1,2017,9,5,18,3,0,0,19.765319,0
1,2017,9,5,19,0,0,0,19.374614,0
1,2017,9,5,19,1,0,0,10.038477,0
1,2017,9,5,19,2,0,0,9.068257,0
1,2017,9,5,19,3,0,0,12.716208,0
1,2017,9,5,20,0,0,0,15.551457,0
1,2017,9,5,20,1,0,0,5.698766,0
1,2017,9,5,20,2,0,0,13.424443,0
1,2017,9,5,20,3,0,0,28.347743,0
1,2017,9,5,21,0,0,0,18.18943,0
1,2017,9,5,21,1,0,0,8.326981,0
1,2017,9,5,21,2,0,0,7.974096,0
1,2017,9,5,21,3,0,0,10.200854,0
1,2017,9,5,22,0,0,0,10.350003,0
1,2017,9,5,22,1,0,0,9.440837,0
1,2017,9,5,22,2,0,0,8.427503,0
1,2017,9,5,22,3,0,0,11.668863,0
1,2017,9,5,23,0,0,0,24.140288,0
1,2017,9,5,23,1,0,0,9.285859,0
1,2017,9,5,23,2,0,0,4.083265,0
1,2017,9,5,23,3,0,0,4.310314,0
1,2017,9,6,0,0,0,0,11.815698,0
1,2017,9,6,0,1,0,0,3.628006,0
1,2017,9,6,0,2,0,0,3.628006,0
1,2017,9,6,0,3,0,0,12.648006,0
1,2017,9,6,1,0,0,0,7.218934,0
1,2017,9,6,1,1,0,0,17.377621,0
1,2017,9,6,1,2,0,0,11.325803,0
1,2017,9,6,1,3,0,0,4.045803,0
1,2017,9,6,2,0,0,0,2.925803,0
1,2017,9,6,2,1,0,0,3.527621,0
1,2017,9,6,2,2,0,0,11.953075,0
1,2017,9,6,2,3,0,0,7.711194,0
1,2017,9,6,3,0,0,0,11.734423,0
1,2017,9,6,3,1,0,0,9.972699,0
1,2017,9,6,3,2,0,0,7.04866,0
1,2017,9,6,3,3,0,0,3.612945,0
1,2017,9,6,4,0,0,0,2.925803,0
1,2017,9,6,4,1,0,0,2.925803,0
1,2017,9,6,4,2,0,0,4.088561,0
1,2017,9,6,4,3,0,0,15.813551,0
1,2017,9,6,5,0,0,0,18.831766,0
1,2017,9,6,5,1,0,0,10.069332,0
1,2017,9,6,5,2,0,0,2.925803,0
1,2017,9,6,5,3,0,0,2.925803,0
1,2017,9,6,6,0,0,0,3.351572,0
1,2017,9,6,6,1,0,0,9.312341,0
1,2017,9,6,6,2,0,0,7.183495,0
1,2017,9,6,6,3,0,0,2.860286,0
1,2017,9,6,7,0,0,0,3.548633,0
1,2017,9,6,7,1,0,0,8.933449,0
1,2017,9,6,7,2,0,0,23.745442,0
1,2017,9,6,7,3,0,0,11.879772,0
1,2017,9,6,8,0,0,0,6.122459,0
1,2017,9,6,8,1,0,0,7.002489,0
1,2017,9,6,8,2,0,0,4.706957,0
1,2017,9,6,8,3,0,0,3.957169,0
1,2017,9,6,9,0,0,0,7.046595,0
1,2017,9,6,9,1,0,0,15.198986,0
1,2017,9,6,9,2,0,0,18.473233,0
1,2017,9,6,9,3,0,0,16.761699,0
1,2017,9,6,10,0,0,0,9.827732,0
1,2017,9,6,10,1,0,0,21.31698,0
1,2017,9,6,10,2,0,0,21.767172,0
1,2017,9,6,10,3,0,0,24.04264,0
1,2017,9,6,11,0,0,0,23.028324,0
1,2017,9,6,11,1,0,0,19.668737,0
1,2017,9,6,11,2,0,0,20.657091,0
1,2017,9,6,11,3,0,0,20.109559,0
1,2017,9,6,12,0,0,0,12.896236,0
1,2017,9,6,12,1,0,0,11.044839,0
1,2017,9,6,12,2,0,0,16.181739,0
1,2017,9,6,12,3,0,0,19.476503,0
1,2017,9,6,13,0,0,0,20.280406,0
1,2017,9,6,13,1,0,0,12.56569,0
1,2017,9,6,13,2,0,0,16.335818,0
1,2017,9,6,13,3,0,0,18.356645,0
1,2017,9,6,14,0,0,0,22.702319,0
1,2017,9,6,14,1,0,0,35.265792,0
1,2017,9,6,14,2,0,0,18.582737,0
1,2017,9,6,14,3,0,0,27.898946,0
1,2017,9,6,15,0,0,0,25.318804,0
1,2017,9,6,15,1,0,0,27.898348,0
1,2017,9,6,15,2,0,0,31.530066,0
1,2017,9,6,15,3,0,0,22.167687,0
1,2017,9,6,16,0,0,0,25.813412,0
1,2017,9,6,16,1,0,0,26.518862,0
1,2017,9,6,16,2,0,0,22.309713,0
1,2017,9,6,16,3,0,0,24.813675,0
1,2017,9,6,17,0,0,0,14.778239,0
1,2017,9,6,17,1,0,0,19.588909,0
1,2017,9,6,17,2,0,0,24.548552,0
1,2017,9,6,17,3,0,0,20.184252,0
1,2017,9,6,18,0,0,0,15.927196,0
1,2017,9,6,18,1,0,0,12.240983,0
1,2017,9,6,18,2,0,0,13.752002,0
1,2017,9,6,18,3,0,0,17.907521,0
1,2017,9,6,19,0,0,0,13.652354,0
1,2017,9,6,19,1,0,0,13.741751,0
1,2017,9,6,19,2,0,0,15.497647,0
1,2017,9,6,19,3,0,0,5.437182,0
1,2017,9,6,20,0,0,0,10.993979,0
1,2017,9,6,20,1,0,0,10.199288,0
1,2017,9,6,20,2,0,0,3.83198,0
1,2017,9,6,20,3,0,0,6.411837,0
1,2017,9,6,21,0,0,0,10.515368,0
1,2017,9,6,21,1,0,0,6.732606,0
1,2017,9,6,21,2,0,0,8.101171,0
1,2017,9,6,21,3,0,0,6.975373,0
1,2017,9,6,22,0,0,0,7.085221,0
1,2017,9,6,22,1,0,0,8.259242,0
1,2017,9,6,22,2,0,0,14.961012,0
1,2017,9,6,22,3,0,0,20.600097,0
1,2017,9,6,23,0,0,0,17.965846,0
1,2017,9,6,23,1,0,0,19.407796,0
1,2017,9,6,23,2,0,0,13.617684,0
1,2017,9,6,23,3,0,0,11.584094,0
1,2017,9,7,0,0,0,0,18.781492,0
1,2017,9,7,0,1,0,0,13.406127,0
1,2017,9,7,0,2,0,0,11.923114,0
1,2017,9,7,0,3,0,0,4.425037,0
1,2017,9,7,1,0,0,0,3.165037,0
1,2017,9,7,1,1,0,0,3.165037,0
1,2017,9,7,1,2,0,0,4.609902,0
1,2017,9,7,1,3,0,0,6.777199,0
1,2017,9,7,2,0,0,0,6.777199,0
1,2017,9,7,2,1,0,0,9.138229,0
1,2017,9,7,2,2,0,0,6.692656,0
1,2017,9,7,2,3,0,0,10.445806,0
1,2017,9,7,3,0,0,0,13.881935,0
1,2017,9,7,3,1,0,0,15.660806,0
1,2017,9,7,3,2,0,0,13.691601,0
1,2017,9,7,3,3,0,0,3.165037,0
1,2017,9,7,4,0,0,0,4.886776,0
1,2017,9,7,4,1,0,0,5.843298,0
1,2017,9,7,4,2,0,0,3.165037,0
1,2017,9,7,4,3,0,0,3.165037,0
1,2017,9,7,5,0,0,0,3.165037,0
1,2017,9,7,5,1,0,0,3.873609,0
1,2017,9,7,5,2,0,0,12.376466,0
1,2017,9,7,5,3,0,0,3.165037,0
1,2017,9,7,6,0,0,0,3.165037,0
1,2017,9,7,6,1,0,0,4.845394,0
1,2017,9,7,6,2,0,0,9.256898,0
1,2017,9,7,6,3,0,0,8.43613,0
1,2017,9,7,7,0,0,0,5.30392,0
1,2017,9,7,7,1,0,0,6.585956,0
1,2017,9,7,7,2,0,0,12.09775,0
1,2017,9,7,7,3,0,0,13.952573,0
1,2017,9,7,8,0,0,0,7.910055,0
1,2017,9,7,8,1,0,0,3.359693,0
1,2017,9,7,8,2,0,0,-0.01909,0
1,2017,9,7,8,3,0,0,-0.054708,0
1,2017,9,7,9,0,0,0,8.036617,0
1,2017,9,7,9,1,0,0,21.016944,0
1,2017,9,7,9,2,0,0,12.016647,0
1,2017,9,7,9,3,0,0,9.902173,0
1,2017,9,7,10,0,0,0,17.42208,0
1,2017,9,7,10,1,0,0,21.642617,0
1,2017,9,7,10,2,0,0,23.160995,0
1,2017,9,7,10,3,0,0,22.08188,0
1,2017,9,7,11,0,0,0,15.550061,0
1,2017,9,7,11,1,0,0,14.329498,0
1,2017,9,7,11,2,0,0,12.203162,0
1,2017,9,7,11,3,0,0,11.90276,0
1,2017,9,7,12,0,0,0,18.813911,0
1,2017,9,7,12,1,0,0,18.400689,0
1,2017,9,7,12,2,0,0,14.766246,0
1,2017,9,7,12,3,0,0,15.137938,0
1,2017,9,7,13,0,0,0,14.797252,0
1,2017,9,7,13,1,0,0,10.433496,0
1,2017,9,7,13,2,0,0,19.810696,0
1,2017,9,7,13,3,0,0,21.701349,0
1,2017,9,7,14,0,0,0,27.397378,0
1,2017,9,7,14,1,0,0,18.512287,0
1,2017,9,7,14,2,0,0,14.417327,0
1,2017,9,7,14,3,0,0,13.821314,0
1,2017,9,7,15,0,0,0,7.058638,0
1,2017,9,7,15,1,0,0,13.281471,0
1,2017,9,7,15,2,0,0,6.750673,0
1,2017,9,7,15,3,0,0,8.39102,0
1,2017,9,7,16,0,0,0,10.088046,0
1,2017,9,7,16,1,0,0,20.918323,0
1,2017,9,7,16,2,0,0,18.444827,0
1,2017,9,7,16,3,0,0,19.983087,0
1,2017,9,7,17,0,0,0,10.143195,0
1,2017,9,7,17,1,0,0,5.621085,0
1,2017,9,7,17,2,0,0,21.420259,0
1,2017,9,7,17,3,0,0,31.523061,0
1,2017,9,7,18,0,0,0,16.337814,0
1,2017,9,7,18,1,0,0,3.678555,0
1,2017,9,7,18,2,0,0,3.678555,0
1,2017,9,7,18,3,0,0,11.837582,0
1,2017,9,7,19,0,0,0,24.397027,0
1,2017,9,7,19,1,0,0,8.120071,0
1,2017,9,7,19,2,0,0,7.745766,0
1,2017,9,7,19,3,0,0,13.022895,0
1,2017,9,7,20,0,0,0,13.135834,0
1,2017,9,7,20,1,0,0,11.744843,0
1,2017,9,7,20,2,0,0,17.799058,0
1,2017,9,7,20,3,0,0,12.327781,0
1,2017,9,7,21,0,0,0,13.878361,0
1,2017,9,7,21,1,0,0,17.290256,0
1,2017,9,7,21,2,0,0,21.525105,0
1,2017,9,7,21,3,0,0,13.795632,0
1,2017,9,7,22,0,0,0,12.416398,0
1,2017,9,7,22,1,0,0,13.496203,0
1,2017,9,7,22,2,0,0,10.894823,0
1,2017,9,7,22,3,0,0,11.398876,0
1,2017,9,7,23,0,0,0,18.070851,0
1,2017,9,7,23,1,0,0,11.980559,0
1,2017,9,7,23,2,0,0,5.174418,0
1,2017,9,7,23,3,0,0,4.807745,0
1,2017,9,8,0,0,0,0,7.420472,0
1,2017,9,8,0,1,0,0,7.420472,0
1,2017,9,8,0,2,0,0,11.967518,0
1,2017,9,8,0,3,0,0,18.218497,0
1,2017,9,8,1,0,0,0,19.803473,0
1,2017,9,8,1,1,0,0,27.726794,0
1,2017,9,8,1,2,0,0,18.325745,0
1,2017,9,8,1,3,0,0,15.032721,0
1,2017,9,8,2,0,0,0,10.182195,0
1,2017,9,8,2,1,0,0,4.154563,0
1,2017,9,8,2,2,0,0,4.154563,0
1,2017,9,8,2,3,0,0,4.154563,0
1,2017,9,8,3,0,0,0,6.918093,0
1,2017,9,8,3,1,0,0,8.760446,0
1,2017,9,8,3,2,0,0,7.622651,0
1,2017,9,8,3,3,0,0,19.674397,0
1,2017,9,8,4,0,0,0,8.83723,0
1,2017,9,8,4,1,0,0,12.770563,0
1,2017,9,8,4,2,0,0,13.939992,0
1,2017,9,8,4,3,0,0,14.433135,0
1,2017,9,8,5,0,0,0,7.496821,0
1,2017,9,8,5,1,0,0,8.011015,0
1,2017,9,8,5,2,0,0,4.925854,0
1,2017,9,8,5,3,0,0,4.154563,0
1,2017,9,8,6,0,0,0,4.154563,0
1,2017,9,8,6,1,0,0,4.154563,0
1,2017,9,8,6,2,0,0,4.154563,0
1,2017,9,8,6,3,0,0,4.493537,0
1,2017,9,8,7,0,0,0,8.059999,0
1,2017,9,8,7,1,0,0,9.897508,0
1,2017,9,8,7,2,0,0,18.32125,0
1,2017,9,8,7,3,0,0,10.096808,0
1,2017,9,8,8,0,0,0,7.134181,0
1,2017,9,8,8,1,0,0,7.788654,0
1,2017,9,8,8,2,0,0,12.996026,0
1,2017,9,8,8,3,0,0,10.584172,0
1,2017,9,8,9,0,0,0,9.386254,0
1,2017,9,8,9,1,0,0,18.371441,0
1,2017,9,8,9,2,0,0,11.826251,0
1,2017,9,8,9,3,0,0,17.078426,0
1,2017,9,8,10,0,0,0,21.030381,0
1,2017,9,8,10,1,0,0,20.800144,0
1,2017,9,8,10,2,0,0,17.40332,0
1,2017,9,8,10,3,0,0,17.797817,0
1,2017,9,8,11,0,0,0,16.608778,0
1,2017,9,8,11,1,0,0,20.274673,0
1,2017,9,8,11,2,0,0,29.667949,0
1,2017,9,8,11,3,0,0,12.116799,0
1,2017,9,8,12,0,0,0,7.432949,0
1,2017,9,8,12,1,0,0,9.946541,0
1,2017,9,8,12,2,0,0,17.635424,0
1,2017,9,8,12,3,0,0,22.495302,0
1,2017,9,8,13,0,0,0,18.054358,0
1,2017,9,8,13,1,0,0,19.192459,0
1,2017,9,8,13,2,0,0,17.299259,0
1,2017,9,8,13,3,0,0,22.811232,0
1,2017,9,8,14,0,0,0,17.7715,0
1,2017,9,8,14,1,0,0,25.88331,0
1,2017,9,8,14,2,0,0,21.933808,0
1,2017,9,8,14,3,0,0,20.255816,0
1,2017,9,8,15,0,0,0,24.422878,0
1,2017,9,8,15,1,0,0,20.849347,0
1,2017,9,8,15,2,0,0,18.765298,0
1,2017,9,8,15,3,0,0,28.288064,0
1,2017,9,8,16,0,0,0,33.550949,0
1,2017,9,8,16,1,0,0,19.304447,0
1,2017,9,8,16,2,0,0,15.19822,0
1,2017,9,8,16,3,0,0,11.538295,0
1,2017,9,8,17,0,0,0,10.27588,0
1,2017,9,8,17,1,0,0,12.280943,0
1,2017,9,8,17,2,0,0,4.691524,0
1,2017,9,8,17,3,0,0,12.548032,0
1,2017,9,8,18,0,0,0,7.353942,0
1,2017,9,8,18,1,0,0,4.443216,0
1,2017,9,8,18,2,0,0,8.364348,0
1,2017,9,8,18,3,0,0,12.175119,0
1,2017,9,8,19,0,0,0,8.847786,0
1,2017,9,8,19,1,0,0,10.573675,0
1,2017,9,8,19,2,0,0,8.007897,0
1,2017,9,8,19,3,0,0,6.318877,0
1,2017,9,8,20,0,0,0,15.408488,0
1,2017,9,8,20,1,0,0,13.626137,0
1,2017,9,8,20,2,0,0,9.731199,0
1,2017,9,8,20,3,0,0,10.970848,0
1,2017,9,8,21,0,0,0,19.491374,0
1,2017,9,8,21,1,0,0,12.286984,0
1,2017,9,8,21,2,0,0,24.571248,0
1,2017,9,8,21,3,0,0,29.540308,0
1,2017,9,8,22,0,0,0,19.999207,0
1,2017,9,8,22,1,0,0,17.150265,0
1,2017,9,8,22,2,0,0,17.867298,0
1,2017,9,8,22,3,0,0,2.364743,0
1,2017,9,8,23,0,0,0,8.404731,0
1,2017,9,8,23,1,0,0,12.760394,0
1,2017,9,8,23,2,0,0,8.84006,0
1,2017,9,8,23,3,0,0,12.139981,0
1,2017,9,9,0,0,0,0,17.624326,0
1,2017,9,9,0,1,0,0,18.022415,0
1,2017,9,9,0,2,0,0,12.834963,0
1,2017,9,9,0,3,0,0,5.058938,0
1,2017,9,9,1,0,0,0,5.650077,0
1,2017,9,9,1,1,0,0,16.974577,0
1,2017,9,9,1,2,0,0,14.891714,0
1,2017,9,9,1,3,0,0,18.48551,0
1,2017,9,9,2,0,0,0,14.158629,0
1,2017,9,9,2,1,0,0,8.824019,0
1,2017,9,9,2,2,0,0,9.592265,0
1,2017,9,9,2,3,0,0,9.019542,0
1,2017,9,9,3,0,0,0,15.874184,0
1,2017,9,9,3,1,0,0,12.460448,0
1,2017,9,9,3,2,0,0,11.293635,0
1,2017,9,9,3,3,0,0,10.321327,0
1,2017,9,9,4,0,0,0,15.227414,0
1,2017,9,9,4,1,0,0,12.95198,0
1,2017,9,9,4,2,0,0,2.679588,0
1,2017,9,9,4,3,0,0,9.247117,0
1,2017,9,9,5,0,0,0,9.247117,0
1,2017,9,9,5,1,0,0,5.809748,0
1,2017,9,9,5,2,0,0,1.881327,0
1,2017,9,9,5,3,0,0,1.881327,0
1,2017,9,9,6,0,0,0,8.331327,0
1,2017,9,9,6,1,0,0,1.881327,0
1,2017,9,9,6,2,0,0,4.293827,0
1,2017,9,9,6,3,0,0,11.245279,0
1,2017,9,9,7,0,0,0,10.155487,0
1,2017,9,9,7,1,0,0,19.151592,0
1,2017,9,9,7,2,0,0,3.936502,0
1,2017,9,9,7,3,0,0,4.483676,0
1,2017,9,9,8,0,0,0,6.106071,0
1,2017,9,9,8,1,0,0,3.760664,0
1,2017,9,9,8,2,0,0,7.386775,0
1,2017,9,9,8,3,0,0,3.079911,0
1,2017,9,9,9,0,0,0,8.193254,0
1,2017,9,9,9,1,0,0,13.094041,0
1,2017,9,9,9,2,0,0,12.004993,0
1,2017,9,9,9,3,0,0,4.496915,0
1,2017,9,9,10,0,0,0,3.474948,0
1,2017,9,9,10,1,0,0,10.147896,0
1,2017,9,9,10,2,0,0,10.660348,0
1,2017,9,9,10,3,0,0,2.580459,0
1,2017,9,9,11,0,0,0,6.294343,0
1,2017,9,9,11,1,0,0,4.573146,0
1,2017,9,9,11,2,0,0,6.170967,0
1,2017,9,9,11,3,0,0,2.399068,0
1,2017,9,9,12,0,0,0,12.262679,0
1,2017,9,9,12,1,0,0,10.492234,0
1,2017,9,9,12,2,0,0,6.275422,0
1,2017,9,9,12,3,0,0,7.866799,0
1,2017,9,9,13,0,0,0,16.112041,0
1,2017,9,9,13,1,0,0,20.212406,0
1,2017,9,9,13,2,0,0,25.022324,0
1,2017,9,9,13,3,0,0,28.104605,0
1,2017,9,9,14,0,0,0,19.718529,0
1,2017,9,9,14,1,0,0,16.910387,0
1,2017,9,9,14,2,0,0,24.82239,0
1,2017,9,9,14,3,0,0,24.583017,0
1,2017,9,9,15,0,0,0,18.970858,0
1,2017,9,9,15,1,0,0,21.535143,0
1,2017,9,9,15,2,0,0,17.542945,0
1,2017,9,9,15,3,0,0,22.737464,0
1,2017,9,9,16,0,0,0,30.581692,0
1,2017,9,9,16,1,0,0,27.18235,0
1,2017,9,9,16,2,0,0,13.824662,0
1,2017,9,9,16,3,0,0,25.247766,0
1,2017,9,9,17,0,0,0,18.465974,0
1,2017,9,9,17,1,0,0,7.830277,0
1,2017,9,9,17,2,0,0,18.840059,0
1,2017,9,9,17,3,0,0,21.240788,0
1,2017,9,9,18,0,0,0,16.521584,0
1,2017,9,9,18,1,0,0,13.668643,0
1,2017,9,9,18,2,0,0,6.296903,0
1,2017,9,9,18,3,0,0,8.325007,0
1,2017,9,9,19,0,0,0,13.165409,0
1,2017,9,9,19,1,0,0,20.513475,0
1,2017,9,9,19,2,0,0,4.129883,0
1,2017,9,9,19,3,0,0,21.724264,0
1,2017,9,9,20,0,0,0,25.496311,0
1,2017,9,9,20,1,0,0,14.991573,0
1,2017,9,9,20,2,0,0,17.235476,0
1,2017,9,9,20,3,0,0,31.197841,0
1,2017,9,9,21,0,0,0,25.175516,0
1,2017,9,9,21,1,0,0,19.177266,0
1,2017,9,9,21,2,0,0,19.331149,0
1,2017,9,9,21,3,0,0,11.848523,0
1,2017,9,9,22,0,0,0,10.070747,0
1,2017,9,9,22,1,0,0,7.61939,0
1,2017,9,9,22,2,0,0,12.144622,0
1,2017,9,9,22,3,0,0,15.93637,0
1,2017,9,9,23,0,0,0,23.178923,0
1,2017,9,9,23,1,0,0,20.210357,0
1,2017,9,9,23,2,0,0,16.68746,0
1,2017,9,9,23,3,0,0,19.077721,0
1,2017,9,10,0,0,0,0,11.961844,0
1,2017,9,10,0,1,0,0,4.795244,0
1,2017,9,10,0,2,0,0,12.589017,0
1,2017,9,10,0,3,0,0,10.354702,0
1,2017,9,10,1,0,0,0,23.223018,0
1,2017,9,10,1,1,0,0,31.476874,0
1,2017,9,10,1,2,0,0,28.356862,0
1,2017,9,10,1,3,0,0,25.395864,0
1,2017,9,10,2,0,0,0,11.241655,0
1,2017,9,10,2,1,0,0,17.009481,0
1,2017,9,10,2,2,0,0,16.618829,0
1,2017,9,10,2,3,0,0,24.093112,0
1,2017,9,10,3,0,0,0,19.921198,0
1,2017,9,10,3,1,0,0,10.435655,0
1,2017,9,10,3,2,0,0,1.751655,0
1,2017,9,10,3,3,0,0,1.751655,0
1,2017,9,10,4,0,0,0,8.864791,0
1,2017,9,10,4,1,0,0,15.803064,0
1,2017,9,10,4,2,0,0,18.351554,0
1,2017,9,10,4,3,0,0,18.760127,0
1,2017,9,10,5,0,0,0,9.513338,0
1,2017,9,10,5,1,0,0,14.030321,0
1,2017,9,10,5,2,0,0,12.526988,0
1,2017,9,10,5,3,0,0,7.833055,0
1,2017,9,10,6,0,0,0,5.269655,0
1,2017,9,10,6,1,0,0,10.546655,0
1,2017,9,10,6,2,0,0,12.386028,0
1,2017,9,10,6,3,0,0,17.122574,0
1,2017,9,10,7,0,0,0,12.563368,0
1,2017,9,10,7,1,0,0,6.550147,0
1,2017,9,10,7,2,0,0,8.524436,0
1,2017,9,10,7,3,0,0,2.117322,0
1,2017,9,10,8,0,0,0,2.123,0
1,2017,9,10,8,1,0,0,8.555,0
1,2017,9,10,8,2,0,0,8.72395,0
1,2017,9,10,8,3,0,0,13.768258,0
1,2017,9,10,9,0,0,0,7.070895,0
1,2017,9,10,9,1,0,0,2.555345,0
1,2017,9,10,9,2,0,0,16.50875,0
1,2017,9,10,9,3,0,0,13.613702,0
1,2017,9,10,10,0,0,0,11.647429,0
1,2017,9,10,10,1,0,0,9.244961,0
1,2017,9,10,10,2,0,0,6.378136,0
1,2017,9,10,10,3,0,0,14.164339,0
1,2017,9,10,11,0,0,0,6.748864,0
1,2017,9,10,11,1,0,0,6.200587,0
1,2017,9,10,11,2,0,0,11.573863,0
1,2017,9,10,11,3,0,0,22.241796,0
1,2017,9,10,12,0,0,0,20.920974,0
1,2017,9,10,12,1,0,0,24.284347,0
1,2017,9,10,12,2,0,0,15.728253,0
1,2017,9,10,12,3,0,0,14.841549,0
1,2017,9,10,13,0,0,0,13.388621,0
1,2017,9,10,13,1,0,0,22.120342,0
1,2017,9,10,13,2,0,0,25.436916,0
1,2017,9,10,13,3,0,0,25.384418,0
1,2017,9,10,14,0,0,0,9.596227,0
1,2017,9,10,14,1,0,0,12.748633,0
1,2017,9,10,14,2,0,0,13.207193,0
1,2017,9,10,14,3,0,0,16.92715,0
1,2017,9,10,15,0,0,0,20.899798,0
1,2017,9,10,15,1,0,0,17.115061,0
1,2017,9,10,15,2,0,0,12.316026,0
1,2017,9,10,15,3,0,0,12.297694,0
1,2017,9,10,16,0,0,0,19.726087,0
1,2017,9,10,16,1,0,0,25.758673,0
1,2017,9,10,16,2,0,0,22.914404,0
1,2017,9,10,16,3,0,0,25.601317,0
1,2017,9,10,17,0,0,0,25.542855,0
1,2017,9,10,17,1,0,0,32.244417,0
1,2017,9,10,17,2,0,0,11.470096,0
1,2017,9,10,17,3,0,0,14.289132,0
1,2017,9,10,18,0,0,0,13.661744,0
1,2017,9,10,18,1,0,0,24.391118,0
1,2017,9,10,18,2,0,0,24.321638,0
1,2017,9,10,18,3,0,0,11.376975,0
1,2017,9,10,19,0,0,0,8.942072,0
1,2017,9,10,19,1,0,0,10.611507,0
1,2017,9,10,19,2,0,0,8.857137,0
1,2017,9,10,19,3,0,0,15.272559,0
1,2017,9,10,20,0,0,0,15.692241,0
1,2017,9,10,20,1,0,0,11.290657,0
1,2017,9,10,20,2,0,0,8.093234,0
1,2017,9,10,20,3,0,0,12.407373,0
1,2017,9,10,21,0,0,0,8.45274,0
1,2017,9,10,21,1,0,0,15.595595,0
1,2017,9,10,21,2,0,0,13.426436,0
1,2017,9,10,21,3,0,0,19.788537,0
1,2017,9,10,22,0,0,0,22.610218,0
1,2017,9,10,22,1,0,0,23.521521,0
1,2017,9,10,22,2,0,0,20.019481,0
1,2017,9,10,22,3,0,0,12.352332,0
1,2017,9,10,23,0,0,0,14.939047,0
1,2017,9,10,23,1,0,0,14.662136,0
1,2017,9,10,23,2,0,0,17.583073,0
1,2017,9,10,23,3,0,0,19.788141,0
1,2017,9,11,0,0,0,0,15.789533,0
1,2017,9,11,0,1,0,0,17.320866,0
1,2017,9,11,0,2,0,0,12.418554,0
1,2017,9,11,0,3,0,0,7.928054,0
1,2017,9,11,1,0,0,0,13.15495,0
1,2017,9,11,1,1,0,0,13.309973,0
1,2017,9,11,1,2,0,0,11.950975,0
1,2017,9,11,1,3,0,0,12.13315,0
1,2017,9,11,2,0,0,0,7.230804,0
1,2017,9,11,2,1,0,0,9.414304,0
1,2017,9,11,2,2,0,0,9.092804,0
1,2017,9,11,2,3,0,0,4.591804,0
1,2017,9,11,3,0,0,0,3.84847,0
1,2017,9,11,3,1,0,0,1.804304,0
1,2017,9,11,3,2,0,0,1.804304,0
1,2017,9,11,3,3,0,0,1.804304,0
1,2017,9,11,4,0,0,0,5.504304,0
1,2017,9,11,4,1,0,0,7.354304,0
1,2017,9,11,4,2,0,0,2.544304,0
1,2017,9,11,4,3,0,0,1.804304,0
1,2017,9,11,5,0,0,0,1.804304,0
1,2017,9,11,5,1,0,0,1.804304,0
1,2017,9,11,5,2,0,0,2.997245,0
1,2017,9,11,5,3,0,0,6.277833,0
1,2017,9,11,6,0,0,0,6.277833,0
1,2017,9,11,6,1,0,0,6.277833,0
1,2017,9,11,6,2,0,0,2.400774,0
1,2017,9,11,6,3,0,0,6.260929,0
1,2017,9,11,7,0,0,0,11.767151,0
1,2017,9,11,7,1,0,0,9.951565,0
1,2017,9,11,7,2,0,0,2.598281,0
1,2017,9,11,7,3,0,0,5.873661,0
1,2017,9,11,8,0,0,0,3.054347,0
1,2017,9,11,8,1,0,0,3.26562,0
1,2017,9,11,8,2,0,0,3.38781,0
1,2017,9,11,8,3,0,0,5.832977,0
1,2017,9,11,9,0,0,0,13.984434,0
1,2017,9,11,9,1,0,0,22.194238,0
1,2017,9,11,9,2,0,0,23.974898,0
1,2017,9,11,9,3,0,0,17.344088,0
1,2017,9,11,10,0,0,0,18.758028,0
1,2017,9,11,10,1,0,0,15.541765,0
1,2017,9,11,10,2,0,0,12.281382,0
1,2017,9,11,10,3,0,0,21.709178,0
1,2017,9,11,11,0,0,0,21.125462,0
1,2017,9,11,11,1,0,0,17.194717,0
1,2017,9,11,11,2,0,0,22.636612,0
1,2017,9,11,11,3,0,0,24.993571,0
1,2017,9,11,12,0,0,0,17.389059,0
1,2017,9,11,12,1,0,0,21.90141,0
1,2017,9,11,12,2,0,0,32.203316,0
1,2017,9,11,12,3,0,0,43.435892,0
1,2017,9,11,13,0,0,0,42.463497,0
1,2017,9,11,13,1,0,0,30.040698,0
1,2017,9,11,13,2,0,0,24.459978,0
1,2017,9,11,13,3,0,0,17.951155,0
1,2017,9,11,14,0,0,0,13.936866,0
1,2017,9,11,14,1,0,0,17.079035,0
1,2017,9,11,14,2,0,0,19.12025,0
1,2017,9,11,14,3,0,0,23.368286,0
1,2017,9,11,15,0,0,0,21.256294,0
1,2017,9,11,15,1,0,0,32.321445,0
1,2017,9,11,15,2,0,0,32.979013,0
1,2017,9,11,15,3,0,0,25.47982,0
1,2017,9,11,16,0,0,0,25.401562,0
1,2017,9,11,16,1,0,0,25.057117,0
1,2017,9,11,16,2,0,0,26.25123,0
1,2017,9,11,16,3,0,0,17.752343,0
1,2017,9,11,17,0,0,0,7.976114,0
1,2017,9,11,17,1,0,0,10.46244,0
1,2017,9,11,17,2,0,0,9.914002,0
1,2017,9,11,17,3,0,0,11.348828,0
1,2017,9,11,18,0,0,0,23.76017,0
1,2017,9,11,18,1,0,0,27.831055,0
1,2017,9,11,18,2,0,0,19.033621,0
1,2017,9,11,18,3,0,0,14.000047,0
1,2017,9,11,19,0,0,0,14.413031,0
1,2017,9,11,19,1,0,0,16.819536,0
1,2017,9,11,19,2,0,0,9.79748,0
1,2017,9,11,19,3,0,0,5.703985,0
1,2017,9,11,20,0,0,0,9.826042,0
1,2017,9,11,20,1,0,0,15.963195,0
1,2017,9,11,20,2,0,0,13.305181,0
1,2017,9,11,20,3,0,0,8.790558,0
1,2017,9,11,21,0,0,0,8.385188,0
1,2017,9,11,21,1,0,0,18.810539,0
1,2017,9,11,21,2,0,0,15.137776,0
1,2017,9,11,21,3,0,0,8.980636,0
1,2017,9,11,22,0,0,0,11.941218,0
1,2017,9,11,22,1,0,0,6.032614,0
1,2017,9,11,22,2,0,0,21.004029,0
1,2017,9,11,22,3,0,0,17.349718,0
1,2017,9,11,23,0,0,0,13.045125,0
1,2017,9,11,23,1,0,0,11.135696,0
1,2017,9,11,23,2,0,0,13.582336,0
1,2017,9,11,23,3,0,0,3.923781,0
1,2017,9,12,0,0,0,0,2.521781,0
1,2017,9,12,0,1,0,0,2.521781,0
1,2017,9,12,0,2,0,0,2.521781,0
1,2017,9,12,0,3,0,0,2.610196,0
1,2017,9,12,1,0,0,0,2.853338,0
1,2017,9,12,1,1,0,0,2.853338,0
1,2017,9,12,1,2,0,0,2.853338,0
1,2017,9,12,1,3,0,0,2.853338,0
1,2017,9,12,2,0,0,0,2.853338,0
1,2017,9,12,2,1,0,0,2.853338,0
1,2017,9,12,2,2,0,0,2.853338,0
1,2017,9,12,2,3,0,0,2.853338,0
1,2017,9,12,3,0,0,0,2.853338,0
1,2017,9,12,3,1,0,0,2.853338,0
1,2017,9,12,3,2,0,0,2.853338,0
1,2017,9,12,3,3,0,0,2.853338,0
1,2017,9,12,4,0,0,0,4.107184,0
1,2017,9,12,4,1,0,0,4.734107,0
1,2017,9,12,4,2,0,0,2.978723,0
1,2017,9,12,4,3,0,0,2.853338,0
1,2017,9,12,5,0,0,0,2.853338,0
1,2017,9,12,5,1,0,0,2.853338,0
1,2017,9,12,5,2,0,0,2.853338,0
1,2017,9,12,5,3,0,0,2.853338,0
1,2017,9,12,6,0,0,0,5.539588,0
1,2017,9,12,6,1,0,0,5.731463,0
1,2017,9,12,6,2,0,0,6.85832,0
1,2017,9,12,6,3,0,0,5.718812,0
1,2017,9,12,7,0,0,0,8.89994,0
1,2017,9,12,7,1,0,0,9.714505,0
1,2017,9,12,7,2,0,0,2.161656,0
1,2017,9,12,7,3,0,0,5.673796,0
1,2017,9,12,8,0,0,0,7.658113,0
1,2017,9,12,8,1,0,0,4.623024,0
1,2017,9,12,8,2,0,0,2.613275,0
1,2017,9,12,8,3,0,0,3.658116,0
1,2017,9,12,9,0,0,0,8.974061,0
1,2017,9,12,9,1,0,0,12.760307,0
1,2017,9,12,9,2,0,0,22.243265,0
1,2017,9,12,9,3,0,0,21.302168,0
1,2017,9,12,10,0,0,0,17.665198,0
1,2017,9,12,10,1,0,0,15.208909,0
1,2017,9,12,10,2,0,0,15.632562,0
1,2017,9,12,10,3,0,0,17.389,0
1,2017,9,12,11,0,0,0,18.998459,0
1,2017,9,12,11,1,0,0,16.006932,0
1,2017,9,12,11,2,0,0,22.22932,0
1,2017,9,12,11,3,0,0,20.91937,0
1,2017,9,12,12,0,0,0,13.641417,0
1,2017,9,12,12,1,0,0,19.260304,0
1,2017,9,12,12,2,0,0,15.30579,0
1,2017,9,12,12,3,0,0,14.374519,0
1,2017,9,12,13,0,0,0,14.468625,0
1,2017,9,12,13,1,0,0,15.713082,0
1,2017,9,12,13,2,0,0,16.081157,0
1,2017,9,12,13,3,0,0,9.221522,0
1,2017,9,12,14,0,0,0,17.959934,0
1,2017,9,12,14,1,0,0,26.429779,0
1,2017,9,12,14,2,0,0,26.710214,0
1,2017,9,12,14,3,0,0,18.172061,0
1,2017,9,12,15,0,0,0,16.031838,0
1,2017,9,12,15,1,0,0,12.37204,0
1,2017,9,12,15,2,0,0,15.857551,0
1,2017,9,12,15,3,0,0,19.657158,0
1,2017,9,12,16,0,0,0,15.712389,0
1,2017,9,12,16,1,0,0,15.017636,0
1,2017,9,12,16,2,0,0,16.075492,0
1,2017,9,12,16,3,0,0,8.428151,0
1,2017,9,12,17,0,0,0,7.283848,0
1,2017,9,12,17,1,0,0,5.457026,0
1,2017,9,12,17,2,0,0,5.566021,0
1,2017,9,12,17,3,0,0,15.195327,0
1,2017,9,12,18,0,0,0,15.803271,0
1,2017,9,12,18,1,0,0,22.147219,0
1,2017,9,12,18,2,0,0,20.771926,0
1,2017,9,12,18,3,0,0,25.375658,0
1,2017,9,12,19,0,0,0,26.598246,0
1,2017,9,12,19,1,0,0,10.480152,0
1,2017,9,12,19,2,0,0,15.690791,0
1,2017,9,12,19,3,0,0,11.92874,0
1,2017,9,12,20,0,0,0,15.117192,0
1,2017,9,12,20,1,0,0,13.72417,0
1,2017,9,12,20,2,0,0,5.96362,0
1,2017,9,12,20,3,0,0,14.252866,0
1,2017,9,12,21,0,0,0,19.757449,0
1,2017,9,12,21,1,0,0,17.27078,0
1,2017,9,12,21,2,0,0,10.460835,0
1,2017,9,12,21,3,0,0,10.565681,0
1,2017,9,12,22,0,0,0,9.295876,0
1,2017,9,12,22,1,0,0,11.393185,0
1,2017,9,12,22,2,0,0,4.372495,0
1,2017,9,12,22,3,0,0,4.372495,0
1,2017,9,12,23,0,0,0,8.557058,0
1,2017,9,12,23,1,0,0,5.407063,0
1,2017,9,12,23,2,0,0,7.981643,0
1,2017,9,12,23,3,0,0,10.226286,0
1,2017,9,13,0,0,0,0,4.839143,0
1,2017,9,13,0,1,0,0,3.492358,0
1,2017,9,13,0,2,0,0,3.492358,0
1,2017,9,13,0,3,0,0,16.311903,0
1,2017,9,13,1,0,0,0,9.915085,0
1,2017,9,13,1,1,0,0,5.205085,0
1,2017,9,13,1,2,0,0,5.319858,0
1,2017,9,13,1,3,0,0,11.502858,0
1,2017,9,13,2,0,0,0,11.482691,0
1,2017,9,13,2,1,0,0,6.164024,0
1,2017,9,13,2,2,0,0,3.492358,0
1,2017,9,13,2,3,0,0,3.943936,0
1,2017,9,13,3,0,0,0,10.266042,0
1,2017,9,13,3,1,0,0,10.266042,0
1,2017,9,13,3,2,0,0,6.65341,0
1,2017,9,13,3,3,0,0,3.492358,0
1,2017,9,13,4,0,0,0,5.902792,0
1,2017,9,13,4,1,0,0,12.531488,0
1,2017,9,13,4,2,0,0,5.902792,0
1,2017,9,13,4,3,0,0,3.492358,0
1,2017,9,13,5,0,0,0,10.590819,0
1,2017,9,13,5,1,0,0,10.869778,0
1,2017,9,13,5,2,0,0,10.762946,0
1,2017,9,13,5,3,0,0,5.915887,0
1,2017,9,13,6,0,0,0,3.492358,0
1,2017,9,13,6,1,0,0,3.492358,0
1,2017,9,13,6,2,0,0,3.492358,0
1,2017,9,13,6,3,0,0,14.151409,0
1,2017,9,13,7,0,0,0,8.663331,0
1,2017,9,13,7,1,0,0,5.355065,0
1,2017,9,13,7,2,0,0,6.838386,0
1,2017,9,13,7,3,0,0,10.014998,0
1,2017,9,13,8,0,0,0,11.312397,0
1,2017,9,13,8,1,0,0,11.587662,0
1,2017,9,13,8,2,0,0,7.359094,0
1,2017,9,13,8,3,0,0,4.113739,0
1,2017,9,13,9,0,0,0,10.879363,0
1,2017,9,13,9,1,0,0,9.521118,0
1,2017,9,13,9,2,0,0,18.051822,0
1,2017,9,13,9,3,0,0,17.593924,0
1,2017,9,13,10,0,0,0,15.857648,0
1,2017,9,13,10,1,0,0,21.355849,0
1,2017,9,13,10,2,0,0,14.973627,0
1,2017,9,13,10,3,0,0,13.569477,0
1,2017,9,13,11,0,0,0,16.99332,0
1,2017,9,13,11,1,0,0,20.684797,0
1,2017,9,13,11,2,0,0,17.787326,0
1,2017,9,13,11,3,0,0,21.149843,0
1,2017,9,13,12,0,0,0,15.709004,0
1,2017,9,13,12,1,0,0,14.824553,0
1,2017,9,13,12,2,0,0,23.35019,0
1,2017,9,13,12,3,0,0,23.638876,0
1,2017,9,13,13,0,0,0,29.199627,0
1,2017,9,13,13,1,0,0,31.417892,0
1,2017,9,13,13,2,0,0,36.704407,0
1,2017,9,13,13,3,0,0,35.691104,0
1,2017,9,13,14,0,0,0,40.915856,0
1,2017,9,13,14,1,0,0,33.844846,0
1,2017,9,13,14,2,0,0,21.798403,0
1,2017,9,13,14,3,0,0,28.261051,0
1,2017,9,13,15,0,0,0,24.764695,0
1,2017,9,13,15,1,0,0,17.924236,0
1,2017,9,13,15,2,0,0,24.035194,0
1,2017,9,13,15,3,0,0,22.128558,0
1,2017,9,13,16,0,0,0,24.832309,0
1,2017,9,13,16,1,0,0,22.901508,0
1,2017,9,13,16,2,0,0,18.417294,0
1,2017,9,13,16,3,0,0,13.317826,0
1,2017,9,13,17,0,0,0,13.467922,0
1,2017,9,13,17,1,0,0,13.7329,0
1,2017,9,13,17,2,0,0,19.801875,0
1,2017,9,13,17,3,0,0,18.474218,0
1,2017,9,13,18,0,0,0,23.044246,0
1,2017,9,13,18,1,0,0,26.417592,0
1,2017,9,13,18,2,0,0,32.138124,0
1,2017,9,13,18,3,0,0,20.224532,0
1,2017,9,13,19,0,0,0,14.702194,0
1,2017,9,13,19,1,0,0,10.632709,0
1,2017,9,13,19,2,0,0,26.333311,0
1,2017,9,13,19,3,0,0,13.944628,0
1,2017,9,13,20,0,0,0,11.458664,0
1,2017,9,13,20,1,0,0,5.841752,0
1,2017,9,13,20,2,0,0,8.585875,0
1,2017,9,13,20,3,0,0,10.150503,0
1,2017,9,13,21,0,0,0,16.98103,0
1,2017,9,13,21,1,0,0,12.536251,0
1,2017,9,13,21,2,0,0,13.845187,0
1,2017,9,13,21,3,0,0,10.242716,0
1,2017,9,13,22,0,0,0,8.091812,0
1,2017,9,13,22,1,0,0,10.144971,0
1,2017,9,13,22,2,0,0,13.366381,0
1,2017,9,13,22,3,0,0,10.852134,0
1,2017,9,13,23,0,0,0,16.545229,0
1,2017,9,13,23,1,0,0,11.000019,0
1,2017,9,13,23,2,0,0,9.594487,0
1,2017,9,13,23,3,0,0,7.858801,0
1,2017,9,14,0,0,0,0,7.858801,0
1,2017,9,14,0,1,0,0,7.858801,0
1,2017,9,14,0,2,0,0,4.685467,0
1,2017,9,14,0,3,0,0,3.098801,0
1,2017,9,14,1,0,0,0,3.098801,0
1,2017,9,14,1,1,0,0,3.098801,0
1,2017,9,14,1,2,0,0,3.098801,0
1,2017,9,14,1,3,0,0,3.098801,0
1,2017,9,14,2,0,0,0,3.098801,0
1,2017,9,14,2,1,0,0,3.098801,0
1,2017,9,14,2,2,0,0,3.098801,0
1,2017,9,14,2,3,0,0,3.626493,0
1,2017,9,14,3,0,0,0,6.001108,0
1,2017,9,14,3,1,0,0,3.098801,0
1,2017,9,14,3,2,0,0,3.098801,0
1,2017,9,14,3,3,0,0,3.098801,0
1,2017,9,14,4,0,0,0,3.098801,0
1,2017,9,14,4,1,0,0,3.098801,0
1,2017,9,14,4,2,0,0,3.098801,0
1,2017,9,14,4,3,0,0,7.986543,0
1,2017,9,14,5,0,0,0,13.506317,0
1,2017,9,14,5,1,0,0,9.003543,0
1,2017,9,14,5,2,0,0,3.098801,0
1,2017,9,14,5,3,0,0,5.989801,0
1,2017,9,14,6,0,0,0,4.797801,0
1,2017,9,14,6,1,0,0,9.192801,0
1,2017,9,14,6,2,0,0,9.853801,0
1,2017,9,14,6,3,0,0,7.140601,0
1,2017,9,14,7,0,0,0,6.114372,0
1,2017,9,14,7,1,0,0,5.643706,0
1,2017,9,14,7,2,0,0,5.858017,0
1,2017,9,14,7,3,0,0,3.168491,0
1,2017,9,14,8,0,0,0,8.471054,0
1,2017,9,14,8,1,0,0,5.86195,0
1,2017,9,14,8,2,0,0,12.229638,0
1,2017,9,14,8,3,0,0,9.164965,0
1,2017,9,14,9,0,0,0,9.902097,0
1,2017,9,14,9,1,0,0,17.262672,0
1,2017,9,14,9,2,0,0,17.397141,0
1,2017,9,14,9,3,0,0,17.541243,0
1,2017,9,14,10,0,0,0,16.587285,0
1,2017,9,14,10,1,0,0,15.581401,0
1,2017,9,14,10,2,0,0,15.685811,0
1,2017,9,14,10,3,0,0,16.182018,0
1,2017,9,14,11,0,0,0,9.281887,0
1,2017,9,14,11,1,0,0,12.340825,0
1,2017,9,14,11,2,0,0,17.760051,0
1,2017,9,14,11,3,0,0,20.260699,0
1,2017,9,14,12,0,0,0,18.813033,0
1,2017,9,14,12,1,0,0,22.448083,0
1,2017,9,14,12,2,0,0,26.48194,0
1,2017,9,14,12,3,0,0,28.858874,0
1,2017,9,14,13,0,0,0,19.469256,0
1,2017,9,14,13,1,0,0,23.410351,0
1,2017,9,14,13,2,0,0,30.510893,0
1,2017,9,14,13,3,0,0,25.228682,0
1,2017,9,14,14,0,0,0,19.179351,0
1,2017,9,14,14,1,0,0,11.87552,0
1,2017,9,14,14,2,0,0,10.021462,0
1,2017,9,14,14,3,0,0,10.376579,0
1,2017,9,14,15,0,0,0,14.863655,0
1,2017,9,14,15,1,0,0,10.612492,0
1,2017,9,14,15,2,0,0,7.911207,0
1,2017,9,14,15,3,0,0,10.453469,0
1,2017,9,14,16,0,0,0,15.812426,0
1,2017,9,14,16,1,0,0,14.439552,0
1,2017,9,14,16,2,0,0,16.289321,0
1,2017,9,14,16,3,0,0,20.706128,0
1,2017,9,14,17,0,0,0,14.410924,0
1,2017,9,14,17,1,0,0,15.669665,0
1,2017,9,14,17,2,0,0,11.258477,0
1,2017,9,14,17,3,0,0,13.924345,0
1,2017,9,14,18,0,0,0,18.007315,0
1,2017,9,14,18,1,0,0,11.145156,0
1,2017,9,14,18,2,0,0,7.130811,0
1,2017,9,14,18,3,0,0,12.027792,0
1,2017,9,14,19,0,0,0,21.919623,0
1,2017,9,14,19,1,0,0,8.047501,0
1,2017,9,14,19,2,0,0,7.483372,0
1,2017,9,14,19,3,0,0,10.843205,0
1,2017,9,14,20,0,0,0,14.466156,0
1,2017,9,14,20,1,0,0,19.178883,0
1,2017,9,14,20,2,0,0,16.233429,0
1,2017,9,14,20,3,0,0,12.595633,0
1,2017,9,14,21,0,0,0,8.867381,0
1,2017,9,14,21,1,0,0,12.501958,0
1,2017,9,14,21,2,0,0,8.682465,0
1,2017,9,14,21,3,0,0,3.787395,0
1,2017,9,14,22,0,0,0,3.640902,0
1,2017,9,14,22,1,0,0,8.192274,0
1,2017,9,14,22,2,0,0,13.257697,0
1,2017,9,14,22,3,0,0,14.707419,0
1,2017,9,14,23,0,0,0,11.982719,0
1,2017,9,14,23,1,0,0,14.152741,0
1,2017,9,14,23,2,0,0,5.464188,0
1,2017,9,14,23,3,0,0,5.190643,0
1,2017,9,15,0,0,0,0,4.719734,0
1,2017,9,15,0,1,0,0,6.931623,0
1,2017,9,15,0,2,0,0,12.03008,0
1,2017,9,15,0,3,0,0,12.696352,0
1,2017,9,15,1,0,0,0,12.902698,0
1,2017,9,15,1,1,0,0,10.465188,0
1,2017,9,15,1,2,0,0,5.605188,0
1,2017,9,15,1,3,0,0,2.365188,0
1,2017,9,15,2,0,0,0,12.445188,0
1,2017,9,15,2,1,0,0,2.365188,0
1,2017,9,15,2,2,0,0,3.304419,0
1,2017,9,15,2,3,0,0,7.061342,0
1,2017,9,15,3,0,0,0,4.869804,0
1,2017,9,15,3,1,0,0,4.070786,0
1,2017,9,15,3,2,0,0,14.8951,0
1,2017,9,15,3,3,0,0,14.8951,0
1,2017,9,15,4,0,0,0,10.108613,0
1,2017,9,15,4,1,0,0,4.766342,0
1,2017,9,15,4,2,0,0,2.365188,0
1,2017,9,15,4,3,0,0,2.365188,0
1,2017,9,15,5,0,0,0,2.365188,0
1,2017,9,15,5,1,0,0,2.365188,0
1,2017,9,15,5,2,0,0,2.365188,0
1,2017,9,15,5,3,0,0,3.574188,0
1,2017,9,15,6,0,0,0,8.410188,0
1,2017,9,15,6,1,0,0,3.171188,0
1,2017,9,15,6,2,0,0,2.365188,0
1,2017,9,15,6,3,0,0,2.365188,0
1,2017,9,15,7,0,0,0,5.173853,0
1,2017,9,15,7,1,0,0,4.86141,0
1,2017,9,15,7,2,0,0,2.923523,0
1,2017,9,15,7,3,0,0,6.635246,0
1,2017,9,15,8,0,0,0,15.901473,0
1,2017,9,15,8,1,0,0,17.124669,0
1,2017,9,15,8,2,0,0,22.897242,0
1,2017,9,15,8,3,0,0,22.164151,0
1,2017,9,15,9,0,0,0,12.878973,0
1,2017,9,15,9,1,0,0,16.814725,0
1,2017,9,15,9,2,0,0,15.155198,0
1,2017,9,15,9,3,0,0,14.719824,0
1,2017,9,15,10,0,0,0,16.937801,0
1,2017,9,15,10,1,0,0,12.639859,0
1,2017,9,15,10,2,0,0,12.786246,0
1,2017,9,15,10,3,0,0,12.719693,0
1,2017,9,15,11,0,0,0,22.973367,0
1,2017,9,15,11,1,0,0,19.01526,0
1,2017,9,15,11,2,0,0,20.226989,0
1,2017,9,15,11,3,0,0,16.954742,0
1,2017,9,15,12,0,0,0,12.022239,0
1,2017,9,15,12,1,0,0,22.59988,0
1,2017,9,15,12,2,0,0,11.977465,0
1,2017,9,15,12,3,0,0,13.697462,0
1,2017,9,15,13,0,0,0,18.577789,0
1,2017,9,15,13,1,0,0,30.396408,0
1,2017,9,15,13,2,0,0,28.361417,0
1,2017,9,15,13,3,0,0,29.533044,0
1,2017,9,15,14,0,0,0,21.598874,0
1,2017,9,15,14,1,0,0,19.001106,0
1,2017,9,15,14,2,0,0,18.879501,0
1,2017,9,15,14,3,0,0,21.9682,0
1,2017,9,15,15,0,0,0,21.489131,0
1,2017,9,15,15,1,0,0,12.889075,0
1,2017,9,15,15,2,0,0,17.925507,0
1,2017,9,15,15,3,0,0,18.11486,0
1,2017,9,15,16,0,0,0,14.655791,0
1,2017,9,15,16,1,0,0,20.098253,0
1,2017,9,15,16,2,0,0,22.528264,0
1,2017,9,15,16,3,0,0,13.50517,0
1,2017,9,15,17,0,0,0,13.743115,0
1,2017,9,15,17,1,0,0,15.00872,0
1,2017,9,15,17,2,0,0,17.024484,0
1,2017,9,15,17,3,0,0,19.175041,0
1,2017,9,15,18,0,0,0,15.421205,0
1,2017,9,15,18,1,0,0,11.521374,0
1,2017,9,15,18,2,0,0,12.253774,0
1,2017,9,15,18,3,0,0,15.617617,0
1,2017,9,15,19,0,0,0,14.551783,0
1,2017,9,15,19,1,0,0,9.773008,0
1,2017,9,15,19,2,0,0,4.878008,0
1,2017,9,15,19,3,0,0,9.254903,0
1,2017,9,15,20,0,0,0,20.269743,0
1,2017,9,15,20,1,0,0,18.31713,0
1,2017,9,15,20,2,0,0,22.15869,0
1,2017,9,15,20,3,0,0,14.174218,0
1,2017,9,15,21,0,0,0,14.555211,0
1,2017,9,15,21,1,0,0,11.450576,0
1,2017,9,15,21,2,0,0,18.739781,0
1,2017,9,15,21,3,0,0,18.601759,0
1,2017,9,15,22,0,0,0,22.296547,0
1,2017,9,15,22,1,0,0,13.648695,0
1,2017,9,15,22,2,0,0,10.58587,0
1,2017,9,15,22,3,0,0,15.236157,0
1,2017,9,15,23,0,0,0,10.560616,0
1,2017,9,15,23,1,0,0,5.239804,0
1,2017,9,15,23,2,0,0,7.737322,0
1,2017,9,15,23,3,0,0,3.371532,0
1,2017,9,16,0,0,0,0,3.371532,0
1,2017,9,16,0,1,0,0,3.371532,0
1,2017,9,16,0,2,0,0,4.831532,0
1,2017,9,16,0,3,0,0,8.637209,0
1,2017,9,16,1,0,0,0,3.765447,0
1,2017,9,16,1,1,0,0,9.052237,0
1,2017,9,16,1,2,0,0,26.292556,0
1,2017,9,16,1,3,0,0,23.916652,0
1,2017,9,16,2,0,0,0,38.173172,0
1,2017,9,16,2,1,0,0,16.174923,0
1,2017,9,16,2,2,0,0,13.64237,0
1,2017,9,16,2,3,0,0,11.116216,0
1,2017,9,16,3,0,0,0,10.140447,0
1,2017,9,16,3,1,0,0,12.29878,0
1,2017,9,16,3,2,0,0,12.737113,0
1,2017,9,16,3,3,0,0,3.765447,0
1,2017,9,16,4,0,0,0,6.183447,0
1,2017,9,16,4,1,0,0,9.407447,0
1,2017,9,16,4,2,0,0,4.254677,0
1,2017,9,16,4,3,0,0,15.8716,0
1,2017,9,16,5,0,0,0,8.137754,0
1,2017,9,16,5,1,0,0,5.477754,0
1,2017,9,16,5,2,0,0,3.765447,0
1,2017,9,16,5,3,0,0,3.765447,0
1,2017,9,16,6,0,0,0,3.765447,0
1,2017,9,16,6,1,0,0,5.135113,0
1,2017,9,16,6,2,0,0,8.284447,0
1,2017,9,16,6,3,0,0,7.719447,0
1,2017,9,16,7,0,0,0,16.662788,0
1,2017,9,16,7,1,0,0,15.504783,0
1,2017,9,16,7,2,0,0,16.327037,0
1,2017,9,16,7,3,0,0,10.550124,0
1,2017,9,16,8,0,0,0,10.624382,0
1,2017,9,16,8,1,0,0,6.972987,0
1,2017,9,16,8,2,0,0,2.183421,0
1,2017,9,16,8,3,0,0,4.658672,0
1,2017,9,16,9,0,0,0,9.092813,0
1,2017,9,16,9,1,0,0,2.672207,0
1,2017,9,16,9,2,0,0,11.560149,0
1,2017,9,16,9,3,0,0,23.854084,0
1,2017,9,16,10,0,0,0,18.482673,0
1,2017,9,16,10,1,0,0,9.315518,0
1,2017,9,16,10,2,0,0,14.165455,0
1,2017,9,16,10,3,0,0,11.682832,0
1,2017,9,16,11,0,0,0,11.408181,0
1,2017,9,16,11,1,0,0,12.931615,0
1,2017,9,16,11,2,0,0,13.105462,0
1,2017,9,16,11,3,0,0,8.040535,0
1,2017,9,16,12,0,0,0,8.396754,0
1,2017,9,16,12,1,0,0,5.486726,0
1,2017,9,16,12,2,0,0,9.472806,0
1,2017,9,16,12,3,0,0,11.54802,0
1,2017,9,16,13,0,0,0,17.854566,0
1,2017,9,16,13,1,0,0,15.815725,0
1,2017,9,16,13,2,0,0,14.710693,0
1,2017,9,16,13,3,0,0,23.703496,0
1,2017,9,16,14,0,0,0,23.494745,0
1,2017,9,16,14,1,0,0,21.394806,0
1,2017,9,16,14,2,0,0,31.997971,0
1,2017,9,16,14,3,0,0,31.522371,0
1,2017,9,16,15,0,0,0,11.51687,0
1,2017,9,16,15,1,0,0,5.239947,0
1,2017,9,16,15,2,0,0,5.729471,0
1,2017,9,16,15,3,0,0,11.581152,0
1,2017,9,16,16,0,0,0,16.704364,0
1,2017,9,16,16,1,0,0,13.793413,0
1,2017,9,16,16,2,0,0,23.275704,0
1,2017,9,16,16,3,0,0,21.133206,0
1,2017,9,16,17,0,0,0,16.217827,0
1,2017,9,16,17,1,0,0,19.844076,0
1,2017,9,16,17,2,0,0,15.558938,0
1,2017,9,16,17,3,0,0,10.952697,0
1,2017,9,16,18,0,0,0,6.953657,0
1,2017,9,16,18,1,0,0,5.141432,0
1,2017,9,16,18,2,0,0,9.307875,0
1,2017,9,16,18,3,0,0,12.57653,0
1,2017,9,16,19,0,0,0,9.916484,0
1,2017,9,16,19,1,0,0,11.797226,0
1,2017,9,16,19,2,0,0,16.058271,0
1,2017,9,16,19,3,0,0,17.894751,0
1,2017,9,16,20,0,0,0,19.155308,0
1,2017,9,16,20,1,0,0,18.93157,0
1,2017,9,16,20,2,0,0,20.643878,0
1,2017,9,16,20,3,0,0,17.567812,0
1,2017,9,16,21,0,0,0,13.276704,0
1,2017,9,16,21,1,0,0,21.662475,0
1,2017,9,16,21,2,0,0,27.710395,0
1,2017,9,16,21,3,0,0,20.924447,0
1,2017,9,16,22,0,0,0,17.28824,0
1,2017,9,16,22,1,0,0,12.992912,0
1,2017,9,16,22,2,0,0,19.754617,0
1,2017,9,16,22,3,0,0,15.035363,0
1,2017,9,16,23,0,0,0,12.368274,0
1,2017,9,16,23,1,0,0,4.00127,0
1,2017,9,16,23,2,0,0,5.14527,0
1,2017,9,16,23,3,0,0,13.902395,0
1,2017,9,17,0,0,0,0,16.074914,0
1,2017,9,17,0,1,0,0,8.4525,0
1,2017,9,17,0,2,0,0,4.903736,0
1,2017,9,17,0,3,0,0,23.409981,0
1,2017,9,17,1,0,0,0,29.404236,0
1,2017,9,17,1,1,0,0,32.588082,0
1,2017,9,17,1,2,0,0,32.959881,0
1,2017,9,17,1,3,0,0,29.446635,0
1,2017,9,17,2,0,0,0,26.951994,0
1,2017,9,17,2,1,0,0,19.767474,0
1,2017,9,17,2,2,0,0,12.362856,0
1,2017,9,17,2,3,0,0,8.851821,0
1,2017,9,17,3,0,0,0,14.340802,0
1,2017,9,17,3,1,0,0,5.406297,0
1,2017,9,17,3,2,0,0,18.289609,0
1,2017,9,17,3,3,0,0,12.782598,0
1,2017,9,17,4,0,0,0,16.371737,0
1,2017,9,17,4,1,0,0,21.859134,0
1,2017,9,17,4,2,0,0,20.115592,0
1,2017,9,17,4,3,0,0,16.537331,0
1,2017,9,17,5,0,0,0,17.183998,0
1,2017,9,17,5,1,0,0,9.30023,0
1,2017,9,17,5,2,0,0,5.312404,0
1,2017,9,17,5,3,0,0,21.25707,0
1,2017,9,17,6,0,0,0,16.327404,0
1,2017,9,17,6,1,0,0,8.972737,0
1,2017,9,17,6,2,0,0,4.292404,0
1,2017,9,17,6,3,0,0,5.243635,0
1,2017,9,17,7,0,0,0,11.396719,0
1,2017,9,17,7,1,0,0,10.266726,0
1,2017,9,17,7,2,0,0,2.13886,0
1,2017,9,17,7,3,0,0,2.992877,0
1,2017,9,17,8,0,0,0,10.582877,0
1,2017,9,17,8,1,0,0,8.20523,0
1,2017,9,17,8,2,0,0,15.372198,0
1,2017,9,17,8,3,0,0,12.850027,0
1,2017,9,17,9,0,0,0,6.840967,0
1,2017,9,17,9,1,0,0,4.1595,0
1,2017,9,17,9,2,0,0,3.23118,0
1,2017,9,17,9,3,0,0,12.263262,0
1,2017,9,17,10,0,0,0,6.378728,0
1,2017,9,17,10,1,0,0,9.168803,0
1,2017,9,17,10,2,0,0,3.86466,0
1,2017,9,17,10,3,0,0,4.069293,0
1,2017,9,17,11,0,0,0,7.2018,0
1,2017,9,17,11,1,0,0,6.11385,0
1,2017,9,17,11,2,0,0,9.80138,0
1,2017,9,17,11,3,0,0,11.314387,0
1,2017,9,17,12,0,0,0,14.297824,0
1,2017,9,17,12,1,0,0,13.282365,0
1,2017,9,17,12,2,0,0,11.751281,0
1,2017,9,17,12,3,0,0,13.276909,0
1,2017,9,17,13,0,0,0,11.805194,0
1,2017,9,17,13,1,0,0,25.923109,0
1,2017,9,17,13,2,0,0,26.876414,0
1,2017,9,17,13,3,0,0,23.216194,0
1,2017,9,17,14,0,0,0,20.904931,0
1,2017,9,17,14,1,0,0,20.597794,0
1,2017,9,17,14,2,0,0,20.969793,0
1,2017,9,17,14,3,0,0,17.720165,0
1,2017,9,17,15,0,0,0,10.756953,0
1,2017,9,17,15,1,0,0,7.842809,0
1,2017,9,17,15,2,0,0,18.170666,0
1,2017,9,17,15,3,0,0,29.38724,0
1,2017,9,17,16,0,0,0,21.966481,0
1,2017,9,17,16,1,0,0,14.665969,0
1,2017,9,17,16,2,0,0,12.540899,0
1,2017,9,17,16,3,0,0,12.825644,0
1,2017,9,17,17,0,0,0,21.051127,0
1,2017,9,17,17,1,0,0,18.57319,0
1,2017,9,17,17,2,0,0,15.968339,0
1,2017,9,17,17,3,0,0,9.705788,0
1,2017,9,17,18,0,0,0,11.363993,0
1,2017,9,17,18,1,0,0,4.017326,0
1,2017,9,17,18,2,0,0,6.679713,0
1,2017,9,17,18,3,0,0,4.095037,0
1,2017,9,17,19,0,0,0,15.737891,0
1,2017,9,17,19,1,0,0,15.918212,0
1,2017,9,17,19,2,0,0,13.12611,0
1,2017,9,17,19,3,0,0,15.982677,0
1,2017,9,17,20,0,0,0,15.124245,0
1,2017,9,17,20,1,0,0,15.608662,0
1,2017,9,17,20,2,0,0,16.154408,0
1,2017,9,17,20,3,0,0,9.659105,0
1,2017,9,17,21,0,0,0,1.634105,0
1,2017,9,17,21,1,0,0,7.729105,0
1,2017,9,17,21,2,0,0,18.757969,0
1,2017,9,17,21,3,0,0,16.279205,0
1,2017,9,17,22,0,0,0,9.486553,0
1,2017,9,17,22,1,0,0,12.693915,0
1,2017,9,17,22,2,0,0,21.202087,0
1,2017,9,17,22,3,0,0,12.231842,0
1,2017,9,17,23,0,0,0,12.750742,0
1,2017,9,17,23,1,0,0,22.719296,0
1,2017,9,17,23,2,0,0,25.448338,0
1,2017,9,17,23,3,0,0,14.050575,0
1,2017,9,18,0,0,0,0,10.436222,0
1,2017,9,18,0,1,0,0,5.5828,0
1,2017,9,18,0,2,0,0,6.185527,0
1,2017,9,18,0,3,0,0,2.569163,0
1,2017,9,18,1,0,0,0,2.569163,0
1,2017,9,18,1,1,0,0,2.569163,0
1,2017,9,18,1,2,0,0,2.569163,0
1,2017,9,18,1,3,0,0,6.666222,0
1,2017,9,18,2,0,0,0,8.422104,0
1,2017,9,18,2,1,0,0,7.796337,0
1,2017,9,18,2,2,0,0,7.796337,0
1,2017,9,18,2,3,0,0,7.796337,0
1,2017,9,18,3,0,0,0,4.101927,0
1,2017,9,18,3,1,0,0,8.490592,0
1,2017,9,18,3,2,0,0,3.753449,0
1,2017,9,18,3,3,0,0,2.569163,0
1,2017,9,18,4,0,0,0,2.569163,0
1,2017,9,18,4,1,0,0,2.569163,0
1,2017,9,18,4,2,0,0,2.569163,0
1,2017,9,18,4,3,0,0,2.569163,0
1,2017,9,18,5,0,0,0,2.569163,0
1,2017,9,18,5,1,0,0,2.569163,0
1,2017,9,18,5,2,0,0,2.569163,0
1,2017,9,18,5,3,0,0,2.569163,0
1,2017,9,18,6,0,0,0,8.264163,0
1,2017,9,18,6,1,0,0,8.264163,0
1,2017,9,18,6,2,0,0,2.569163,0
1,2017,9,18,6,3,0,0,2.54855,0
1,2017,9,18,7,0,0,0,8.759284,0
1,2017,9,18,7,1,0,0,8.328973,0
1,2017,9,18,7,2,0,0,5.405189,0
1,2017,9,18,7,3,0,0,4.803468,0
1,2017,9,18,8,0,0,0,5.808713,0
1,2017,9,18,8,1,0,0,6.439179,0
1,2017,9,18,8,2,0,0,6.637974,0
1,2017,9,18,8,3,0,0,8.196496,0
1,2017,9,18,9,0,0,0,11.725963,0
1,2017,9,18,9,1,0,0,18.685678,0
1,2017,9,18,9,2,0,0,22.970558,0
1,2017,9,18,9,3,0,0,12.942313,0
1,2017,9,18,10,0,0,0,10.797464,0
1,2017,9,18,10,1,0,0,12.926175,0
1,2017,9,18,10,2,0,0,17.187101,0
1,2017,9,18,10,3,0,0,17.47861,0
1,2017,9,18,11,0,0,0,23.641043,0
1,2017,9,18,11,1,0,0,25.03951,0
1,2017,9,18,11,2,0,0,16.499827,0
1,2017,9,18,11,3,0,0,10.117933,0
1,2017,9,18,12,0,0,0,9.150373,0
1,2017,9,18,12,1,0,0,11.479016,0
1,2017,9,18,12,2,0,0,15.47819,0
1,2017,9,18,12,3,0,0,15.283048,0
1,2017,9,18,13,0,0,0,12.861839,0
1,2017,9,18,13,1,0,0,14.821144,0
1,2017,9,18,13,2,0,0,15.212057,0
1,2017,9,18,13,3,0,0,17.029591,0
1,2017,9,18,14,0,0,0,23.166946,0
1,2017,9,18,14,1,0,0,24.704813,0
1,2017,9,18,14,2,0,0,20.304314,0
1,2017,9,18,14,3,0,0,20.044049,0
1,2017,9,18,15,0,0,0,26.698948,0
1,2017,9,18,15,1,0,0,13.092206,0
1,2017,9,18,15,2,0,0,14.005377,0
1,2017,9,18,15,3,0,0,11.278397,0
1,2017,9,18,16,0,0,0,16.934747,0
1,2017,9,18,16,1,0,0,12.952524,0
1,2017,9,18,16,2,0,0,14.635313,0
1,2017,9,18,16,3,0,0,19.409333,0
1,2017,9,18,17,0,0,0,16.332244,0
1,2017,9,18,17,1,0,0,10.809612,0
1,2017,9,18,17,2,0,0,12.899721,0
1,2017,9,18,17,3,0,0,8.581263,0
1,2017,9,18,18,0,0,0,5.600358,0
1,2017,9,18,18,1,0,0,5.478046,0
1,2017,9,18,18,2,0,0,6.756993,0
1,2017,9,18,18,3,0,0,9.578728,0
1,2017,9,18,19,0,0,0,12.586982,0
1,2017,9,18,19,1,0,0,13.052675,0
1,2017,9,18,19,2,0,0,17.543183,0
1,2017,9,18,19,3,0,0,7.148353,0
1,2017,9,18,20,0,0,0,7.870355,0
1,2017,9,18,20,1,0,0,7.128817,0
1,2017,9,18,20,2,0,0,4.169115,0
1,2017,9,18,20,3,0,0,15.890208,0
1,2017,9,18,21,0,0,0,13.009132,0
1,2017,9,18,21,1,0,0,2.644445,0
1,2017,9,18,21,2,0,0,4.786849,0
1,2017,9,18,21,3,0,0,15.88718,0
1,2017,9,18,22,0,0,0,8.512764,0
1,2017,9,18,22,1,0,0,3.209312,0
1,2017,9,18,22,2,0,0,9.779675,0
1,2017,9,18,22,3,0,0,11.623448,0
1,2017,9,18,23,0,0,0,13.631513,0
1,2017,9,18,23,1,0,0,21.081637,0
1,2017,9,18,23,2,0,0,7.58202,0
1,2017,9,18,23,3,0,0,3.509667,0
1,2017,9,19,0,0,0,0,12.965437,0
1,2017,9,19,0,1,0,0,10.443898,0
1,2017,9,19,0,2,0,0,6.346334,0
1,2017,9,19,0,3,0,0,9.183001,0
1,2017,9,19,1,0,0,0,3.509667,0
1,2017,9,19,1,1,0,0,3.509667,0
1,2017,9,19,1,2,0,0,3.509667,0
1,2017,9,19,1,3,0,0,3.509667,0
1,2017,9,19,2,0,0,0,3.509667,0
1,2017,9,19,2,1,0,0,3.509667,0
1,2017,9,19,2,2,0,0,3.509667,0
1,2017,9,19,2,3,0,0,5.050045,0
1,2017,9,19,3,0,0,0,9.286082,0
1,2017,9,19,3,1,0,0,9.286082,0
1,2017,9,19,3,2,0,0,9.286082,0
1,2017,9,19,3,3,0,0,5.050045,0
1,2017,9,19,4,0,0,0,3.509667,0
1,2017,9,19,4,1,0,0,3.509667,0
1,2017,9,19,4,2,0,0,11.340917,0
1,2017,9,19,4,3,0,0,10.268316,0
1,2017,9,19,5,0,0,0,3.359529,0
1,2017,9,19,5,1,0,0,3.359529,0
1,2017,9,19,5,2,0,0,3.359529,0
1,2017,9,19,5,3,0,0,3.359529,0
1,2017,9,19,6,0,0,0,3.359529,0
1,2017,9,19,6,1,0,0,4.584807,0
1,2017,9,19,6,2,0,0,5.030362,0
1,2017,9,19,6,3,0,0,5.946431,0
1,2017,9,19,7,0,0,0,8.465851,0
1,2017,9,19,7,1,0,0,3.504806,0
1,2017,9,19,7,2,0,0,6.078077,0
1,2017,9,19,7,3,0,0,10.722121,0
1,2017,9,19,8,0,0,0,11.500872,0
1,2017,9,19,8,1,0,0,7.355841,0
1,2017,9,19,8,2,0,0,5.999534,0
1,2017,9,19,8,3,0,0,5.920999,0
1,2017,9,19,9,0,0,0,16.992441,0
1,2017,9,19,9,1,0,0,8.643553,0
1,2017,9,19,9,2,0,0,11.117518,0
1,2017,9,19,9,3,0,0,15.235198,0
1,2017,9,19,10,0,0,0,15.409158,0
1,2017,9,19,10,1,0,0,10.242951,0
1,2017,9,19,10,2,0,0,11.408085,0
1,2017,9,19,10,3,0,0,14.088324,0
1,2017,9,19,11,0,0,0,12.583636,0
1,2017,9,19,11,1,0,0,13.471033,0
1,2017,9,19,11,2,0,0,17.628044,0
1,2017,9,19,11,3,0,0,20.363207,0
1,2017,9,19,12,0,0,0,21.144318,0
1,2017,9,19,12,1,0,0,25.154952,0
1,2017,9,19,12,2,0,0,27.665639,0
1,2017,9,19,12,3,0,0,26.908789,0
1,2017,9,19,13,0,0,0,28.246583,0
1,2017,9,19,13,1,0,0,14.687672,0
1,2017,9,19,13,2,0,0,11.856874,0
1,2017,9,19,13,3,0,0,11.836299,0
1,2017,9,19,14,0,0,0,17.354585,0
1,2017,9,19,14,1,0,0,18.225607,0
1,2017,9,19,14,2,0,0,14.40959,0
1,2017,9,19,14,3,0,0,16.092985,0
1,2017,9,19,15,0,0,0,9.366383,0
1,2017,9,19,15,1,0,0,11.343097,0
1,2017,9,19,15,2,0,0,16.159827,0
1,2017,9,19,15,3,0,0,15.666769,0
1,2017,9,19,16,0,0,0,18.379858,0
1,2017,9,19,16,1,0,0,21.634534,0
1,2017,9,19,16,2,0,0,14.974165,0
1,2017,9,19,16,3,0,0,13.185119,0
1,2017,9,19,17,0,0,0,16.575609,0
1,2017,9,19,17,1,0,0,15.672832,0
1,2017,9,19,17,2,0,0,11.894431,0
1,2017,9,19,17,3,0,0,11.016352,0
1,2017,9,19,18,0,0,0,18.319975,0
1,2017,9,19,18,1,0,0,20.441769,0
1,2017,9,19,18,2,0,0,12.74772,0
1,2017,9,19,18,3,0,0,14.667424,0
1,2017,9,19,19,0,0,0,13.790267,0
1,2017,9,19,19,1,0,0,16.716196,0
1,2017,9,19,19,2,0,0,11.507519,0
1,2017,9,19,19,3,0,0,13.041618,0
1,2017,9,19,20,0,0,0,19.063573,0
1,2017,9,19,20,1,0,0,14.134302,0
1,2017,9,19,20,2,0,0,14.530281,0
1,2017,9,19,20,3,0,0,14.554764,0
1,2017,9,19,21,0,0,0,12.548176,0
1,2017,9,19,21,1,0,0,15.460051,0
1,2017,9,19,21,2,0,0,16.60745,0
1,2017,9,19,21,3,0,0,18.385279,0
1,2017,9,19,22,0,0,0,19.800198,0
1,2017,9,19,22,1,0,0,15.392958,0
1,2017,9,19,22,2,0,0,10.682211,0
1,2017,9,19,22,3,0,0,9.530598,0
1,2017,9,19,23,0,0,0,8.630598,0
1,2017,9,19,23,1,0,0,11.090598,0
1,2017,9,19,23,2,0,0,8.74917,0
1,2017,9,19,23,3,0,0,17.42977,0
1,2017,9,20,0,0,0,0,17.05099,0
1,2017,9,20,0,1,0,0,19.396426,0
1,2017,9,20,0,2,0,0,4.433835,0
1,2017,9,20,0,3,0,0,4.373204,0
1,2017,9,20,1,0,0,0,7.868204,0
1,2017,9,20,1,1,0,0,7.868204,0
1,2017,9,20,1,2,0,0,4.373204,0
1,2017,9,20,1,3,0,0,4.373204,0
1,2017,9,20,2,0,0,0,4.373204,0
1,2017,9,20,2,1,0,0,4.373204,0
1,2017,9,20,2,2,0,0,4.373204,0
1,2017,9,20,2,3,0,0,8.689871,0
1,2017,9,20,3,0,0,0,5.606537,0
1,2017,9,20,3,1,0,0,8.204113,0
1,2017,9,20,3,2,0,0,9.135268,0
1,2017,9,20,3,3,0,0,9.886717,0
1,2017,9,20,4,0,0,0,12.257917,0
1,2017,9,20,4,1,0,0,16.773204,0
1,2017,9,20,4,2,0,0,14.751204,0
1,2017,9,20,4,3,0,0,5.862386,0
1,2017,9,20,5,0,0,0,4.24827,0
1,2017,9,20,5,1,0,0,4.24827,0
1,2017,9,20,5,2,0,0,4.24827,0
1,2017,9,20,5,3,0,0,4.24827,0
1,2017,9,20,6,0,0,0,7.40914,0
1,2017,9,20,6,1,0,0,8.357401,0
1,2017,9,20,6,2,0,0,4.24827,0
1,2017,9,20,6,3,0,0,4.24827,0
1,2017,9,20,7,0,0,0,2.732566,0
1,2017,9,20,7,1,0,0,2.651079,0
1,2017,9,20,7,2,0,0,5.085674,0
1,2017,9,20,7,3,0,0,10.491267,0
1,2017,9,20,8,0,0,0,9.451092,0
1,2017,9,20,8,1,0,0,9.28501,0
1,2017,9,20,8,2,0,0,3.777027,0
1,2017,9,20,8,3,0,0,4.746251,0
1,2017,9,20,9,0,0,0,9.732188,0
1,2017,9,20,9,1,0,0,14.373164,0
1,2017,9,20,9,2,0,0,20.525872,0
1,2017,9,20,9,3,0,0,14.3753,0
1,2017,9,20,10,0,0,0,19.179707,0
1,2017,9,20,10,1,0,0,20.801271,0
1,2017,9,20,10,2,0,0,26.24343,0
1,2017,9,20,10,3,0,0,19.169709,0
1,2017,9,20,11,0,0,0,14.189498,0
1,2017,9,20,11,1,0,0,9.259962,0
1,2017,9,20,11,2,0,0,9.823238,0
1,2017,9,20,11,3,0,0,14.573863,0
1,2017,9,20,12,0,0,0,13.906561,0
1,2017,9,20,12,1,0,0,14.646458,0
1,2017,9,20,12,2,0,0,21.607478,0
1,2017,9,20,12,3,0,0,23.862381,0
1,2017,9,20,13,0,0,0,17.541929,0
1,2017,9,20,13,1,0,0,17.731845,0
1,2017,9,20,13,2,0,0,12.801703,0
1,2017,9,20,13,3,0,0,22.216903,0
1,2017,9,20,14,0,0,0,13.249043,0
1,2017,9,20,14,1,0,0,21.628289,0
1,2017,9,20,14,2,0,0,20.962386,0
1,2017,9,20,14,3,0,0,20.024637,0
1,2017,9,20,15,0,0,0,20.201928,0
1,2017,9,20,15,1,0,0,14.756254,0
1,2017,9,20,15,2,0,0,12.882823,0
1,2017,9,20,15,3,0,0,13.060418,0
1,2017,9,20,16,0,0,0,24.487583,0
1,2017,9,20,16,1,0,0,14.128827,0
1,2017,9,20,16,2,0,0,16.662059,0
1,2017,9,20,16,3,0,0,17.210133,0
1,2017,9,20,17,0,0,0,8.193983,0
1,2017,9,20,17,1,0,0,9.283533,0
1,2017,9,20,17,2,0,0,21.30078,0
1,2017,9,20,17,3,0,0,19.380227,0
1,2017,9,20,18,0,0,0,20.640636,0
1,2017,9,20,18,1,0,0,11.512397,0
1,2017,9,20,18,2,0,0,12.285221,0
1,2017,9,20,18,3,0,0,5.277864,0
1,2017,9,20,19,0,0,0,4.210582,0
1,2017,9,20,19,1,0,0,11.717787,0
1,2017,9,20,19,2,0,0,10.021282,0
1,2017,9,20,19,3,0,0,12.635151,0
1,2017,9,20,20,0,0,0,21.429597,0
1,2017,9,20,20,1,0,0,11.526817,0
1,2017,9,20,20,2,0,0,14.823232,0
1,2017,9,20,20,3,0,0,15.712565,0
1,2017,9,20,21,0,0,0,9.466619,0
1,2017,9,20,21,1,0,0,10.667933,0
1,2017,9,20,21,2,0,0,15.924405,0
1,2017,9,20,21,3,0,0,8.992992,0
1,2017,9,20,22,0,0,0,10.020769,0
1,2017,9,20,22,1,0,0,6.50442,0
1,2017,9,20,22,2,0,0,8.811722,0
1,2017,9,20,22,3,0,0,8.811722,0
1,2017,9,20,23,0,0,0,4.430769,0
1,2017,9,20,23,1,0,0,5.172436,0
1,2017,9,20,23,2,0,0,12.415599,0
1,2017,9,20,23,3,0,0,11.563482,0
1,2017,9,21,0,0,0,0,10.748776,0
1,2017,9,21,0,1,0,0,11.250246,0
1,2017,9,21,0,2,0,0,7.301423,0
1,2017,9,21,0,3,0,0,2.788482,0
1,2017,9,21,1,0,0,0,4.444708,0
1,2017,9,21,1,1,0,0,6.337538,0
1,2017,9,21,1,2,0,0,6.337538,0
1,2017,9,21,1,3,0,0,6.933625,0
1,2017,9,21,2,0,0,0,11.96639,0
1,2017,9,21,2,1,0,0,6.96109,0
1,2017,9,21,2,2,0,0,2.788482,0
1,2017,9,21,2,3,0,0,2.788482,0
1,2017,9,21,3,0,0,0,2.788482,0
1,2017,9,21,3,1,0,0,2.788482,0
1,2017,9,21,3,2,0,0,2.788482,0
1,2017,9,21,3,3,0,0,2.788482,0
1,2017,9,21,4,0,0,0,2.788482,0
1,2017,9,21,4,1,0,0,2.788482,0
1,2017,9,21,4,2,0,0,2.788482,0
1,2017,9,21,4,3,0,0,2.715779,0
1,2017,9,21,5,0,0,0,2.679428,0
1,2017,9,21,5,1,0,0,6.636351,0
1,2017,9,21,5,2,0,0,10.098659,0
1,2017,9,21,5,3,0,0,4.163274,0
1,2017,9,21,6,0,0,0,6.110678,0
1,2017,9,21,6,1,0,0,4.738178,0
1,2017,9,21,6,2,0,0,2.679428,0
1,2017,9,21,6,3,0,0,2.65398,0
1,2017,9,21,7,0,0,0,3.645344,0
1,2017,9,21,7,1,0,0,3.628924,0
1,2017,9,21,7,2,0,0,5.705579,0
1,2017,9,21,7,3,0,0,4.436977,0
1,2017,9,21,8,0,0,0,5.323641,0
1,2017,9,21,8,1,0,0,3.973249,0
1,2017,9,21,8,2,0,0,3.600747,0
1,2017,9,21,8,3,0,0,3.422818,0
1,2017,9,21,9,0,0,0,12.65583,0
1,2017,9,21,9,1,0,0,20.365125,0
1,2017,9,21,9,2,0,0,19.588822,0
1,2017,9,21,9,3,0,0,10.251197,0
1,2017,9,21,10,0,0,0,17.503222,0
1,2017,9,21,10,1,0,0,11.849855,0
1,2017,9,21,10,2,0,0,19.377894,0
1,2017,9,21,10,3,0,0,18.837084,0
1,2017,9,21,11,0,0,0,16.032329,0
1,2017,9,21,11,1,0,0,6.364455,0
1,2017,9,21,11,2,0,0,5.804372,0
1,2017,9,21,11,3,0,0,5.635544,0
1,2017,9,21,12,0,0,0,10.309435,0
1,2017,9,21,12,1,0,0,8.089963,0
1,2017,9,21,12,2,0,0,19.803688,0
1,2017,9,21,12,3,0,0,25.588433,0
1,2017,9,21,13,0,0,0,26.791816,0
1,2017,9,21,13,1,0,0,19.306882,0
1,2017,9,21,13,2,0,0,21.520889,0
1,2017,9,21,13,3,0,0,31.407064,0
1,2017,9,21,14,0,0,0,29.878954,0
1,2017,9,21,14,1,0,0,24.229899,0
1,2017,9,21,14,2,0,0,20.201682,0
1,2017,9,21,14,3,0,0,14.571855,0
1,2017,9,21,15,0,0,0,19.37732,0
1,2017,9,21,15,1,0,0,22.108407,0
1,2017,9,21,15,2,0,0,20.654679,0
1,2017,9,21,15,3,0,0,19.716964,0
1,2017,9,21,16,0,0,0,27.77706,0
1,2017,9,21,16,1,0,0,20.493189,0
1,2017,9,21,16,2,0,0,20.419209,0
1,2017,9,21,16,3,0,0,14.615789,0
1,2017,9,21,17,0,0,0,18.965055,0
1,2017,9,21,17,1,0,0,19.916138,0
1,2017,9,21,17,2,0,0,15.231713,0
1,2017,9,21,17,3,0,0,15.374378,0
1,2017,9,21,18,0,0,0,16.40171,0
1,2017,9,21,18,1,0,0,20.139602,0
1,2017,9,21,18,2,0,0,7.495885,0
1,2017,9,21,18,3,0,0,9.179103,0
1,2017,9,21,19,0,0,0,17.186714,0
1,2017,9,21,19,1,0,0,9.802721,0
1,2017,9,21,19,2,0,0,8.22134,0
1,2017,9,21,19,3,0,0,10.44687,0
1,2017,9,21,20,0,0,0,14.42045,0
1,2017,9,21,20,1,0,0,13.316251,0
1,2017,9,21,20,2,0,0,15.51804,0
1,2017,9,21,20,3,0,0,15.418796,0
1,2017,9,21,21,0,0,0,7.587253,0
1,2017,9,21,21,1,0,0,5.761119,0
1,2017,9,21,21,2,0,0,7.41037,0
1,2017,9,21,21,3,0,0,5.434315,0
1,2017,9,21,22,0,0,0,5.666497,0
1,2017,9,21,22,1,0,0,5.917934,0
1,2017,9,21,22,2,0,0,9.097934,0
1,2017,9,21,22,3,0,0,11.343734,0
1,2017,9,21,23,0,0,0,19.065629,0
1,2017,9,21,23,1,0,0,24.768819,0
1,2017,9,21,23,2,0,0,14.992166,0
1,2017,9,21,23,3,0,0,9.663899,0
1,2017,9,22,0,0,0,0,4.507657,0
1,2017,9,22,0,1,0,0,11.770405,0
1,2017,9,22,0,2,0,0,11.770405,0
1,2017,9,22,0,3,0,0,11.192857,0
1,2017,9,22,1,0,0,0,15.717722,0
1,2017,9,22,1,1,0,0,14.051928,0
1,2017,9,22,1,2,0,0,7.851744,0
1,2017,9,22,1,3,0,0,5.359744,0
1,2017,9,22,2,0,0,0,7.313744,0
1,2017,9,22,2,1,0,0,8.247244,0
1,2017,9,22,2,2,0,0,7.072244,0
1,2017,9,22,2,3,0,0,7.072244,0
1,2017,9,22,3,0,0,0,6.058244,0
1,2017,9,22,3,1,0,0,4.537244,0
1,2017,9,22,3,2,0,0,4.537244,0
1,2017,9,22,3,3,0,0,4.537244,0
1,2017,9,22,4,0,0,0,4.537244,0
1,2017,9,22,4,1,0,0,7.39141,0
1,2017,9,22,4,2,0,0,13.099744,0
1,2017,9,22,4,3,0,0,6.7575,0
1,2017,9,22,5,0,0,0,6.544689,0
1,2017,9,22,5,1,0,0,8.404689,0
1,2017,9,22,5,2,0,0,8.404689,0
1,2017,9,22,5,3,0,0,8.856646,0
1,2017,9,22,6,0,0,0,10.746752,0
1,2017,9,22,6,1,0,0,11.017096,0
1,2017,9,22,6,2,0,0,5.75826,0
1,2017,9,22,6,3,0,0,4.296959,0
1,2017,9,22,7,0,0,0,7.739279,0
1,2017,9,22,7,1,0,0,5.793774,0
1,2017,9,22,7,2,0,0,3.488473,0
1,2017,9,22,7,3,0,0,6.983411,0
1,2017,9,22,8,0,0,0,13.039842,0
1,2017,9,22,8,1,0,0,11.736073,0
1,2017,9,22,8,2,0,0,18.632098,0
1,2017,9,22,8,3,0,0,10.025525,0
1,2017,9,22,9,0,0,0,21.831604,0
1,2017,9,22,9,1,0,0,11.851722,0
1,2017,9,22,9,2,0,0,12.361767,0
1,2017,9,22,9,3,0,0,20.78307,0
1,2017,9,22,10,0,0,0,25.219434,0
1,2017,9,22,10,1,0,0,28.81136,0
1,2017,9,22,10,2,0,0,17.058759,0
1,2017,9,22,10,3,0,0,21.319956,0
1,2017,9,22,11,0,0,0,12.482099,0
1,2017,9,22,11,1,0,0,25.221897,0
1,2017,9,22,11,2,0,0,18.913326,0
1,2017,9,22,11,3,0,0,22.605377,0
1,2017,9,22,12,0,0,0,21.265376,0
1,2017,9,22,12,1,0,0,25.96165,0
1,2017,9,22,12,2,0,0,28.542708,0
1,2017,9,22,12,3,0,0,16.793351,0
1,2017,9,22,13,0,0,0,18.128393,0
1,2017,9,22,13,1,0,0,23.789975,0
1,2017,9,22,13,2,0,0,24.343996,0
1,2017,9,22,13,3,0,0,30.433367,0
1,2017,9,22,14,0,0,0,18.071337,0
1,2017,9,22,14,1,0,0,34.83123,0
1,2017,9,22,14,2,0,0,23.085057,0
1,2017,9,22,14,3,0,0,16.067623,0
1,2017,9,22,15,0,0,0,11.888061,0
1,2017,9,22,15,1,0,0,10.550465,0
1,2017,9,22,15,2,0,0,12.715912,0
1,2017,9,22,15,3,0,0,14.864808,0
1,2017,9,22,16,0,0,0,13.142744,0
1,2017,9,22,16,1,0,0,19.808738,0
1,2017,9,22,16,2,0,0,33.932269,0
1,2017,9,22,16,3,0,0,24.351103,0
1,2017,9,22,17,0,0,0,15.686464,0
1,2017,9,22,17,1,0,0,20.54675,0
1,2017,9,22,17,2,0,0,12.639362,0
1,2017,9,22,17,3,0,0,21.008308,0
1,2017,9,22,18,0,0,0,17.361616,0
1,2017,9,22,18,1,0,0,21.417023,0
1,2017,9,22,18,2,0,0,23.830811,0
1,2017,9,22,18,3,0,0,20.335568,0
1,2017,9,22,19,0,0,0,11.869224,0
1,2017,9,22,19,1,0,0,8.690694,0
1,2017,9,22,19,2,0,0,8.13877,0
1,2017,9,22,19,3,0,0,20.892311,0
1,2017,9,22,20,0,0,0,10.285905,0
1,2017,9,22,20,1,0,0,12.815536,0
1,2017,9,22,20,2,0,0,13.02002,0
1,2017,9,22,20,3,0,0,7.477372,0
1,2017,9,22,21,0,0,0,10.446059,0
1,2017,9,22,21,1,0,0,4.185049,0
1,2017,9,22,21,2,0,0,20.279995,0
1,2017,9,22,21,3,0,0,13.338285,0
1,2017,9,22,22,0,0,0,15.956144,0
1,2017,9,22,22,1,0,0,30.170874,0
1,2017,9,22,22,2,0,0,16.804274,0
1,2017,9,22,22,3,0,0,5.662311,0
1,2017,9,22,23,0,0,0,12.52735,0
1,2017,9,22,23,1,0,0,13.011977,0
1,2017,9,22,23,2,0,0,19.17054,0
1,2017,9,22,23,3,0,0,14.590458,0
1,2017,9,23,0,0,0,0,16.854916,0
1,2017,9,23,0,1,0,0,20.278283,0
1,2017,9,23,0,2,0,0,14.178689,0
1,2017,9,23,0,3,0,0,22.185975,0
1,2017,9,23,1,0,0,0,6.200832,0
1,2017,9,23,1,1,0,0,28.517832,0
1,2017,9,23,1,2,0,0,28.586404,0
1,2017,9,23,1,3,0,0,27.490574,0
1,2017,9,23,2,0,0,0,17.506048,0
1,2017,9,23,2,1,0,0,14.480525,0
1,2017,9,23,2,2,0,0,7.41711,0
1,2017,9,23,2,3,0,0,12.894332,0
1,2017,9,23,3,0,0,0,9.787409,0
1,2017,9,23,3,1,0,0,15.276255,0
1,2017,9,23,3,2,0,0,1.961707,0
1,2017,9,23,3,3,0,0,2.24888,0
1,2017,9,23,4,0,0,0,8.367061,0
1,2017,9,23,4,1,0,0,9.300962,0
1,2017,9,23,4,2,0,0,16.824433,0
1,2017,9,23,4,3,0,0,8.681114,0
1,2017,9,23,5,0,0,0,11.582575,0
1,2017,9,23,5,1,0,0,7.535139,0
1,2017,9,23,5,2,0,0,7.535139,0
1,2017,9,23,5,3,0,0,7.276293,0
1,2017,9,23,6,0,0,0,8.23777,0
1,2017,9,23,6,1,0,0,8.172371,0
1,2017,9,23,6,2,0,0,9.293138,0
1,2017,9,23,6,3,0,0,8.018479,0
1,2017,9,23,7,0,0,0,7.82054,0
1,2017,9,23,7,1,0,0,12.665024,0
1,2017,9,23,7,2,0,0,12.777707,0
1,2017,9,23,7,3,0,0,5.455049,0
1,2017,9,23,8,0,0,0,3.643205,0
1,2017,9,23,8,1,0,0,6.553153,0
1,2017,9,23,8,2,0,0,9.591344,0
1,2017,9,23,8,3,0,0,9.402626,0
1,2017,9,23,9,0,0,0,12.447571,0
1,2017,9,23,9,1,0,0,12.573578,0
1,2017,9,23,9,2,0,0,15.710857,0
1,2017,9,23,9,3,0,0,17.793902,0
1,2017,9,23,10,0,0,0,10.307051,0
1,2017,9,23,10,1,0,0,10.004558,0
1,2017,9,23,10,2,0,0,8.833895,0
1,2017,9,23,10,3,0,0,12.686272,0
1,2017,9,23,11,0,0,0,14.399138,0
1,2017,9,23,11,1,0,0,16.29584,0
1,2017,9,23,11,2,0,0,15.128866,0
1,2017,9,23,11,3,0,0,19.632191,0
1,2017,9,23,12,0,0,0,25.287519,0
1,2017,9,23,12,1,0,0,18.619351,0
1,2017,9,23,12,2,0,0,14.369553,0
1,2017,9,23,12,3,0,0,17.49483,0
1,2017,9,23,13,0,0,0,10.896021,0
1,2017,9,23,13,1,0,0,11.26533,0
1,2017,9,23,13,2,0,0,19.748184,0
1,2017,9,23,13,3,0,0,25.039094,0
1,2017,9,23,14,0,0,0,26.411474,0
1,2017,9,23,14,1,0,0,18.067774,0
1,2017,9,23,14,2,0,0,10.46296,0
1,2017,9,23,14,3,0,0,6.845705,0
1,2017,9,23,15,0,0,0,9.994508,0
1,2017,9,23,15,1,0,0,12.821722,0
1,2017,9,23,15,2,0,0,11.688377,0
1,2017,9,23,15,3,0,0,11.449581,0
1,2017,9,23,16,0,0,0,18.020927,0
1,2017,9,23,16,1,0,0,20.837591,0
1,2017,9,23,16,2,0,0,11.10049,0
1,2017,9,23,16,3,0,0,17.890947,0
1,2017,9,23,17,0,0,0,16.119789,0
1,2017,9,23,17,1,0,0,13.558518,0
1,2017,9,23,17,2,0,0,16.145282,0
1,2017,9,23,17,3,0,0,8.423988,0
1,2017,9,23,18,0,0,0,13.64027,0
1,2017,9,23,18,1,0,0,10.649069,0
1,2017,9,23,18,2,0,0,7.164136,0
1,2017,9,23,18,3,0,0,21.388811,0
1,2017,9,23,19,0,0,0,22.047971,0
1,2017,9,23,19,1,0,0,14.327664,0
1,2017,9,23,19,2,0,0,26.623642,0
1,2017,9,23,19,3,0,0,18.069328,0
1,2017,9,23,20,0,0,0,14.446211,0
1,2017,9,23,20,1,0,0,15.593281,0
1,2017,9,23,20,2,0,0,19.065269,0
1,2017,9,23,20,3,0,0,14.310583,0
1,2017,9,23,21,0,0,0,11.901841,0
1,2017,9,23,21,1,0,0,21.54644,0
1,2017,9,23,21,2,0,0,17.849321,0
1,2017,9,23,21,3,0,0,13.538757,0
1,2017,9,23,22,0,0,0,18.795555,0
1,2017,9,23,22,1,0,0,19.014737,0
1,2017,9,23,22,2,0,0,23.894449,0
1,2017,9,23,22,3,0,0,24.634477,0
1,2017,9,23,23,0,0,0,11.127872,0
1,2017,9,23,23,1,0,0,15.977149,0
1,2017,9,23,23,2,0,0,21.479686,0
1,2017,9,23,23,3,0,0,10.391004,0
1,2017,9,24,0,0,0,0,22.67842,0
1,2017,9,24,0,1,0,0,18.335195,0
1,2017,9,24,0,2,0,0,20.06154,0
1,2017,9,24,0,3,0,0,38.239445,0
1,2017,9,24,1,0,0,0,20.363207,0
1,2017,9,24,1,1,0,0,15.147504,0
1,2017,9,24,1,2,0,0,26.0596,0
1,2017,9,24,1,3,0,0,28.563163,0
1,2017,9,24,2,0,0,0,16.958984,0
1,2017,9,24,2,1,0,0,16.027351,0
1,2017,9,24,2,2,0,0,30.070687,0
1,2017,9,24,2,3,0,0,28.408161,0
1,2017,9,24,3,0,0,0,17.776585,0
1,2017,9,24,3,1,0,0,26.699219,0
1,2017,9,24,3,2,0,0,5.257076,0
1,2017,9,24,3,3,0,0,8.652955,0
1,2017,9,24,4,0,0,0,5.407673,0
1,2017,9,24,4,1,0,0,12.63798,0
1,2017,9,24,4,2,0,0,14.750647,0
1,2017,9,24,4,3,0,0,25.441361,0
1,2017,9,24,5,0,0,0,23.163266,0
1,2017,9,24,5,1,0,0,20.934486,0
1,2017,9,24,5,2,0,0,29.9945,0
1,2017,9,24,5,3,0,0,4.645824,0
1,2017,9,24,6,0,0,0,2.203682,0
1,2017,9,24,6,1,0,0,2.203682,0
1,2017,9,24,6,2,0,0,2.203682,0
1,2017,9,24,6,3,0,0,2.172299,0
1,2017,9,24,7,0,0,0,1.779765,0
1,2017,9,24,7,1,0,0,1.620094,0
1,2017,9,24,7,2,0,0,1.424661,0
1,2017,9,24,7,3,0,0,1.321908,0
1,2017,9,24,8,0,0,0,5.677908,0
1,2017,9,24,8,1,0,0,8.497908,0
1,2017,9,24,8,2,0,0,7.421198,0
1,2017,9,24,8,3,0,0,12.777435,0
1,2017,9,24,9,0,0,0,11.674759,0
1,2017,9,24,9,1,0,0,11.51753,0
1,2017,9,24,9,2,0,0,10.034585,0
1,2017,9,24,9,3,0,0,13.725772,0
1,2017,9,24,10,0,0,0,18.938273,0
1,2017,9,24,10,1,0,0,19.795306,0
1,2017,9,24,10,2,0,0,13.33828,0
1,2017,9,24,10,3,0,0,10.093598,0
1,2017,9,24,11,0,0,0,8.293676,0
1,2017,9,24,11,1,0,0,7.662472,0
1,2017,9,24,11,2,0,0,8.120972,0
1,2017,9,24,11,3,0,0,7.88747,0
1,2017,9,24,12,0,0,0,7.672816,0
1,2017,9,24,12,1,0,0,7.382019,0
1,2017,9,24,12,2,0,0,13.123074,0
1,2017,9,24,12,3,0,0,13.232908,0
1,2017,9,24,13,0,0,0,18.800366,0
1,2017,9,24,13,1,0,0,16.838656,0
1,2017,9,24,13,2,0,0,18.961848,0
1,2017,9,24,13,3,0,0,12.678434,0
1,2017,9,24,14,0,0,0,9.864867,0
1,2017,9,24,14,1,0,0,9.477673,0
1,2017,9,24,14,2,0,0,11.177449,0
1,2017,9,24,14,3,0,0,19.18603,0
1,2017,9,24,15,0,0,0,29.542069,0
1,2017,9,24,15,1,0,0,28.32206,0
1,2017,9,24,15,2,0,0,22.382864,0
1,2017,9,24,15,3,0,0,20.437237,0
1,2017,9,24,16,0,0,0,33.306636,0
1,2017,9,24,16,1,0,0,18.766523,0
1,2017,9,24,16,2,0,0,15.624303,0
1,2017,9,24,16,3,0,0,25.057507,0
1,2017,9,24,17,0,0,0,23.996089,0
1,2017,9,24,17,1,0,0,15.948986,0
1,2017,9,24,17,2,0,0,10.824888,0
1,2017,9,24,17,3,0,0,10.607276,0
1,2017,9,24,18,0,0,0,13.699704,0
1,2017,9,24,18,1,0,0,11.715775,0
1,2017,9,24,18,2,0,0,17.495649,0
1,2017,9,24,18,3,0,0,18.181536,0
1,2017,9,24,19,0,0,0,22.138483,0
1,2017,9,24,19,1,0,0,13.934839,0
1,2017,9,24,19,2,0,0,10.285142,0
1,2017,9,24,19,3,0,0,15.686786,0
1,2017,9,24,20,0,0,0,20.868613,0
1,2017,9,24,20,1,0,0,25.548783,0
1,2017,9,24,20,2,0,0,24.464551,0
1,2017,9,24,20,3,0,0,28.549339,0
1,2017,9,24,21,0,0,0,18.037375,0
1,2017,9,24,21,1,0,0,11.939037,0
1,2017,9,24,21,2,0,0,9.356233,0
1,2017,9,24,21,3,0,0,20.059098,0
1,2017,9,24,22,0,0,0,21.289554,0
1,2017,9,24,22,1,0,0,25.064065,0
1,2017,9,24,22,2,0,0,9.414027,0
1,2017,9,24,22,3,0,0,9.24823,0
1,2017,9,24,23,0,0,0,18.73024,0
1,2017,9,24,23,1,0,0,8.099669,0
1,2017,9,24,23,2,0,0,13.199683,0
1,2017,9,24,23,3,0,0,30.82726,0
1,2017,9,25,0,0,0,0,10.162654,0
1,2017,9,25,0,1,0,0,2.291225,0
1,2017,9,25,0,2,0,0,2.291225,0
1,2017,9,25,0,3,0,0,2.291225,0
1,2017,9,25,1,0,0,0,2.291225,0
1,2017,9,25,1,1,0,0,7.869796,0
1,2017,9,25,1,2,0,0,6.600749,0
1,2017,9,25,1,3,0,0,18.600805,0
1,2017,9,25,2,0,0,0,6.545724,0
1,2017,9,25,2,1,0,0,6.986877,0
1,2017,9,25,2,2,0,0,3.543399,0
1,2017,9,25,2,3,0,0,2.291225,0
1,2017,9,25,3,0,0,0,2.291225,0
1,2017,9,25,3,1,0,0,2.291225,0
1,2017,9,25,3,2,0,0,2.291225,0
1,2017,9,25,3,3,0,0,2.291225,0
1,2017,9,25,4,0,0,0,2.291225,0
1,2017,9,25,4,1,0,0,6.483225,0
1,2017,9,25,4,2,0,0,5.959225,0
1,2017,9,25,4,3,0,0,2.291225,0
1,2017,9,25,5,0,0,0,2.291225,0
1,2017,9,25,5,1,0,0,2.291225,0
1,2017,9,25,5,2,0,0,2.291225,0
1,2017,9,25,5,3,0,0,2.291225,0
1,2017,9,25,6,0,0,0,7.926225,0
1,2017,9,25,6,1,0,0,9.990511,0
1,2017,9,25,6,2,0,0,3.116939,0
1,2017,9,25,6,3,0,0,2.291225,0
1,2017,9,25,7,0,0,0,4.703059,0
1,2017,9,25,7,1,0,0,7.033933,0
1,2017,9,25,7,2,0,0,5.40138,0
1,2017,9,25,7,3,0,0,3.372879,0
1,2017,9,25,8,0,0,0,2.734702,0
1,2017,9,25,8,1,0,0,10.51162,0
1,2017,9,25,8,2,0,0,12.356847,0
1,2017,9,25,8,3,0,0,6.076314,0
1,2017,9,25,9,0,0,0,8.429981,0
1,2017,9,25,9,1,0,0,11.209245,0
1,2017,9,25,9,2,0,0,14.756875,0
1,2017,9,25,9,3,0,0,20.753176,0
1,2017,9,25,10,0,0,0,18.51955,0
1,2017,9,25,10,1,0,0,21.917993,0
1,2017,9,25,10,2,0,0,18.6161,0
1,2017,9,25,10,3,0,0,24.396683,0
1,2017,9,25,11,0,0,0,24.22142,0
1,2017,9,25,11,1,0,0,25.144383,0
1,2017,9,25,11,2,0,0,23.542882,0
1,2017,9,25,11,3,0,0,25.341811,0
1,2017,9,25,12,0,0,0,22.050378,0
1,2017,9,25,12,1,0,0,27.436644,0
1,2017,9,25,12,2,0,0,20.266121,0
1,2017,9,25,12,3,0,0,11.471556,0
1,2017,9,25,13,0,0,0,14.925815,0
1,2017,9,25,13,1,0,0,20.852727,0
1,2017,9,25,13,2,0,0,18.132651,0
1,2017,9,25,13,3,0,0,22.90592,0
1,2017,9,25,14,0,0,0,20.838124,0
1,2017,9,25,14,1,0,0,20.878521,0
1,2017,9,25,14,2,0,0,20.404112,0
1,2017,9,25,14,3,0,0,31.26394,0
1,2017,9,25,15,0,0,0,15.661675,0
1,2017,9,25,15,1,0,0,21.619538,0
1,2017,9,25,15,2,0,0,21.069321,0
1,2017,9,25,15,3,0,0,21.431987,0
1,2017,9,25,16,0,0,0,25.439748,0
1,2017,9,25,16,1,0,0,17.769119,0
1,2017,9,25,16,2,0,0,10.67585,0
1,2017,9,25,16,3,0,0,6.630012,0
1,2017,9,25,17,0,0,0,3.217975,0
1,2017,9,25,17,1,0,0,13.121617,0
1,2017,9,25,17,2,0,0,20.179596,0
1,2017,9,25,17,3,0,0,14.257907,0
1,2017,9,25,18,0,0,0,12.329125,0
1,2017,9,25,18,1,0,0,9.733823,0
1,2017,9,25,18,2,0,0,12.115956,0
1,2017,9,25,18,3,0,0,9.554673,0
1,2017,9,25,19,0,0,0,11.995269,0
1,2017,9,25,19,1,0,0,21.229071,0
1,2017,9,25,19,2,0,0,21.288487,0
1,2017,9,25,19,3,0,0,16.370253,0
1,2017,9,25,20,0,0,0,13.280666,0
1,2017,9,25,20,1,0,0,18.555123,0
1,2017,9,25,20,2,0,0,16.66763,0
1,2017,9,25,20,3,0,0,27.342362,0
1,2017,9,25,21,0,0,0,19.6759,0
1,2017,9,25,21,1,0,0,13.15816,0
1,2017,9,25,21,2,0,0,12.517149,0
1,2017,9,25,21,3,0,0,20.177705,0
1,2017,9,25,22,0,0,0,19.655884,0
1,2017,9,25,22,1,0,0,13.020892,0
1,2017,9,25,22,2,0,0,25.445226,0
1,2017,9,25,22,3,0,0,18.693987,0
1,2017,9,25,23,0,0,0,19.042452,0
1,2017,9,25,23,1,0,0,16.372063,0
1,2017,9,25,23,2,0,0,9.119958,0
1,2017,9,25,23,3,0,0,13.8399,0
1,2017,9,26,0,0,0,0,14.060854,0
1,2017,9,26,0,1,0,0,3.750064,0
1,2017,9,26,0,2,0,0,3.937283,0
1,2017,9,26,0,3,0,0,3.950656,0
1,2017,9,26,1,0,0,0,3.950656,0
1,2017,9,26,1,1,0,0,3.950656,0
1,2017,9,26,1,2,0,0,6.418047,0
1,2017,9,26,1,3,0,0,11.352829,0
1,2017,9,26,2,0,0,0,5.43109,0
1,2017,9,26,2,1,0,0,3.950656,0
1,2017,9,26,2,2,0,0,3.950656,0
1,2017,9,26,2,3,0,0,3.950656,0
1,2017,9,26,3,0,0,0,3.950656,0
1,2017,9,26,3,1,0,0,3.950656,0
1,2017,9,26,3,2,0,0,3.950656,0
1,2017,9,26,3,3,0,0,3.950656,0
1,2017,9,26,4,0,0,0,3.950656,0
1,2017,9,26,4,1,0,0,3.950656,0
1,2017,9,26,4,2,0,0,3.950656,0
1,2017,9,26,4,3,0,0,3.950656,0
1,2017,9,26,5,0,0,0,3.950656,0
1,2017,9,26,5,1,0,0,3.950656,0
1,2017,9,26,5,2,0,0,11.035271,0
1,2017,9,26,5,3,0,0,6.632858,0
1,2017,9,26,6,0,0,0,5.756128,0
1,2017,9,26,6,1,0,0,7.61245,0
1,2017,9,26,6,2,0,0,11.724268,0
1,2017,9,26,6,3,0,0,8.931311,0
1,2017,9,26,7,0,0,0,11.098987,0
1,2017,9,26,7,1,0,0,9.47617,0
1,2017,9,26,7,2,0,0,9.13162,0
1,2017,9,26,7,3,0,0,5.742444,0
1,2017,9,26,8,0,0,0,2.557681,0
1,2017,9,26,8,1,0,0,2.870114,0
1,2017,9,26,8,2,0,0,4.428009,0
1,2017,9,26,8,3,0,0,9.284577,0
1,2017,9,26,9,0,0,0,13.653237,0
1,2017,9,26,9,1,0,0,10.402527,0
1,2017,9,26,9,2,0,0,14.534965,0
1,2017,9,26,9,3,0,0,20.671032,0
1,2017,9,26,10,0,0,0,12.647377,0
1,2017,9,26,10,1,0,0,22.600223,0
1,2017,9,26,10,2,0,0,16.13335,0
1,2017,9,26,10,3,0,0,13.1514,0
1,2017,9,26,11,0,0,0,16.402501,0
1,2017,9,26,11,1,0,0,16.930678,0
1,2017,9,26,11,2,0,0,11.764938,0
1,2017,9,26,11,3,0,0,11.058641,0
1,2017,9,26,12,0,0,0,13.193673,0
1,2017,9,26,12,1,0,0,16.819079,0
1,2017,9,26,12,2,0,0,13.08457,0
1,2017,9,26,12,3,0,0,15.204026,0
1,2017,9,26,13,0,0,0,17.898792,0
1,2017,9,26,13,1,0,0,18.314914,0
1,2017,9,26,13,2,0,0,14.960779,0
1,2017,9,26,13,3,0,0,17.000829,0
1,2017,9,26,14,0,0,0,29.288964,0
1,2017,9,26,14,1,0,0,30.042817,0
1,2017,9,26,14,2,0,0,29.844071,0
1,2017,9,26,14,3,0,0,25.468271,0
1,2017,9,26,15,0,0,0,23.057268,0
1,2017,9,26,15,1,0,0,16.076595,0
1,2017,9,26,15,2,0,0,18.358843,0
1,2017,9,26,15,3,0,0,20.789913,0
1,2017,9,26,16,0,0,0,24.339397,0
1,2017,9,26,16,1,0,0,21.063755,0
1,2017,9,26,16,2,0,0,28.490444,0
1,2017,9,26,16,3,0,0,20.537319,0
1,2017,9,26,17,0,0,0,10.926747,0
1,2017,9,26,17,1,0,0,6.976516,0
1,2017,9,26,17,2,0,0,16.813772,0
1,2017,9,26,17,3,0,0,14.547148,0
1,2017,9,26,18,0,0,0,9.731813,0
1,2017,9,26,18,1,0,0,19.294842,0
1,2017,9,26,18,2,0,0,21.561378,0
1,2017,9,26,18,3,0,0,26.998694,0
1,2017,9,26,19,0,0,0,9.092834,0
1,2017,9,26,19,1,0,0,7.921731,0
1,2017,9,26,19,2,0,0,21.107746,0
1,2017,9,26,19,3,0,0,23.673345,0
1,2017,9,26,20,0,0,0,15.44482,0
1,2017,9,26,20,1,0,0,17.945407,0
1,2017,9,26,20,2,0,0,19.296887,0
1,2017,9,26,20,3,0,0,19.412105,0
1,2017,9,26,21,0,0,0,24.211256,0
1,2017,9,26,21,1,0,0,19.304383,0
1,2017,9,26,21,2,0,0,11.880187,0
1,2017,9,26,21,3,0,0,13.429199,0
1,2017,9,26,22,0,0,0,17.723806,0
1,2017,9,26,22,1,0,0,14.251322,0
1,2017,9,26,22,2,0,0,15.715664,0
1,2017,9,26,22,3,0,0,11.098314,0
1,2017,9,26,23,0,0,0,11.20037,0
1,2017,9,26,23,1,0,0,24.523095,0
1,2017,9,26,23,2,0,0,21.917161,0
1,2017,9,26,23,3,0,0,10.239695,0
1,2017,9,27,0,0,0,0,6.784478,0
1,2017,9,27,0,1,0,0,4.481,0
1,2017,9,27,0,2,0,0,4.481,0
1,2017,9,27,0,3,0,0,4.481,0
1,2017,9,27,1,0,0,0,5.488368,0
1,2017,9,27,1,1,0,0,9.517842,0
1,2017,9,27,1,2,0,0,4.816789,0
1,2017,9,27,1,3,0,0,11.138692,0
1,2017,9,27,2,0,0,0,14.467538,0
1,2017,9,27,2,1,0,0,5.146769,0
1,2017,9,27,2,2,0,0,4.481,0
1,2017,9,27,2,3,0,0,4.481,0
1,2017,9,27,3,0,0,0,4.481,0
1,2017,9,27,3,1,0,0,4.481,0
1,2017,9,27,3,2,0,0,4.481,0
1,2017,9,27,3,3,0,0,17.036,0
1,2017,9,27,4,0,0,0,17.614333,0
1,2017,9,27,4,1,0,0,14.639106,0
1,2017,9,27,4,2,0,0,12.833651,0
1,2017,9,27,4,3,0,0,11.387818,0
1,2017,9,27,5,0,0,0,8.625091,0
1,2017,9,27,5,1,0,0,4.481,0
1,2017,9,27,5,2,0,0,4.481,0
1,2017,9,27,5,3,0,0,4.481,0
1,2017,9,27,6,0,0,0,4.481,0
1,2017,9,27,6,1,0,0,4.481,0
1,2017,9,27,6,2,0,0,5.639666,0
1,2017,9,27,6,3,0,0,16.114589,0
1,2017,9,27,7,0,0,0,15.471296,0
1,2017,9,27,7,1,0,0,12.087934,0
1,2017,9,27,7,2,0,0,3.428282,0
1,2017,9,27,7,3,0,0,12.328471,0
1,2017,9,27,8,0,0,0,8.586589,0
1,2017,9,27,8,1,0,0,9.591499,0
1,2017,9,27,8,2,0,0,9.638328,0
1,2017,9,27,8,3,0,0,6.490637,0
1,2017,9,27,9,0,0,0,7.732353,0
1,2017,9,27,9,1,0,0,17.650308,0
1,2017,9,27,9,2,0,0,12.733801,0
1,2017,9,27,9,3,0,0,20.339888,0
1,2017,9,27,10,0,0,0,14.952222,0
1,2017,9,27,10,1,0,0,17.322484,0
1,2017,9,27,10,2,0,0,18.174581,0
1,2017,9,27,10,3,0,0,15.487525,0
1,2017,9,27,11,0,0,0,17.00425,0
1,2017,9,27,11,1,0,0,15.846959,0
1,2017,9,27,11,2,0,0,14.073052,0
1,2017,9,27,11,3,0,0,12.425404,0
1,2017,9,27,12,0,0,0,18.846062,0
1,2017,9,27,12,1,0,0,19.464007,0
1,2017,9,27,12,2,0,0,14.599364,0
1,2017,9,27,12,3,0,0,25.6574,0
1,2017,9,27,13,0,0,0,21.704118,0
1,2017,9,27,13,1,0,0,17.163825,0
1,2017,9,27,13,2,0,0,17.580863,0
1,2017,9,27,13,3,0,0,17.41796,0
1,2017,9,27,14,0,0,0,9.38002,0
1,2017,9,27,14,1,0,0,19.242537,0
1,2017,9,27,14,2,0,0,12.033362,0
1,2017,9,27,14,3,0,0,25.977012,0
1,2017,9,27,15,0,0,0,23.144734,0
1,2017,9,27,15,1,0,0,22.669628,0
1,2017,9,27,15,2,0,0,19.638941,0
1,2017,9,27,15,3,0,0,16.662145,0
1,2017,9,27,16,0,0,0,22.591774,0
1,2017,9,27,16,1,0,0,14.590256,0
1,2017,9,27,16,2,0,0,16.365985,0
1,2017,9,27,16,3,0,0,21.23109,0
1,2017,9,27,17,0,0,0,18.985971,0
1,2017,9,27,17,1,0,0,22.259837,0
1,2017,9,27,17,2,0,0,14.394613,0
1,2017,9,27,17,3,0,0,27.192483,0
1,2017,9,27,18,0,0,0,9.160698,0
1,2017,9,27,18,1,0,0,7.732798,0
1,2017,9,27,18,2,0,0,7.218446,0
1,2017,9,27,18,3,0,0,13.583321,0
1,2017,9,27,19,0,0,0,10.625096,0
1,2017,9,27,19,1,0,0,8.618659,0
1,2017,9,27,19,2,0,0,5.644933,0
1,2017,9,27,19,3,0,0,2.722225,0
1,2017,9,27,20,0,0,0,4.981049,0
1,2017,9,27,20,1,0,0,6.591209,0
1,2017,9,27,20,2,0,0,18.466063,0
1,2017,9,27,20,3,0,0,14.44949,0
1,2017,9,27,21,0,0,0,12.243497,0
1,2017,9,27,21,1,0,0,6.835309,0
1,2017,9,27,21,2,0,0,10.751622,0
1,2017,9,27,21,3,0,0,29.048392,0
1,2017,9,27,22,0,0,0,15.918247,0
1,2017,9,27,22,1,0,0,24.101338,0
1,2017,9,27,22,2,0,0,16.118529,0
1,2017,9,27,22,3,0,0,19.341029,0
1,2017,9,27,23,0,0,0,12.163946,0
1,2017,9,27,23,1,0,0,12.758338,0
1,2017,9,27,23,2,0,0,4.578502,0
1,2017,9,27,23,3,0,0,3.989169,0
1,2017,9,28,0,0,0,0,5.189169,0
1,2017,9,28,0,1,0,0,9.989169,0
1,2017,9,28,0,2,0,0,7.589169,0
1,2017,9,28,0,3,0,0,5.481357,0
1,2017,9,28,1,0,0,0,8.465732,0
1,2017,9,28,1,1,0,0,11.518419,0
1,2017,9,28,1,2,0,0,18.46064,0
1,2017,9,28,1,3,0,0,8.949698,0
1,2017,9,28,2,0,0,0,3.989169,0
1,2017,9,28,2,1,0,0,3.989169,0
1,2017,9,28,2,2,0,0,3.989169,0
1,2017,9,28,2,3,0,0,3.989169,0
1,2017,9,28,3,0,0,0,5.129169,0
1,2017,9,28,3,1,0,0,7.409169,0
1,2017,9,28,3,2,0,0,3.989169,0
1,2017,9,28,3,3,0,0,3.989169,0
1,2017,9,28,4,0,0,0,3.989169,0
1,2017,9,28,4,1,0,0,3.989169,0
1,2017,9,28,4,2,0,0,3.989169,0
1,2017,9,28,4,3,0,0,3.989169,0
1,2017,9,28,5,0,0,0,3.989169,0
1,2017,9,28,5,1,0,0,5.84826,0
1,2017,9,28,5,2,0,0,18.053055,0
1,2017,9,28,5,3,0,0,19.016192,0
1,2017,9,28,6,0,0,0,12.392669,0
1,2017,9,28,6,1,0,0,13.239169,0
1,2017,9,28,6,2,0,0,4.433169,0
1,2017,9,28,6,3,0,0,4.279825,0
1,2017,9,28,7,0,0,0,7.589919,0
1,2017,9,28,7,1,0,0,4.162068,0
1,2017,9,28,7,2,0,0,10.80656,0
1,2017,9,28,7,3,0,0,10.29105,0
1,2017,9,28,8,0,0,0,3.981928,0
1,2017,9,28,8,1,0,0,2.664761,0
1,2017,9,28,8,2,0,0,11.250916,0
1,2017,9,28,8,3,0,0,12.580897,0
1,2017,9,28,9,0,0,0,12.498934,0
1,2017,9,28,9,1,0,0,21.423667,0
1,2017,9,28,9,2,0,0,15.641228,0
1,2017,9,28,9,3,0,0,10.230985,0
1,2017,9,28,10,0,0,0,17.448958,0
1,2017,9,28,10,1,0,0,15.073922,0
1,2017,9,28,10,2,0,0,17.494383,0
1,2017,9,28,10,3,0,0,27.263614,0
1,2017,9,28,11,0,0,0,19.292258,0
1,2017,9,28,11,1,0,0,11.825346,0
1,2017,9,28,11,2,0,0,19.827603,0
1,2017,9,28,11,3,0,0,16.93782,0
1,2017,9,28,12,0,0,0,9.943837,0
1,2017,9,28,12,1,0,0,12.562962,0
1,2017,9,28,12,2,0,0,20.003673,0
1,2017,9,28,12,3,0,0,21.027997,0
1,2017,9,28,13,0,0,0,18.866551,0
1,2017,9,28,13,1,0,0,11.658388,0
1,2017,9,28,13,2,0,0,11.905639,0
1,2017,9,28,13,3,0,0,15.05845,0
1,2017,9,28,14,0,0,0,17.609928,0
1,2017,9,28,14,1,0,0,13.394446,0
1,2017,9,28,14,2,0,0,21.476362,0
1,2017,9,28,14,3,0,0,20.755448,0
1,2017,9,28,15,0,0,0,21.765318,0
1,2017,9,28,15,1,0,0,20.437787,0
1,2017,9,28,15,2,0,0,18.396134,0
1,2017,9,28,15,3,0,0,7.836204,0
1,2017,9,28,16,0,0,0,10.224964,0
1,2017,9,28,16,1,0,0,16.039782,0
1,2017,9,28,16,2,0,0,20.314285,0
1,2017,9,28,16,3,0,0,20.416491,0
1,2017,9,28,17,0,0,0,18.225907,0
1,2017,9,28,17,1,0,0,24.412742,0
1,2017,9,28,17,2,0,0,18.126729,0
1,2017,9,28,17,3,0,0,21.677739,0
1,2017,9,28,18,0,0,0,11.101713,0
1,2017,9,28,18,1,0,0,3.487925,0
1,2017,9,28,18,2,0,0,3.079756,0
1,2017,9,28,18,3,0,0,5.855626,0
1,2017,9,28,19,0,0,0,17.676062,0
1,2017,9,28,19,1,0,0,13.794641,0
1,2017,9,28,19,2,0,0,12.616119,0
1,2017,9,28,19,3,0,0,12.776268,0
1,2017,9,28,20,0,0,0,12.635661,0
1,2017,9,28,20,1,0,0,9.024866,0
1,2017,9,28,20,2,0,0,12.028797,0
1,2017,9,28,20,3,0,0,3.754957,0
1,2017,9,28,21,0,0,0,11.777184,0
1,2017,9,28,21,1,0,0,13.211541,0
1,2017,9,28,21,2,0,0,13.145677,0
1,2017,9,28,21,3,0,0,11.013409,0
1,2017,9,28,22,0,0,0,23.486728,0
1,2017,9,28,22,1,0,0,25.488443,0
1,2017,9,28,22,2,0,0,12.91312,0
1,2017,9,28,22,3,0,0,5.899867,0
1,2017,9,28,23,0,0,0,8.748016,0
1,2017,9,28,23,1,0,0,19.560898,0
1,2017,9,28,23,2,0,0,19.908152,0
1,2017,9,28,23,3,0,0,10.542221,0
1,2017,9,29,0,0,0,0,12.052818,0
1,2017,9,29,0,1,0,0,14.863275,0
1,2017,9,29,0,2,0,0,10.386886,0
1,2017,9,29,0,3,0,0,6.081886,0
1,2017,9,29,1,0,0,0,3.211886,0
1,2017,9,29,1,1,0,0,13.335068,0
1,2017,9,29,1,2,0,0,13.4668,0
1,2017,9,29,1,3,0,0,11.576172,0
1,2017,9,29,2,0,0,0,3.769505,0
1,2017,9,29,2,1,0,0,3.211886,0
1,2017,9,29,2,2,0,0,3.211886,0
1,2017,9,29,2,3,0,0,3.211886,0
1,2017,9,29,3,0,0,0,3.211886,0
1,2017,9,29,3,1,0,0,3.211886,0
1,2017,9,29,3,2,0,0,3.211886,0
1,2017,9,29,3,3,0,0,3.211886,0
1,2017,9,29,4,0,0,0,3.771886,0
1,2017,9,29,4,1,0,0,5.451886,0
1,2017,9,29,4,2,0,0,3.211886,0
1,2017,9,29,4,3,0,0,3.211886,0
1,2017,9,29,5,0,0,0,3.211886,0
1,2017,9,29,5,1,0,0,3.901886,0
1,2017,9,29,5,2,0,0,5.301886,0
1,2017,9,29,5,3,0,0,3.921886,0
1,2017,9,29,6,0,0,0,5.561886,0
1,2017,9,29,6,1,0,0,6.736886,0
1,2017,9,29,6,2,0,0,14.767399,0
1,2017,9,29,6,3,0,0,13.406769,0
1,2017,9,29,7,0,0,0,9.70555,0
1,2017,9,29,7,1,0,0,11.389037,0
1,2017,9,29,7,2,0,0,9.510427,0
1,2017,9,29,7,3,0,0,13.773544,0
1,2017,9,29,8,0,0,0,7.492728,0
1,2017,9,29,8,1,0,0,7.263518,0
1,2017,9,29,8,2,0,0,12.717356,0
1,2017,9,29,8,3,0,0,16.83747,0
1,2017,9,29,9,0,0,0,19.565658,0
1,2017,9,29,9,1,0,0,13.897239,0
1,2017,9,29,9,2,0,0,17.416997,0
1,2017,9,29,9,3,0,0,23.006394,0
1,2017,9,29,10,0,0,0,24.107088,0
1,2017,9,29,10,1,0,0,32.165483,0
1,2017,9,29,10,2,0,0,33.571538,0
1,2017,9,29,10,3,0,0,32.877581,0
1,2017,9,29,11,0,0,0,30.258295,0
1,2017,9,29,11,1,0,0,21.362757,0
1,2017,9,29,11,2,0,0,23.128652,0
1,2017,9,29,11,3,0,0,25.697863,0
1,2017,9,29,12,0,0,0,19.521476,0
1,2017,9,29,12,1,0,0,20.627299,0
1,2017,9,29,12,2,0,0,20.368895,0
1,2017,9,29,12,3,0,0,20.230714,0
1,2017,9,29,13,0,0,0,13.593629,0
1,2017,9,29,13,1,0,0,20.615208,0
1,2017,9,29,13,2,0,0,21.016719,0
1,2017,9,29,13,3,0,0,18.461822,0
1,2017,9,29,14,0,0,0,15.726929,0
1,2017,9,29,14,1,0,0,13.863314,0
1,2017,9,29,14,2,0,0,22.455848,0
1,2017,9,29,14,3,0,0,23.562731,0
1,2017,9,29,15,0,0,0,13.965454,0
1,2017,9,29,15,1,0,0,19.181439,0
1,2017,9,29,15,2,0,0,23.83885,0
1,2017,9,29,15,3,0,0,26.45357,0
1,2017,9,29,16,0,0,0,18.234733,0
1,2017,9,29,16,1,0,0,17.106516,0
1,2017,9,29,16,2,0,0,25.484654,0
1,2017,9,29,16,3,0,0,17.541531,0
1,2017,9,29,17,0,0,0,12.706879,0
1,2017,9,29,17,1,0,0,9.598925,0
1,2017,9,29,17,2,0,0,20.194185,0
1,2017,9,29,17,3,0,0,19.146805,0
1,2017,9,29,18,0,0,0,7.770595,0
1,2017,9,29,18,1,0,0,16.2221,0
1,2017,9,29,18,2,0,0,25.544832,0
1,2017,9,29,18,3,0,0,22.518424,0
1,2017,9,29,19,0,0,0,12.99249,0
1,2017,9,29,19,1,0,0,11.300922,0
1,2017,9,29,19,2,0,0,16.591118,0
1,2017,9,29,19,3,0,0,16.5524,0
1,2017,9,29,20,0,0,0,13.887477,0
1,2017,9,29,20,1,0,0,10.90614,0
1,2017,9,29,20,2,0,0,20.817842,0
1,2017,9,29,20,3,0,0,29.149194,0
1,2017,9,29,21,0,0,0,19.948186,0
1,2017,9,29,21,1,0,0,19.822963,0
1,2017,9,29,21,2,0,0,24.616981,0
1,2017,9,29,21,3,0,0,23.213959,0
1,2017,9,29,22,0,0,0,11.944763,0
1,2017,9,29,22,1,0,0,18.775428,0
1,2017,9,29,22,2,0,0,19.16163,0
1,2017,9,29,22,3,0,0,27.264805,0
1,2017,9,29,23,0,0,0,26.84806,0
1,2017,9,29,23,1,0,0,17.552649,0
1,2017,9,29,23,2,0,0,24.90959,0
1,2017,9,29,23,3,0,0,16.293589,0
1,2017,9,30,0,0,0,0,6.350461,0
1,2017,9,30,0,1,0,0,22.792669,0
1,2017,9,30,0,2,0,0,15.243,0
1,2017,9,30,0,3,0,0,16.296725,0
1,2017,9,30,1,0,0,0,9.456018,0
1,2017,9,30,1,1,0,0,10.887043,0
1,2017,9,30,1,2,0,0,20.126156,0
1,2017,9,30,1,3,0,0,14.388467,0
1,2017,9,30,2,0,0,0,16.991508,0
1,2017,9,30,2,1,0,0,12.332043,0
1,2017,9,30,2,2,0,0,7.351274,0
1,2017,9,30,2,3,0,0,5.996787,0
1,2017,9,30,3,0,0,0,8.049864,0
1,2017,9,30,3,1,0,0,13.630249,0
1,2017,9,30,3,2,0,0,2.44871,0
1,2017,9,30,3,3,0,0,2.44871,0
1,2017,9,30,4,0,0,0,3.032346,0
1,2017,9,30,4,1,0,0,19.453922,0
1,2017,9,30,4,2,0,0,11.792589,0
1,2017,9,30,4,3,0,0,12.439512,0
1,2017,9,30,5,0,0,0,13.159466,0
1,2017,9,30,5,1,0,0,7.724424,0
1,2017,9,30,5,2,0,0,2.44871,0
1,2017,9,30,5,3,0,0,2.44871,0
1,2017,9,30,6,0,0,0,2.44871,0
1,2017,9,30,6,1,0,0,2.422761,0
1,2017,9,30,6,2,0,0,2.383837,0
1,2017,9,30,6,3,0,0,5.058837,0
1,2017,9,30,7,0,0,0,12.415087,0
1,2017,9,30,7,1,0,0,5.839696,0
1,2017,9,30,7,2,0,0,3.734761,0
1,2017,9,30,7,3,0,0,2.666349,0
1,2017,9,30,8,0,0,0,9.583901,0
1,2017,9,30,8,1,0,0,10.489001,0
1,2017,9,30,8,2,0,0,10.181934,0
1,2017,9,30,8,3,0,0,7.922092,0
1,2017,9,30,9,0,0,0,8.475192,0
1,2017,9,30,9,1,0,0,4.728385,0
1,2017,9,30,9,2,0,0,2.808182,0
1,2017,9,30,9,3,0,0,5.510354,0
1,2017,9,30,10,0,0,0,9.668017,0
1,2017,9,30,10,1,0,0,9.472298,0
1,2017,9,30,10,2,0,0,9.708552,0
1,2017,9,30,10,3,0,0,10.745235,0
1,2017,9,30,11,0,0,0,17.258504,0
1,2017,9,30,11,1,0,0,22.840203,0
1,2017,9,30,11,2,0,0,22.208624,0
1,2017,9,30,11,3,0,0,8.692147,0
1,2017,9,30,12,0,0,0,9.449928,0
1,2017,9,30,12,1,0,0,11.314322,0
1,2017,9,30,12,2,0,0,6.377517,0
1,2017,9,30,12,3,0,0,13.627673,0
1,2017,9,30,13,0,0,0,12.947461,0
1,2017,9,30,13,1,0,0,10.761002,0
1,2017,9,30,13,2,0,0,12.361444,0
1,2017,9,30,13,3,0,0,17.335111,0
1,2017,9,30,14,0,0,0,16.166778,0
1,2017,9,30,14,1,0,0,16.136432,0
1,2017,9,30,14,2,0,0,22.755408,0
1,2017,9,30,14,3,0,0,21.127213,0
1,2017,9,30,15,0,0,0,15.800464,0
1,2017,9,30,15,1,0,0,20.098731,0
1,2017,9,30,15,2,0,0,22.383353,0
1,2017,9,30,15,3,0,0,19.299626,0
1,2017,9,30,16,0,0,0,12.578986,0
1,2017,9,30,16,1,0,0,14.097534,0
1,2017,9,30,16,2,0,0,14.28357,0
1,2017,9,30,16,3,0,0,18.963914,0
1,2017,9,30,17,0,0,0,19.304752,0
1,2017,9,30,17,1,0,0,16.184211,0
1,2017,9,30,17,2,0,0,16.680493,0
1,2017,9,30,17,3,0,0,16.312082,0
1,2017,9,30,18,0,0,0,19.762644,0
1,2017,9,30,18,1,0,0,18.851873,0
1,2017,9,30,18,2,0,0,11.650748,0
1,2017,9,30,18,3,0,0,12.635067,0
1,2017,9,30,19,0,0,0,7.4034,0
1,2017,9,30,19,1,0,0,10.469127,0
1,2017,9,30,19,2,0,0,15.193528,0
1,2017,9,30,19,3,0,0,18.045513,0
1,2017,9,30,20,0,0,0,21.077753,0
1,2017,9,30,20,1,0,0,20.458574,0
1,2017,9,30,20,2,0,0,14.303256,0
1,2017,9,30,20,3,0,0,16.470624,0
1,2017,9,30,21,0,0,0,22.828672,0
1,2017,9,30,21,1,0,0,26.953175,0
1,2017,9,30,21,2,0,0,34.19703,0
1,2017,9,30,21,3,0,0,32.029427,0
1,2017,9,30,22,0,0,0,25.155744,0
1,2017,9,30,22,1,0,0,19.690021,0
1,2017,9,30,22,2,0,0,24.838483,0
1,2017,9,30,22,3,0,0,29.151797,0
1,2017,9,30,23,0,0,0,21.896461,0
1,2017,9,30,23,1,0,0,32.6236,0
1,2017,9,30,23,2,0,0,17.149697,0
1,2017,9,30,23,3,0,0,2.704586,0
1,2017,10,1,0,0,0,0,2.704586,0
1,2017,10,1,0,1,0,0,5.593253,0
1,2017,10,1,0,2,0,0,19.909832,0
1,2017,10,1,0,3,0,0,12.466516,0
1,2017,10,1,1,0,0,0,11.175006,0
1,2017,10,1,1,1,0,0,29.868661,0
1,2017,10,1,1,2,0,0,32.390999,0
1,2017,10,1,1,3,0,0,24.763661,0
1,2017,10,1,2,0,0,0,33.711033,0
1,2017,10,1,2,1,0,0,23.583121,0
1,2017,10,1,2,2,0,0,23.924475,0
1,2017,10,1,2,3,0,0,19.498354,0
1,2017,10,1,3,0,0,0,17.777657,0
1,2017,10,1,3,1,0,0,15.513532,0
1,2017,10,1,3,2,0,0,15.722258,0
1,2017,10,1,3,3,0,0,24.793024,0
1,2017,10,1,4,0,0,0,17.94855,0
1,2017,10,1,4,1,0,0,26.629762,0
1,2017,10,1,4,2,0,0,30.286062,0
1,2017,10,1,4,3,0,0,27.346883,0
1,2017,10,1,5,0,0,0,13.289315,0
1,2017,10,1,5,1,0,0,6.071809,0
1,2017,10,1,5,2,0,0,7.866094,0
1,2017,10,1,5,3,0,0,3.828952,0
1,2017,10,1,6,0,0,0,20.657202,0
1,2017,10,1,6,1,0,0,23.229319,0
1,2017,10,1,6,2,0,0,20.422567,0
1,2017,10,1,6,3,0,0,4.015973,0
1,2017,10,1,7,0,0,0,8.608776,0
1,2017,10,1,7,1,0,0,9.159879,0
1,2017,10,1,7,2,0,0,6.189528,0
1,2017,10,1,7,3,0,0,9.532745,0
1,2017,10,1,8,0,0,0,12.822581,0
1,2017,10,1,8,1,0,0,18.413426,0
1,2017,10,1,8,2,0,0,9.176957,0
1,2017,10,1,8,3,0,0,8.078278,0
1,2017,10,1,9,0,0,0,10.575774,0
1,2017,10,1,9,1,0,0,10.739618,0
1,2017,10,1,9,2,0,0,10.395618,0
1,2017,10,1,9,3,0,0,3.325553,0
1,2017,10,1,10,0,0,0,6.166222,0
1,2017,10,1,10,1,0,0,3.077799,0
1,2017,10,1,10,2,0,0,9.434165,0
1,2017,10,1,10,3,0,0,8.847665,0
1,2017,10,1,11,0,0,0,3.978496,0
1,2017,10,1,11,1,0,0,11.514772,0
1,2017,10,1,11,2,0,0,5.15536,0
1,2017,10,1,11,3,0,0,8.443593,0
1,2017,10,1,12,0,0,0,10.197562,0
1,2017,10,1,12,1,0,0,16.858887,0
1,2017,10,1,12,2,0,0,15.744317,0
1,2017,10,1,12,3,0,0,16.19007,0
1,2017,10,1,13,0,0,0,7.073659,0
1,2017,10,1,13,1,0,0,14.781669,0
1,2017,10,1,13,2,0,0,15.564458,0
1,2017,10,1,13,3,0,0,21.293627,0
1,2017,10,1,14,0,0,0,NaN,0
1,2017,10,1,14,1,0,0,21.337959,0
1,2017,10,1,14,2,0,0,29.088063,0
1,2017,10,1,14,3,0,0,14.114113,0
1,2017,10,1,15,0,0,0,13.085908,0
1,2017,10,1,15,1,0,0,23.3856,0
1,2017,10,1,15,2,0,0,27.9003,0
1,2017,10,1,15,3,0,0,29.897555,0
1,2017,10,1,16,0,0,0,24.508846,0
1,2017,10,1,16,1,0,0,20.532518,0
1,2017,10,1,16,2,0,0,17.068235,0
1,2017,10,1,16,3,0,0,17.98837,0
1,2017,10,1,17,0,0,0,24.611164,0
1,2017,10,1,17,1,0,0,24.483102,0
1,2017,10,1,17,2,0,0,23.7769,0
1,2017,10,1,17,3,0,0,18.632152,0
1,2017,10,1,18,0,0,0,24.936482,0
1,2017,10,1,18,1,0,0,20.814161,0
1,2017,10,1,18,2,0,0,11.910025,0
1,2017,10,1,18,3,0,0,15.798562,0
1,2017,10,1,19,0,0,0,15.241254,0
1,2017,10,1,19,1,0,0,13.168866,0
1,2017,10,1,19,2,0,0,15.052678,0
1,2017,10,1,19,3,0,0,8.027294,0
1,2017,10,1,20,0,0,0,14.446332,0
1,2017,10,1,20,1,0,0,3.862986,0
1,2017,10,1,20,2,0,0,7.221084,0
1,2017,10,1,20,3,0,0,21.427497,0
1,2017,10,1,21,0,0,0,16.927811,0
1,2017,10,1,21,1,0,0,11.543098,0
1,2017,10,1,21,2,0,0,6.928052,0
1,2017,10,1,21,3,0,0,4.047924,0
1,2017,10,1,22,0,0,0,11.223968,0
1,2017,10,1,22,1,0,0,4.053968,0
1,2017,10,1,22,2,0,0,10.730079,0
1,2017,10,1,22,3,0,0,17.918094,0
1,2017,10,1,23,0,0,0,27.693397,0
1,2017,10,1,23,1,0,0,9.746491,0
1,2017,10,1,23,2,0,0,6.667004,0
1,2017,10,1,23,3,0,0,11.13115,0
1,2017,10,2,0,0,0,0,9.101088,0
1,2017,10,2,0,1,0,0,10.544649,0
1,2017,10,2,0,2,0,0,6.177058,0
1,2017,10,2,0,3,0,0,3.790101,0
1,2017,10,2,1,0,0,0,3.790101,0
1,2017,10,2,1,1,0,0,7.505657,0
1,2017,10,2,1,2,0,0,10.756768,0
1,2017,10,2,1,3,0,0,9.272662,0
1,2017,10,2,2,0,0,0,11.557493,0
1,2017,10,2,2,1,0,0,4.307927,0
1,2017,10,2,2,2,0,0,4.021406,0
1,2017,10,2,2,3,0,0,7.259667,0
1,2017,10,2,3,0,0,0,5.756732,0
1,2017,10,2,3,1,0,0,4.832601,0
1,2017,10,2,3,2,0,0,5.261212,0
1,2017,10,2,3,3,0,0,5.62899,0
1,2017,10,2,4,0,0,0,3.790101,0
1,2017,10,2,4,1,0,0,3.790101,0
1,2017,10,2,4,2,0,0,3.790101,0
1,2017,10,2,4,3,0,0,3.790101,0
1,2017,10,2,5,0,0,0,3.790101,0
1,2017,10,2,5,1,0,0,3.790101,0
1,2017,10,2,5,2,0,0,3.790101,0
1,2017,10,2,5,3,0,0,13.986074,0
1,2017,10,2,6,0,0,0,14.254129,0
1,2017,10,2,6,1,0,0,3.790101,0
1,2017,10,2,6,2,0,0,3.790101,0
1,2017,10,2,6,3,0,0,8.579487,0
1,2017,10,2,7,0,0,0,10.060299,0
1,2017,10,2,7,1,0,0,7.63535,0
1,2017,10,2,7,2,0,0,11.034375,0
1,2017,10,2,7,3,0,0,12.645256,0
1,2017,10,2,8,0,0,0,8.292614,0
1,2017,10,2,8,1,0,0,5.651849,0
1,2017,10,2,8,2,0,0,5.711243,0
1,2017,10,2,8,3,0,0,8.222222,0
1,2017,10,2,9,0,0,0,10.955694,0
1,2017,10,2,9,1,0,0,10.681421,0
1,2017,10,2,9,2,0,0,13.805596,0
1,2017,10,2,9,3,0,0,15.753576,0
1,2017,10,2,10,0,0,0,17.959001,0
1,2017,10,2,10,1,0,0,15.072794,0
1,2017,10,2,10,2,0,0,18.768319,0
1,2017,10,2,10,3,0,0,16.625841,0
1,2017,10,2,11,0,0,0,26.619037,0
1,2017,10,2,11,1,0,0,22.985985,0
1,2017,10,2,11,2,0,0,20.332927,0
1,2017,10,2,11,3,0,0,16.669598,0
1,2017,10,2,12,0,0,0,12.403921,0
1,2017,10,2,12,1,0,0,18.714347,0
1,2017,10,2,12,2,0,0,17.581175,0
1,2017,10,2,12,3,0,0,20.39278,0
1,2017,10,2,13,0,0,0,25.683911,0
1,2017,10,2,13,1,0,0,19.106066,0
1,2017,10,2,13,2,0,0,17.841882,0
1,2017,10,2,13,3,0,0,11.197878,0
1,2017,10,2,14,0,0,0,14.853751,0
1,2017,10,2,14,1,0,0,21.122111,0
1,2017,10,2,14,2,0,0,12.041818,0
1,2017,10,2,14,3,0,0,17.735628,0
1,2017,10,2,15,0,0,0,21.552714,0
1,2017,10,2,15,1,0,0,17.560406,0
1,2017,10,2,15,2,0,0,14.325159,0
1,2017,10,2,15,3,0,0,18.630325,0
1,2017,10,2,16,0,0,0,11.87457,0
1,2017,10,2,16,1,0,0,6.860692,0
1,2017,10,2,16,2,0,0,17.821327,0
1,2017,10,2,16,3,0,0,10.987088,0
1,2017,10,2,17,0,0,0,6.408516,0
1,2017,10,2,17,1,0,0,7.213516,0
1,2017,10,2,17,2,0,0,11.116543,0
1,2017,10,2,17,3,0,0,15.468205,0
1,2017,10,2,18,0,0,0,17.795615,0
1,2017,10,2,18,1,0,0,18.348678,0
1,2017,10,2,18,2,0,0,18.0401,0
1,2017,10,2,18,3,0,0,13.029288,0
1,2017,10,2,19,0,0,0,10.46871,0
1,2017,10,2,19,1,0,0,12.39265,0
1,2017,10,2,19,2,0,0,13.841188,0
1,2017,10,2,19,3,0,0,11.204381,0
1,2017,10,2,20,0,0,0,11.204381,0
1,2017,10,2,20,1,0,0,11.191307,0
1,2017,10,2,20,2,0,0,17.906159,0
1,2017,10,2,20,3,0,0,22.458041,0
1,2017,10,2,21,0,0,0,8.092261,0
1,2017,10,2,21,1,0,0,7.015576,0
1,2017,10,2,21,2,0,0,14.005989,0
1,2017,10,2,21,3,0,0,8.55353,0
1,2017,10,2,22,0,0,0,7.446472,0
1,2017,10,2,22,1,0,0,4.40206,0
1,2017,10,2,22,2,0,0,15.053109,0
1,2017,10,2,22,3,0,0,24.278884,0
1,2017,10,2,23,0,0,0,20.838553,0
1,2017,10,2,23,1,0,0,20.624717,0
1,2017,10,2,23,2,0,0,14.801652,0
1,2017,10,2,23,3,0,0,19.964167,0
1,2017,10,3,0,0,0,0,23.413088,0
1,2017,10,3,0,1,0,0,7.150562,0
1,2017,10,3,0,2,0,0,5.778687,0
1,2017,10,3,0,3,0,0,8.738687,0
1,2017,10,3,1,0,0,0,5.299864,0
1,2017,10,3,1,1,0,0,8.847511,0
1,2017,10,3,1,2,0,0,3.188687,0
1,2017,10,3,1,3,0,0,3.188687,0
1,2017,10,3,2,0,0,0,3.188687,0
1,2017,10,3,2,1,0,0,3.188687,0
1,2017,10,3,2,2,0,0,4.095354,0
1,2017,10,3,2,3,0,0,9.08202,0
1,2017,10,3,3,0,0,0,3.188687,0
1,2017,10,3,3,1,0,0,3.188687,0
1,2017,10,3,3,2,0,0,3.188687,0
1,2017,10,3,3,3,0,0,3.188687,0
1,2017,10,3,4,0,0,0,3.188687,0
1,2017,10,3,4,1,0,0,3.188687,0
1,2017,10,3,4,2,0,0,3.188687,0
1,2017,10,3,4,3,0,0,3.188687,0
1,2017,10,3,5,0,0,0,3.188687,0
1,2017,10,3,5,1,0,0,3.188687,0
1,2017,10,3,5,2,0,0,3.188687,0
1,2017,10,3,5,3,0,0,3.188687,0
1,2017,10,3,6,0,0,0,3.188687,0
1,2017,10,3,6,1,0,0,6.660116,0
1,2017,10,3,6,2,0,0,3.767259,0
1,2017,10,3,6,3,0,0,4.052687,0
1,2017,10,3,7,0,0,0,5.132284,0
1,2017,10,3,7,1,0,0,5.346809,0
1,2017,10,3,7,2,0,0,5.948346,0
1,2017,10,3,7,3,0,0,2.465451,0
1,2017,10,3,8,0,0,0,3.126388,0
1,2017,10,3,8,1,0,0,8.932196,0
1,2017,10,3,8,2,0,0,11.303871,0
1,2017,10,3,8,3,0,0,7.610927,0
1,2017,10,3,9,0,0,0,8.723547,0
1,2017,10,3,9,1,0,0,19.660118,0
1,2017,10,3,9,2,0,0,30.650842,0
1,2017,10,3,9,3,0,0,13.85334,0
1,2017,10,3,10,0,0,0,18.112672,0
1,2017,10,3,10,1,0,0,13.705368,0
1,2017,10,3,10,2,0,0,13.040762,0
1,2017,10,3,10,3,0,0,21.847412,0
1,2017,10,3,11,0,0,0,23.098549,0
1,2017,10,3,11,1,0,0,21.953892,0
1,2017,10,3,11,2,0,0,23.395977,0
1,2017,10,3,11,3,0,0,27.528581,0
1,2017,10,3,12,0,0,0,16.521699,0
1,2017,10,3,12,1,0,0,24.121547,0
1,2017,10,3,12,2,0,0,22.335362,0
1,2017,10,3,12,3,0,0,30.171756,0
1,2017,10,3,13,0,0,0,29.53988,0
1,2017,10,3,13,1,0,0,22.482532,0
1,2017,10,3,13,2,0,0,19.58824,0
1,2017,10,3,13,3,0,0,12.58233,0
1,2017,10,3,14,0,0,0,15.069805,0
1,2017,10,3,14,1,0,0,21.083877,0
1,2017,10,3,14,2,0,0,24.417313,0
1,2017,10,3,14,3,0,0,18.948561,0
1,2017,10,3,15,0,0,0,16.315192,0
1,2017,10,3,15,1,0,0,13.318268,0
1,2017,10,3,15,2,0,0,14.279716,0
1,2017,10,3,15,3,0,0,17.279828,0
1,2017,10,3,16,0,0,0,10.129233,0
1,2017,10,3,16,1,0,0,14.419342,0
1,2017,10,3,16,2,0,0,13.823029,0
1,2017,10,3,16,3,0,0,21.127469,0
1,2017,10,3,17,0,0,0,16.388983,0
1,2017,10,3,17,1,0,0,15.512111,0
1,2017,10,3,17,2,0,0,18.433639,0
1,2017,10,3,17,3,0,0,10.886583,0
1,2017,10,3,18,0,0,0,5.569352,0
1,2017,10,3,18,1,0,0,4.263518,0
1,2017,10,3,18,2,0,0,11.937096,0
1,2017,10,3,18,3,0,0,9.467084,0
1,2017,10,3,19,0,0,0,10.138089,0
1,2017,10,3,19,1,0,0,14.743133,0
1,2017,10,3,19,2,0,0,12.725245,0
1,2017,10,3,19,3,0,0,11.325311,0
1,2017,10,3,20,0,0,0,8.911154,0
1,2017,10,3,20,1,0,0,4.578281,0
1,2017,10,3,20,2,0,0,8.824461,0
1,2017,10,3,20,3,0,0,16.425989,0
1,2017,10,3,21,0,0,0,9.655695,0
1,2017,10,3,21,1,0,0,9.798775,0
1,2017,10,3,21,2,0,0,9.342047,0
1,2017,10,3,21,3,0,0,14.933419,0
1,2017,10,3,22,0,0,0,9.373005,0
1,2017,10,3,22,1,0,0,16.636036,0
1,2017,10,3,22,2,0,0,27.62638,0
1,2017,10,3,22,3,0,0,13.905601,0
1,2017,10,3,23,0,0,0,11.331244,0
1,2017,10,3,23,1,0,0,10.14516,0
1,2017,10,3,23,2,0,0,7.586709,0
1,2017,10,3,23,3,0,0,5.897646,0
1,2017,10,4,0,0,0,0,8.553646,0
1,2017,10,4,0,1,0,0,4.569646,0
1,2017,10,4,0,2,0,0,3.573646,0
1,2017,10,4,0,3,0,0,11.295385,0
1,2017,10,4,1,0,0,0,11.518282,0
1,2017,10,4,1,1,0,0,8.937271,0
1,2017,10,4,1,2,0,0,3.573646,0
1,2017,10,4,1,3,0,0,3.573646,0
1,2017,10,4,2,0,0,0,11.528646,0
1,2017,10,4,2,1,0,0,11.528646,0
1,2017,10,4,2,2,0,0,3.573646,0
1,2017,10,4,2,3,0,0,3.573646,0
1,2017,10,4,3,0,0,0,3.573646,0
1,2017,10,4,3,1,0,0,3.573646,0
1,2017,10,4,3,2,0,0,3.573646,0
1,2017,10,4,3,3,0,0,3.573646,0
1,2017,10,4,4,0,0,0,4.094811,0
1,2017,10,4,4,1,0,0,4.284325,0
1,2017,10,4,4,2,0,0,4.284325,0
1,2017,10,4,4,3,0,0,4.284325,0
1,2017,10,4,5,0,0,0,11.873492,0
1,2017,10,4,5,1,0,0,9.705159,0
1,2017,10,4,5,2,0,0,4.284325,0
1,2017,10,4,5,3,0,0,4.74877,0
1,2017,10,4,6,0,0,0,9.895266,0
1,2017,10,4,6,1,0,0,13.662625,0
1,2017,10,4,6,2,0,0,6.710641,0
1,2017,10,4,6,3,0,0,4.068014,0
1,2017,10,4,7,0,0,0,6.852038,0
1,2017,10,4,7,1,0,0,6.164012,0
1,2017,10,4,7,2,0,0,4.841265,0
1,2017,10,4,7,3,0,0,14.991179,0
1,2017,10,4,8,0,0,0,8.862627,0
1,2017,10,4,8,1,0,0,11.920232,0
1,2017,10,4,8,2,0,0,8.503828,0
1,2017,10,4,8,3,0,0,12.521181,0
1,2017,10,4,9,0,0,0,16.258325,0
1,2017,10,4,9,1,0,0,16.689116,0
1,2017,10,4,9,2,0,0,14.585517,0
1,2017,10,4,9,3,0,0,9.737769,0
1,2017,10,4,10,0,0,0,19.436522,0
1,2017,10,4,10,1,0,0,19.269671,0
1,2017,10,4,10,2,0,0,14.408345,0
1,2017,10,4,10,3,0,0,11.83607,0
1,2017,10,4,11,0,0,0,13.948592,0
1,2017,10,4,11,1,0,0,18.457927,0
1,2017,10,4,11,2,0,0,21.169792,0
1,2017,10,4,11,3,0,0,11.5005,0
1,2017,10,4,12,0,0,0,9.337874,0
1,2017,10,4,12,1,0,0,17.51344,0
1,2017,10,4,12,2,0,0,11.996514,0
1,2017,10,4,12,3,0,0,12.192744,0
1,2017,10,4,13,0,0,0,17.333172,0
1,2017,10,4,13,1,0,0,19.732299,0
1,2017,10,4,13,2,0,0,24.446906,0
1,2017,10,4,13,3,0,0,23.030604,0
1,2017,10,4,14,0,0,0,14.830118,0
1,2017,10,4,14,1,0,0,17.302826,0
1,2017,10,4,14,2,0,0,17.629367,0
1,2017,10,4,14,3,0,0,22.610216,0
1,2017,10,4,15,0,0,0,21.607319,0
1,2017,10,4,15,1,0,0,20.951887,0
1,2017,10,4,15,2,0,0,16.665636,0
1,2017,10,4,15,3,0,0,14.849679,0
1,2017,10,4,16,0,0,0,16.623646,0
1,2017,10,4,16,1,0,0,11.7431,0
1,2017,10,4,16,2,0,0,14.489952,0
1,2017,10,4,16,3,0,0,14.737517,0
1,2017,10,4,17,0,0,0,10.872571,0
1,2017,10,4,17,1,0,0,15.521433,0
1,2017,10,4,17,2,0,0,10.864455,0
1,2017,10,4,17,3,0,0,12.622591,0
1,2017,10,4,18,0,0,0,12.57813,0
1,2017,10,4,18,1,0,0,11.084797,0
1,2017,10,4,18,2,0,0,10.41195,0
1,2017,10,4,18,3,0,0,9.589371,0
1,2017,10,4,19,0,0,0,7.079385,0
1,2017,10,4,19,1,0,0,4.00123,0
1,2017,10,4,19,2,0,0,7.646058,0
1,2017,10,4,19,3,0,0,7.125368,0
1,2017,10,4,20,0,0,0,3.740885,0
1,2017,10,4,20,1,0,0,3.534485,0
1,2017,10,4,20,2,0,0,6.3911,0
1,2017,10,4,20,3,0,0,9.112528,0
1,2017,10,4,21,0,0,0,7.207528,0
1,2017,10,4,21,1,0,0,3.599938,0
1,2017,10,4,21,2,0,0,14.069831,0
1,2017,10,4,21,3,0,0,15.847585,0
1,2017,10,4,22,0,0,0,3.868036,0
1,2017,10,4,22,1,0,0,3.081369,0
1,2017,10,4,22,2,0,0,6.708369,0
1,2017,10,4,22,3,0,0,12.948369,0
1,2017,10,4,23,0,0,0,6.591369,0
1,2017,10,4,23,1,0,0,6.041769,0
1,2017,10,4,23,2,0,0,6.487986,0
1,2017,10,4,23,3,0,0,5.080377,0
1,2017,10,5,0,0,0,0,8.935286,0
1,2017,10,5,0,1,0,0,8.935286,0
1,2017,10,5,0,2,0,0,7.517191,0
1,2017,10,5,0,3,0,0,3.617429,0
1,2017,10,5,1,0,0,0,12.402913,0
1,2017,10,5,1,1,0,0,14.082526,0
1,2017,10,5,1,2,0,0,10.564848,0
1,2017,10,5,1,3,0,0,8.537429,0
1,2017,10,5,2,0,0,0,8.537429,0
1,2017,10,5,2,1,0,0,8.209429,0
1,2017,10,5,2,2,0,0,4.368929,0
1,2017,10,5,2,3,0,0,7.374929,0
1,2017,10,5,3,0,0,0,4.118429,0
1,2017,10,5,3,1,0,0,5.137429,0
1,2017,10,5,3,2,0,0,4.567429,0
1,2017,10,5,3,3,0,0,4.345143,0
1,2017,10,5,4,0,0,0,4.830286,0
1,2017,10,5,4,1,0,0,4.506858,0
1,2017,10,5,4,2,0,0,3.617429,0
1,2017,10,5,4,3,0,0,3.617429,0
1,2017,10,5,5,0,0,0,3.617429,0
1,2017,10,5,5,1,0,0,3.617429,0
1,2017,10,5,5,2,0,0,3.617429,0
1,2017,10,5,5,3,0,0,3.617429,0
1,2017,10,5,6,0,0,0,4.415577,0
1,2017,10,5,6,1,0,0,6.011873,0
1,2017,10,5,6,2,0,0,6.299122,0
1,2017,10,5,6,3,0,0,5.392143,0
1,2017,10,5,7,0,0,0,5.564446,0
1,2017,10,5,7,1,0,0,6.284824,0
1,2017,10,5,7,2,0,0,9.802978,0
1,2017,10,5,7,3,0,0,9.589626,0
1,2017,10,5,8,0,0,0,11.443028,0
1,2017,10,5,8,1,0,0,5.762208,0
1,2017,10,5,8,2,0,0,15.266539,0
1,2017,10,5,8,3,0,0,14.689229,0
1,2017,10,5,9,0,0,0,10.37218,0
1,2017,10,5,9,1,0,0,18.803807,0
1,2017,10,5,9,2,0,0,19.117841,0
1,2017,10,5,9,3,0,0,12.158449,0
1,2017,10,5,10,0,0,0,19.352081,0
1,2017,10,5,10,1,0,0,11.703938,0
1,2017,10,5,10,2,0,0,16.428509,0
1,2017,10,5,10,3,0,0,24.379027,0
1,2017,10,5,11,0,0,0,13.648797,0
1,2017,10,5,11,1,0,0,11.266088,0
1,2017,10,5,11,2,0,0,17.521407,0
1,2017,10,5,11,3,0,0,21.574051,0
1,2017,10,5,12,0,0,0,11.575835,0
1,2017,10,5,12,1,0,0,11.41384,0
1,2017,10,5,12,2,0,0,14.740206,0
1,2017,10,5,12,3,0,0,21.12876,0
1,2017,10,5,13,0,0,0,17.425355,0
1,2017,10,5,13,1,0,0,21.598045,0
1,2017,10,5,13,2,0,0,18.436429,0
1,2017,10,5,13,3,0,0,25.118575,0
1,2017,10,5,14,0,0,0,21.450418,0
1,2017,10,5,14,1,0,0,17.934086,0
1,2017,10,5,14,2,0,0,12.240145,0
1,2017,10,5,14,3,0,0,11.687761,0
1,2017,10,5,15,0,0,0,10.759071,0
1,2017,10,5,15,1,0,0,12.168645,0
1,2017,10,5,15,2,0,0,14.171034,0
1,2017,10,5,15,3,0,0,17.216198,0
1,2017,10,5,16,0,0,0,11.536042,0
1,2017,10,5,16,1,0,0,13.404275,0
1,2017,10,5,16,2,0,0,19.268169,0
1,2017,10,5,16,3,0,0,21.480709,0
1,2017,10,5,17,0,0,0,16.229708,0
1,2017,10,5,17,1,0,0,9.517671,0
1,2017,10,5,17,2,0,0,11.604591,0
1,2017,10,5,17,3,0,0,13.071874,0
1,2017,10,5,18,0,0,0,6.304102,0
1,2017,10,5,18,1,0,0,6.977063,0
1,2017,10,5,18,2,0,0,15.038251,0
1,2017,10,5,18,3,0,0,16.383727,0
1,2017,10,5,19,0,0,0,9.432163,0
1,2017,10,5,19,1,0,0,9.982007,0
1,2017,10,5,19,2,0,0,6.423208,0
1,2017,10,5,19,3,0,0,4.269638,0
1,2017,10,5,20,0,0,0,4.383971,0
1,2017,10,5,20,1,0,0,5.142349,0
1,2017,10,5,20,2,0,0,12.72444,0
1,2017,10,5,20,3,0,0,22.526986,0
1,2017,10,5,21,0,0,0,11.207621,0
1,2017,10,5,21,1,0,0,7.937548,0
1,2017,10,5,21,2,0,0,6.590603,0
1,2017,10,5,21,3,0,0,7.11085,0
1,2017,10,5,22,0,0,0,8.77424,0
1,2017,10,5,22,1,0,0,18.856731,0
1,2017,10,5,22,2,0,0,14.716423,0
1,2017,10,5,22,3,0,0,15.996111,0
1,2017,10,5,23,0,0,0,8.245279,0
1,2017,10,5,23,1,0,0,17.88791,0
1,2017,10,5,23,2,0,0,15.989149,0
1,2017,10,5,23,3,0,0,8.908113,0
1,2017,10,6,0,0,0,0,4.401446,0
1,2017,10,6,0,1,0,0,3.274779,0
1,2017,10,6,0,2,0,0,8.387961,0
1,2017,10,6,0,3,0,0,14.231597,0
1,2017,10,6,1,0,0,0,3.274779,0
1,2017,10,6,1,1,0,0,3.274779,0
1,2017,10,6,1,2,0,0,3.274779,0
1,2017,10,6,1,3,0,0,6.57271,0
1,2017,10,6,2,0,0,0,12.157193,0
1,2017,10,6,2,1,0,0,12.157193,0
1,2017,10,6,2,2,0,0,7.397193,0
1,2017,10,6,2,3,0,0,3.549607,0
1,2017,10,6,3,0,0,0,3.274779,0
1,2017,10,6,3,1,0,0,3.274779,0
1,2017,10,6,3,2,0,0,3.665395,0
1,2017,10,6,3,3,0,0,3.860703,0
1,2017,10,6,4,0,0,0,3.860703,0
1,2017,10,6,4,1,0,0,3.860703,0
1,2017,10,6,4,2,0,0,3.860703,0
1,2017,10,6,4,3,0,0,3.860703,0
1,2017,10,6,5,0,0,0,3.860703,0
1,2017,10,6,5,1,0,0,3.860703,0
1,2017,10,6,5,2,0,0,3.860703,0
1,2017,10,6,5,3,0,0,3.860703,0
1,2017,10,6,6,0,0,0,3.860703,0
1,2017,10,6,6,1,0,0,3.860703,0
1,2017,10,6,6,2,0,0,3.860703,0
1,2017,10,6,6,3,0,0,7.652394,0
1,2017,10,6,7,0,0,0,3.742274,0
1,2017,10,6,7,1,0,0,3.794925,0
1,2017,10,6,7,2,0,0,5.210605,0
1,2017,10,6,7,3,0,0,8.559984,0
1,2017,10,6,8,0,0,0,12.396651,0
1,2017,10,6,8,1,0,0,5.861649,0
1,2017,10,6,8,2,0,0,5.632856,0
1,2017,10,6,8,3,0,0,3.686393,0
1,2017,10,6,9,0,0,0,3.437278,0
1,2017,10,6,9,1,0,0,2.833645,0
1,2017,10,6,9,2,0,0,6.169798,0
1,2017,10,6,9,3,0,0,4.454703,0
1,2017,10,6,10,0,0,0,10.696889,0
1,2017,10,6,10,1,0,0,10.753316,0
1,2017,10,6,10,2,0,0,10.866026,0
1,2017,10,6,10,3,0,0,12.025099,0
1,2017,10,6,11,0,0,0,10.494383,0
1,2017,10,6,11,1,0,0,14.886149,0
1,2017,10,6,11,2,0,0,10.885299,0
1,2017,10,6,11,3,0,0,6.693092,0
1,2017,10,6,12,0,0,0,13.246836,0
1,2017,10,6,12,1,0,0,15.379533,0
1,2017,10,6,12,2,0,0,19.562903,0
1,2017,10,6,12,3,0,0,20.572251,0
1,2017,10,6,13,0,0,0,20.920011,0
1,2017,10,6,13,1,0,0,18.468707,0
1,2017,10,6,13,2,0,0,28.109069,0
1,2017,10,6,13,3,0,0,31.085863,0
1,2017,10,6,14,0,0,0,19.397113,0
1,2017,10,6,14,1,0,0,26.299588,0
1,2017,10,6,14,2,0,0,36.778602,0
1,2017,10,6,14,3,0,0,38.527551,0
1,2017,10,6,15,0,0,0,33.751905,0
1,2017,10,6,15,1,0,0,30.844481,0
1,2017,10,6,15,2,0,0,27.40059,0
1,2017,10,6,15,3,0,0,28.265475,0
1,2017,10,6,16,0,0,0,17.632494,0
1,2017,10,6,16,1,0,0,19.48883,0
1,2017,10,6,16,2,0,0,28.018691,0
1,2017,10,6,16,3,0,0,20.667699,0
1,2017,10,6,17,0,0,0,9.588232,0
1,2017,10,6,17,1,0,0,9.247318,0
1,2017,10,6,17,2,0,0,9.482167,0
1,2017,10,6,17,3,0,0,9.209333,0
1,2017,10,6,18,0,0,0,15.3775,0
1,2017,10,6,18,1,0,0,18.765643,0
1,2017,10,6,18,2,0,0,16.179311,0
1,2017,10,6,18,3,0,0,10.707737,0
1,2017,10,6,19,0,0,0,5.398007,0
1,2017,10,6,19,1,0,0,5.925807,0
1,2017,10,6,19,2,0,0,6.304086,0
1,2017,10,6,19,3,0,0,16.619589,0
1,2017,10,6,20,0,0,0,29.55548,0
1,2017,10,6,20,1,0,0,32.930961,0
1,2017,10,6,20,2,0,0,19.385479,0
1,2017,10,6,20,3,0,0,16.36938,0
1,2017,10,6,21,0,0,0,21.684403,0
1,2017,10,6,21,1,0,0,18.71242,0
1,2017,10,6,21,2,0,0,13.735554,0
1,2017,10,6,21,3,0,0,5.489468,0
1,2017,10,6,22,0,0,0,11.465841,0
1,2017,10,6,22,1,0,0,27.024868,0
1,2017,10,6,22,2,0,0,27.274382,0
1,2017,10,6,22,3,0,0,20.256452,0
1,2017,10,6,23,0,0,0,15.569195,0
1,2017,10,6,23,1,0,0,19.924064,0
1,2017,10,6,23,2,0,0,14.384498,0
1,2017,10,6,23,3,0,0,10.011885,0
1,2017,10,7,0,0,0,0,9.521786,0
1,2017,10,7,0,1,0,0,9.65895,0
1,2017,10,7,0,2,0,0,10.917539,0
1,2017,10,7,0,3,0,0,13.982443,0
1,2017,10,7,1,0,0,0,16.249549,0
1,2017,10,7,1,1,0,0,25.953455,0
1,2017,10,7,1,2,0,0,19.386665,0
1,2017,10,7,1,3,0,0,8.73414,0
1,2017,10,7,2,0,0,0,18.976126,0
1,2017,10,7,2,1,0,0,12.016744,0
1,2017,10,7,2,2,0,0,5.96218,0
1,2017,10,7,2,3,0,0,4.383965,0
1,2017,10,7,3,0,0,0,3.331823,0
1,2017,10,7,3,1,0,0,3.331823,0
1,2017,10,7,3,2,0,0,3.296018,0
1,2017,10,7,3,3,0,0,22.46316,0
1,2017,10,7,4,0,0,0,33.699122,0
1,2017,10,7,4,1,0,0,16.372728,0
1,2017,10,7,4,2,0,0,9.452623,0
1,2017,10,7,4,3,0,0,7.274051,0
1,2017,10,7,5,0,0,0,3.600956,0
1,2017,10,7,5,1,0,0,2.540123,0
1,2017,10,7,5,2,0,0,2.848182,0
1,2017,10,7,5,3,0,0,6.766916,0
1,2017,10,7,6,0,0,0,4.983583,0
1,2017,10,7,6,1,0,0,3.200249,0
1,2017,10,7,6,2,0,0,4.147992,0
1,2017,10,7,6,3,0,0,5.127543,0
1,2017,10,7,7,0,0,0,5.040888,0
1,2017,10,7,7,1,0,0,6.230263,0
1,2017,10,7,7,2,0,0,4.795694,0
1,2017,10,7,7,3,0,0,3.483434,0
1,2017,10,7,8,0,0,0,4.049474,0
1,2017,10,7,8,1,0,0,8.650155,0
1,2017,10,7,8,2,0,0,10.508488,0
1,2017,10,7,8,3,0,0,4.122138,0
1,2017,10,7,9,0,0,0,4.887945,0
1,2017,10,7,9,1,0,0,9.563278,0
1,2017,10,7,9,2,0,0,10.694178,0
1,2017,10,7,9,3,0,0,5.669335,0
1,2017,10,7,10,0,0,0,6.484724,0
1,2017,10,7,10,1,0,0,13.447187,0
1,2017,10,7,10,2,0,0,18.632155,0
1,2017,10,7,10,3,0,0,23.17866,0
1,2017,10,7,11,0,0,0,24.51705,0
1,2017,10,7,11,1,0,0,14.035104,0
1,2017,10,7,11,2,0,0,12.752653,0
1,2017,10,7,11,3,0,0,15.322864,0
1,2017,10,7,12,0,0,0,16.489352,0
1,2017,10,7,12,1,0,0,14.005022,0
1,2017,10,7,12,2,0,0,21.102324,0
1,2017,10,7,12,3,0,0,12.330796,0
1,2017,10,7,13,0,0,0,10.802705,0
1,2017,10,7,13,1,0,0,12.007474,0
1,2017,10,7,13,2,0,0,14.403386,0
1,2017,10,7,13,3,0,0,13.10149,0
1,2017,10,7,14,0,0,0,11.984842,0
1,2017,10,7,14,1,0,0,11.725798,0
1,2017,10,7,14,2,0,0,28.193857,0
1,2017,10,7,14,3,0,0,28.201377,0
1,2017,10,7,15,0,0,0,16.577586,0
1,2017,10,7,15,1,0,0,18.964436,0
1,2017,10,7,15,2,0,0,16.663007,0
1,2017,10,7,15,3,0,0,12.229803,0
1,2017,10,7,16,0,0,0,14.404823,0
1,2017,10,7,16,1,0,0,11.624797,0
1,2017,10,7,16,2,0,0,9.128252,0
1,2017,10,7,16,3,0,0,13.835609,0
1,2017,10,7,17,0,0,0,14.744448,0
1,2017,10,7,17,1,0,0,11.170467,0
1,2017,10,7,17,2,0,0,8.688324,0
1,2017,10,7,17,3,0,0,12.323219,0
1,2017,10,7,18,0,0,0,8.071815,0
1,2017,10,7,18,1,0,0,2.935186,0
1,2017,10,7,18,2,0,0,8.833936,0
1,2017,10,7,18,3,0,0,3.539302,0
1,2017,10,7,19,0,0,0,2.347689,0
1,2017,10,7,19,1,0,0,2.871941,0
1,2017,10,7,19,2,0,0,14.620809,0
1,2017,10,7,19,3,0,0,16.318388,0
1,2017,10,7,20,0,0,0,19.776981,0
1,2017,10,7,20,1,0,0,24.746411,0
1,2017,10,7,20,2,0,0,29.359455,0
1,2017,10,7,20,3,0,0,21.988679,0
1,2017,10,7,21,0,0,0,11.788757,0
1,2017,10,7,21,1,0,0,8.530826,0
1,2017,10,7,21,2,0,0,23.955047,0
1,2017,10,7,21,3,0,0,18.604468,0
1,2017,10,7,22,0,0,0,8.953134,0
1,2017,10,7,22,1,0,0,6.296833,0
1,2017,10,7,22,2,0,0,19.787652,0
1,2017,10,7,22,3,0,0,8.168902,0
1,2017,10,7,23,0,0,0,14.099912,0
1,2017,10,7,23,1,0,0,20.027348,0
1,2017,10,7,23,2,0,0,17.424113,0
1,2017,10,7,23,3,0,0,22.766488,0
1,2017,10,8,0,0,0,0,20.160876,0
1,2017,10,8,0,1,0,0,14.440731,0
1,2017,10,8,0,2,0,0,9.53044,0
1,2017,10,8,0,3,0,0,9.57604,0
1,2017,10,8,1,0,0,0,19.01979,0
1,2017,10,8,1,1,0,0,19.78316,0
1,2017,10,8,1,2,0,0,21.978866,0
1,2017,10,8,1,3,0,0,24.324775,0
1,2017,10,8,2,0,0,0,39.1666,0
1,2017,10,8,2,1,0,0,33.571978,0
1,2017,10,8,2,2,0,0,26.300612,0
1,2017,10,8,2,3,0,0,17.051851,0
1,2017,10,8,3,0,0,0,9.465244,0
1,2017,10,8,3,1,0,0,12.589411,0
1,2017,10,8,3,2,0,0,2.217327,0
1,2017,10,8,3,3,0,0,3.627994,0
1,2017,10,8,4,0,0,0,11.386661,0
1,2017,10,8,4,1,0,0,5.779827,0
1,2017,10,8,4,2,0,0,6.670452,0
1,2017,10,8,4,3,0,0,4.577315,0
1,2017,10,8,5,0,0,0,23.232755,0
1,2017,10,8,5,1,0,0,25.326421,0
1,2017,10,8,5,2,0,0,20.239598,0
1,2017,10,8,5,3,0,0,13.443863,0
1,2017,10,8,6,0,0,0,3.08174,0
1,2017,10,8,6,1,0,0,3.08174,0
1,2017,10,8,6,2,0,0,3.08174,0
1,2017,10,8,6,3,0,0,3.242103,0
1,2017,10,8,7,0,0,0,2.7323,0
1,2017,10,8,7,1,0,0,2.457365,0
1,2017,10,8,7,2,0,0,2.87671,0
1,2017,10,8,7,3,0,0,4.637821,0
1,2017,10,8,8,0,0,0,2.947821,0
1,2017,10,8,8,1,0,0,6.050044,0
1,2017,10,8,8,2,0,0,8.920316,0
1,2017,10,8,8,3,0,0,9.767959,0
1,2017,10,8,9,0,0,0,8.093723,0
1,2017,10,8,9,1,0,0,5.927917,0
1,2017,10,8,9,2,0,0,8.914954,0
1,2017,10,8,9,3,0,0,5.757917,0
1,2017,10,8,10,0,0,0,5.992397,0
1,2017,10,8,10,1,0,0,13.488139,0
1,2017,10,8,10,2,0,0,10.133798,0
1,2017,10,8,10,3,0,0,13.246616,0
1,2017,10,8,11,0,0,0,10.862282,0
1,2017,10,8,11,1,0,0,8.040129,0
1,2017,10,8,11,2,0,0,6.810984,0
1,2017,10,8,11,3,0,0,11.961318,0
1,2017,10,8,12,0,0,0,9.427865,0
1,2017,10,8,12,1,0,0,20.803309,0
1,2017,10,8,12,2,0,0,17.880002,0
1,2017,10,8,12,3,0,0,23.299743,0
1,2017,10,8,13,0,0,0,22.766619,0
1,2017,10,8,13,1,0,0,10.870764,0
1,2017,10,8,13,2,0,0,14.611554,0
1,2017,10,8,13,3,0,0,18.078309,0
1,2017,10,8,14,0,0,0,16.128351,0
1,2017,10,8,14,1,0,0,24.632278,0
1,2017,10,8,14,2,0,0,16.961284,0
1,2017,10,8,14,3,0,0,13.234934,0
1,2017,10,8,15,0,0,0,19.603499,0
1,2017,10,8,15,1,0,0,10.450944,0
1,2017,10,8,15,2,0,0,11.060351,0
1,2017,10,8,15,3,0,0,10.111107,0
1,2017,10,8,16,0,0,0,9.545017,0
1,2017,10,8,16,1,0,0,20.213681,0
1,2017,10,8,16,2,0,0,24.27934,0
1,2017,10,8,16,3,0,0,25.670005,0
1,2017,10,8,17,0,0,0,10.765185,0
1,2017,10,8,17,1,0,0,9.187385,0
1,2017,10,8,17,2,0,0,10.079467,0
1,2017,10,8,17,3,0,0,17.434638,0
1,2017,10,8,18,0,0,0,15.228582,0
1,2017,10,8,18,1,0,0,6.093015,0
1,2017,10,8,18,2,0,0,6.093015,0
1,2017,10,8,18,3,0,0,9.452941,0
1,2017,10,8,19,0,0,0,12.631912,0
1,2017,10,8,19,1,0,0,3.376912,0
1,2017,10,8,19,2,0,0,15.893537,0
1,2017,10,8,19,3,0,0,14.777408,0
1,2017,10,8,20,0,0,0,24.840943,0
1,2017,10,8,20,1,0,0,28.453829,0
1,2017,10,8,20,2,0,0,29.977869,0
1,2017,10,8,20,3,0,0,28.042925,0
1,2017,10,8,21,0,0,0,33.287471,0
1,2017,10,8,21,1,0,0,8.577091,0
1,2017,10,8,21,2,0,0,7.860393,0
1,2017,10,8,21,3,0,0,7.456361,0
1,2017,10,8,22,0,0,0,8.142398,0
1,2017,10,8,22,1,0,0,8.596633,0
1,2017,10,8,22,2,0,0,11.940314,0
1,2017,10,8,22,3,0,0,11.816425,0
1,2017,10,8,23,0,0,0,13.171134,0
1,2017,10,8,23,1,0,0,10.424105,0
1,2017,10,8,23,2,0,0,2.289438,0
1,2017,10,8,23,3,0,0,6.561908,0
1,2017,10,9,0,0,0,0,11.921868,0
1,2017,10,9,0,1,0,0,8.115362,0
1,2017,10,9,0,2,0,0,1.442172,0
1,2017,10,9,0,3,0,0,2.206172,0
1,2017,10,9,1,0,0,0,12.902172,0
1,2017,10,9,1,1,0,0,10.40472,0
1,2017,10,9,1,2,0,0,9.584563,0
1,2017,10,9,1,3,0,0,14.297216,0
1,2017,10,9,2,0,0,0,18.422456,0
1,2017,10,9,2,1,0,0,7.529606,0
1,2017,10,9,2,2,0,0,2.419831,0
1,2017,10,9,2,3,0,0,11.007331,0
1,2017,10,9,3,0,0,0,2.702288,0
1,2017,10,9,3,1,0,0,2.722463,0
1,2017,10,9,3,2,0,0,7.866749,0
1,2017,10,9,3,3,0,0,12.557408,0
1,2017,10,9,4,0,0,0,4.723232,0
1,2017,10,9,4,1,0,0,2.722463,0
1,2017,10,9,4,2,0,0,9.474461,0
1,2017,10,9,4,3,0,0,4.317563,0
1,2017,10,9,5,0,0,0,3.126794,0
1,2017,10,9,5,1,0,0,3.126794,0
1,2017,10,9,5,2,0,0,3.126794,0
1,2017,10,9,5,3,0,0,8.355461,0
1,2017,10,9,6,0,0,0,5.028128,0
1,2017,10,9,6,1,0,0,3.126794,0
1,2017,10,9,6,2,0,0,3.126794,0
1,2017,10,9,6,3,0,0,3.126794,0
1,2017,10,9,7,0,0,0,6.064272,0
1,2017,10,9,7,1,0,0,6.254288,0
1,2017,10,9,7,2,0,0,9.913397,0
1,2017,10,9,7,3,0,0,11.926804,0
1,2017,10,9,8,0,0,0,6.514984,0
1,2017,10,9,8,1,0,0,12.107643,0
1,2017,10,9,8,2,0,0,9.701337,0
1,2017,10,9,8,3,0,0,11.564368,0
1,2017,10,9,9,0,0,0,7.605975,0
1,2017,10,9,9,1,0,0,26.338667,0
1,2017,10,9,9,2,0,0,25.228642,0
1,2017,10,9,9,3,0,0,14.750865,0
1,2017,10,9,10,0,0,0,9.703664,0
1,2017,10,9,10,1,0,0,8.115061,0
1,2017,10,9,10,2,0,0,12.621778,0
1,2017,10,9,10,3,0,0,18.580423,0
1,2017,10,9,11,0,0,0,27.461058,0
1,2017,10,9,11,1,0,0,21.157793,0
1,2017,10,9,11,2,0,0,20.769569,0
1,2017,10,9,11,3,0,0,22.812646,0
1,2017,10,9,12,0,0,0,15.669585,0
1,2017,10,9,12,1,0,0,17.049112,0
1,2017,10,9,12,2,0,0,23.965287,0
1,2017,10,9,12,3,0,0,20.389093,0
1,2017,10,9,13,0,0,0,29.926444,0
1,2017,10,9,13,1,0,0,26.937718,0
1,2017,10,9,13,2,0,0,18.653971,0
1,2017,10,9,13,3,0,0,21.364978,0
1,2017,10,9,14,0,0,0,24.47228,0
1,2017,10,9,14,1,0,0,14.453071,0
1,2017,10,9,14,2,0,0,14.933977,0
1,2017,10,9,14,3,0,0,18.575771,0
1,2017,10,9,15,0,0,0,25.062,0
1,2017,10,9,15,1,0,0,13.848375,0
1,2017,10,9,15,2,0,0,7.136784,0
1,2017,10,9,15,3,0,0,6.198605,0
1,2017,10,9,16,0,0,0,4.698103,0
1,2017,10,9,16,1,0,0,8.133127,0
1,2017,10,9,16,2,0,0,18.257351,0
1,2017,10,9,16,3,0,0,19.373559,0
1,2017,10,9,17,0,0,0,19.657959,0
1,2017,10,9,17,1,0,0,11.505379,0
1,2017,10,9,17,2,0,0,17.372042,0
1,2017,10,9,17,3,0,0,21.093749,0
1,2017,10,9,18,0,0,0,21.669235,0
1,2017,10,9,18,1,0,0,22.794486,0
1,2017,10,9,18,2,0,0,14.022389,0
1,2017,10,9,18,3,0,0,12.067768,0
1,2017,10,9,19,0,0,0,23.413953,0
1,2017,10,9,19,1,0,0,17.250737,0
1,2017,10,9,19,2,0,0,11.95423,0
1,2017,10,9,19,3,0,0,12.017522,0
1,2017,10,9,20,0,0,0,9.900797,0
1,2017,10,9,20,1,0,0,10.520111,0
1,2017,10,9,20,2,0,0,14.235825,0
1,2017,10,9,20,3,0,0,9.910029,0
1,2017,10,9,21,0,0,0,19.345831,0
1,2017,10,9,21,1,0,0,15.630102,0
1,2017,10,9,21,2,0,0,7.038075,0
1,2017,10,9,21,3,0,0,5.125295,0
1,2017,10,9,22,0,0,0,7.64035,0
1,2017,10,9,22,1,0,0,9.631865,0
1,2017,10,9,22,2,0,0,12.956802,0
1,2017,10,9,22,3,0,0,13.113699,0
1,2017,10,9,23,0,0,0,13.248699,0
1,2017,10,9,23,1,0,0,11.018277,0
1,2017,10,9,23,2,0,0,9.332534,0
1,2017,10,9,23,3,0,0,10.013929,0
1,2017,10,10,0,0,0,0,10.307578,0
1,2017,10,10,0,1,0,0,5.637586,0
1,2017,10,10,0,2,0,0,5.637586,0
1,2017,10,10,0,3,0,0,5.637586,0
1,2017,10,10,1,0,0,0,5.637586,0
1,2017,10,10,1,1,0,0,6.061962,0
1,2017,10,10,1,2,0,0,6.27415,0
1,2017,10,10,1,3,0,0,6.27415,0
1,2017,10,10,2,0,0,0,9.21415,0
1,2017,10,10,2,1,0,0,10.68415,0
1,2017,10,10,2,2,0,0,10.68415,0
1,2017,10,10,2,3,0,0,13.13415,0
1,2017,10,10,3,0,0,0,6.83415,0
1,2017,10,10,3,1,0,0,6.27415,0
1,2017,10,10,3,2,0,0,11.783436,0
1,2017,10,10,3,3,0,0,9.334864,0
1,2017,10,10,4,0,0,0,6.27415,0
1,2017,10,10,4,1,0,0,10.030817,0
1,2017,10,10,4,2,0,0,7.347483,0
1,2017,10,10,4,3,0,0,6.27415,0
1,2017,10,10,5,0,0,0,7.827275,0
1,2017,10,10,5,1,0,0,9.602275,0
1,2017,10,10,5,2,0,0,8.4929,0
1,2017,10,10,5,3,0,0,6.27415,0
1,2017,10,10,6,0,0,0,6.27415,0
1,2017,10,10,6,1,0,0,6.27415,0
1,2017,10,10,6,2,0,0,6.27415,0
1,2017,10,10,6,3,0,0,6.145743,0
1,2017,10,10,7,0,0,0,4.785096,0
1,2017,10,10,7,1,0,0,5.204718,0
1,2017,10,10,7,2,0,0,5.406115,0
1,2017,10,10,7,3,0,0,3.263085,0
1,2017,10,10,8,0,0,0,3.761446,0
1,2017,10,10,8,1,0,0,6.234888,0
1,2017,10,10,8,2,0,0,13.270192,0
1,2017,10,10,8,3,0,0,4.876524,0
1,2017,10,10,9,0,0,0,3.050288,0
1,2017,10,10,9,1,0,0,2.543307,0
1,2017,10,10,9,2,0,0,5.479097,0
1,2017,10,10,9,3,0,0,9.095646,0
1,2017,10,10,10,0,0,0,8.898341,0
1,2017,10,10,10,1,0,0,5.448105,0
1,2017,10,10,10,2,0,0,4.641669,0
1,2017,10,10,10,3,0,0,5.201969,0
1,2017,10,10,11,0,0,0,8.900416,0
1,2017,10,10,11,1,0,0,15.300455,0
1,2017,10,10,11,2,0,0,11.110627,0
1,2017,10,10,11,3,0,0,6.396878,0
1,2017,10,10,12,0,0,0,12.541792,0
1,2017,10,10,12,1,0,0,20.187626,0
1,2017,10,10,12,2,0,0,11.835422,0
1,2017,10,10,12,3,0,0,8.27023,0
1,2017,10,10,13,0,0,0,11.324313,0
1,2017,10,10,13,1,0,0,21.275813,0
1,2017,10,10,13,2,0,0,17.007535,0
1,2017,10,10,13,3,0,0,16.097873,0
1,2017,10,10,14,0,0,0,11.04141,0
1,2017,10,10,14,1,0,0,15.503369,0
1,2017,10,10,14,2,0,0,24.484846,0
1,2017,10,10,14,3,0,0,24.364054,0
1,2017,10,10,15,0,0,0,17.589248,0
1,2017,10,10,15,1,0,0,16.930969,0
1,2017,10,10,15,2,0,0,10.67389,0
1,2017,10,10,15,3,0,0,14.372879,0
1,2017,10,10,16,0,0,0,10.193691,0
1,2017,10,10,16,1,0,0,8.068468,0
1,2017,10,10,16,2,0,0,8.563015,0
1,2017,10,10,16,3,0,0,8.193902,0
1,2017,10,10,17,0,0,0,7.631257,0
1,2017,10,10,17,1,0,0,7.021168,0
1,2017,10,10,17,2,0,0,13.359756,0
1,2017,10,10,17,3,0,0,10.703315,0
1,2017,10,10,18,0,0,0,8.908,0
1,2017,10,10,18,1,0,0,18.547112,0
1,2017,10,10,18,2,0,0,19.12813,0
1,2017,10,10,18,3,0,0,9.52322,0
1,2017,10,10,19,0,0,0,13.48339,0
1,2017,10,10,19,1,0,0,10.633601,0
1,2017,10,10,19,2,0,0,13.97051,0
1,2017,10,10,19,3,0,0,20.238753,0
1,2017,10,10,20,0,0,0,19.649253,0
1,2017,10,10,20,1,0,0,10.88896,0
1,2017,10,10,20,2,0,0,4.10862,0
1,2017,10,10,20,3,0,0,4.10862,0
1,2017,10,10,21,0,0,0,3.476693,0
1,2017,10,10,21,1,0,0,3.860533,0
1,2017,10,10,21,2,0,0,9.436779,0
1,2017,10,10,21,3,0,0,8.133631,0
1,2017,10,10,22,0,0,0,2.575759,0
1,2017,10,10,22,1,0,0,2.575759,0
1,2017,10,10,22,2,0,0,12.68687,0
1,2017,10,10,22,3,0,0,5.464648,0
1,2017,10,10,23,0,0,0,2.575759,0
1,2017,10,10,23,1,0,0,2.575759,0
1,2017,10,10,23,2,0,0,2.682973,0
1,2017,10,10,23,3,0,0,2.73658,0
1,2017,10,11,0,0,0,0,2.73658,0
1,2017,10,11,0,1,0,0,2.73658,0
1,2017,10,11,0,2,0,0,3.01655,0
1,2017,10,11,0,3,0,0,11.362135,0
1,2017,10,11,1,0,0,0,10.730935,0
1,2017,10,11,1,1,0,0,6.122249,0
1,2017,10,11,1,2,0,0,12.718093,0
1,2017,10,11,1,3,0,0,27.9027,0
1,2017,10,11,2,0,0,0,16.109972,0
1,2017,10,11,2,1,0,0,4.28966,0
1,2017,10,11,2,2,0,0,3.156535,0
1,2017,10,11,2,3,0,0,3.156535,0
1,2017,10,11,3,0,0,0,3.156535,0
1,2017,10,11,3,1,0,0,3.156535,0
1,2017,10,11,3,2,0,0,3.156535,0
1,2017,10,11,3,3,0,0,4.350821,0
1,2017,10,11,4,0,0,0,12.113678,0
1,2017,10,11,4,1,0,0,5.545106,0
1,2017,10,11,4,2,0,0,11.100535,0
1,2017,10,11,4,3,0,0,11.762535,0
1,2017,10,11,5,0,0,0,3.156535,0
1,2017,10,11,5,1,0,0,3.156535,0
1,2017,10,11,5,2,0,0,3.156535,0
1,2017,10,11,5,3,0,0,3.156535,0
1,2017,10,11,6,0,0,0,3.156535,0
1,2017,10,11,6,1,0,0,3.156535,0
1,2017,10,11,6,2,0,0,3.156535,0
1,2017,10,11,6,3,0,0,3.156535,0
1,2017,10,11,7,0,0,0,2.79301,0
1,2017,10,11,7,1,0,0,10.880146,0
1,2017,10,11,7,2,0,0,12.230815,0
1,2017,10,11,7,3,0,0,13.80342,0
1,2017,10,11,8,0,0,0,7.489502,0
1,2017,10,11,8,1,0,0,3.853947,0
1,2017,10,11,8,2,0,0,3.021278,0
1,2017,10,11,8,3,0,0,4.442735,0
1,2017,10,11,9,0,0,0,12.220969,0
1,2017,10,11,9,1,0,0,20.569492,0
1,2017,10,11,9,2,0,0,15.42577,0
1,2017,10,11,9,3,0,0,7.850797,0
1,2017,10,11,10,0,0,0,5.097072,0
1,2017,10,11,10,1,0,0,3.79431,0
1,2017,10,11,10,2,0,0,4.219016,0
1,2017,10,11,10,3,0,0,23.838682,0
1,2017,10,11,11,0,0,0,24.486837,0
1,2017,10,11,11,1,0,0,27.014747,0
1,2017,10,11,11,2,0,0,19.150496,0
1,2017,10,11,11,3,0,0,19.337741,0
1,2017,10,11,12,0,0,0,27.772507,0
1,2017,10,11,12,1,0,0,28.558705,0
1,2017,10,11,12,2,0,0,25.582751,0
1,2017,10,11,12,3,0,0,26.976621,0
1,2017,10,11,13,0,0,0,26.875924,0
1,2017,10,11,13,1,0,0,29.788322,0
1,2017,10,11,13,2,0,0,17.494975,0
1,2017,10,11,13,3,0,0,9.230049,0
1,2017,10,11,14,0,0,0,9.980104,0
1,2017,10,11,14,1,0,0,19.002633,0
1,2017,10,11,14,2,0,0,16.405563,0
1,2017,10,11,14,3,0,0,17.083249,0
1,2017,10,11,15,0,0,0,17.121739,0
1,2017,10,11,15,1,0,0,21.438346,0
1,2017,10,11,15,2,0,0,12.241128,0
1,2017,10,11,15,3,0,0,11.150295,0
1,2017,10,11,16,0,0,0,17.711197,0
1,2017,10,11,16,1,0,0,17.490707,0
1,2017,10,11,16,2,0,0,12.243253,0
1,2017,10,11,16,3,0,0,9.78553,0
1,2017,10,11,17,0,0,0,18.716203,0
1,2017,10,11,17,1,0,0,14.100624,0
1,2017,10,11,17,2,0,0,3.787481,0
1,2017,10,11,17,3,0,0,4.61329,0
1,2017,10,11,18,0,0,0,19.053989,0
1,2017,10,11,18,1,0,0,23.062653,0
1,2017,10,11,18,2,0,0,10.051186,0
1,2017,10,11,18,3,0,0,19.441917,0
1,2017,10,11,19,0,0,0,16.497346,0
1,2017,10,11,19,1,0,0,24.316681,0
1,2017,10,11,19,2,0,0,22.085924,0
1,2017,10,11,19,3,0,0,19.272626,0
1,2017,10,11,20,0,0,0,3.830608,0
1,2017,10,11,20,1,0,0,1.936709,0
1,2017,10,11,20,2,0,0,2.048943,0
1,2017,10,11,20,3,0,0,5.74368,0
1,2017,10,11,21,0,0,0,9.687101,0
1,2017,10,11,21,1,0,0,9.692819,0
1,2017,10,11,21,2,0,0,15.342953,0
1,2017,10,11,21,3,0,0,14.34323,0
1,2017,10,11,22,0,0,0,12.867864,0
1,2017,10,11,22,1,0,0,15.396121,0
1,2017,10,11,22,2,0,0,11.530899,0
1,2017,10,11,22,3,0,0,4.985839,0
1,2017,10,11,23,0,0,0,9.189353,0
1,2017,10,11,23,1,0,0,11.719353,0
1,2017,10,11,23,2,0,0,6.399353,0
1,2017,10,11,23,3,0,0,6.529851,0
1,2017,10,12,0,0,0,0,6.888721,0
1,2017,10,12,0,1,0,0,6.888721,0
1,2017,10,12,0,2,0,0,6.888721,0
1,2017,10,12,0,3,0,0,5.738721,0
1,2017,10,12,1,0,0,0,5.100243,0
1,2017,10,12,1,1,0,0,9.035678,0
1,2017,10,12,1,2,0,0,6.500678,0
1,2017,10,12,1,3,0,0,13.374953,0
1,2017,10,12,2,0,0,0,7.182054,0
1,2017,10,12,2,1,0,0,3.438721,0
1,2017,10,12,2,2,0,0,3.438721,0
1,2017,10,12,2,3,0,0,3.438721,0
1,2017,10,12,3,0,0,0,3.438721,0
1,2017,10,12,3,1,0,0,3.438721,0
1,2017,10,12,3,2,0,0,3.681185,0
1,2017,10,12,3,3,0,0,3.842828,0
1,2017,10,12,4,0,0,0,3.842828,0
1,2017,10,12,4,1,0,0,3.842828,0
1,2017,10,12,4,2,0,0,3.842828,0
1,2017,10,12,4,3,0,0,3.842828,0
1,2017,10,12,5,0,0,0,3.842828,0
1,2017,10,12,5,1,0,0,3.842828,0
1,2017,10,12,5,2,0,0,3.842828,0
1,2017,10,12,5,3,0,0,4.716828,0
1,2017,10,12,6,0,0,0,6.464828,0
1,2017,10,12,6,1,0,0,6.437661,0
1,2017,10,12,6,2,0,0,6.251994,0
1,2017,10,12,6,3,0,0,3.842828,0
1,2017,10,12,7,0,0,0,3.521517,0
1,2017,10,12,7,1,0,0,3.402927,0
1,2017,10,12,7,2,0,0,3.379162,0
1,2017,10,12,7,3,0,0,4.868721,0
1,2017,10,12,8,0,0,0,11.519923,0
1,2017,10,12,8,1,0,0,4.576464,0
1,2017,10,12,8,2,0,0,4.530356,0
1,2017,10,12,8,3,0,0,10.072142,0
1,2017,10,12,9,0,0,0,10.034142,0
1,2017,10,12,9,1,0,0,9.049396,0
1,2017,10,12,9,2,0,0,13.522403,0
1,2017,10,12,9,3,0,0,7.925178,0
1,2017,10,12,10,0,0,0,8.506625,0
1,2017,10,12,10,1,0,0,10.847946,0
1,2017,10,12,10,2,0,0,11.414404,0
1,2017,10,12,10,3,0,0,17.277851,0
1,2017,10,12,11,0,0,0,31.572805,0
1,2017,10,12,11,1,0,0,19.093607,0
1,2017,10,12,11,2,0,0,20.164555,0
1,2017,10,12,11,3,0,0,18.827559,0
1,2017,10,12,12,0,0,0,12.898862,0
1,2017,10,12,12,1,0,0,11.846658,0
1,2017,10,12,12,2,0,0,18.197988,0
1,2017,10,12,12,3,0,0,13.835067,0
1,2017,10,12,13,0,0,0,9.550197,0
1,2017,10,12,13,1,0,0,20.255727,0
1,2017,10,12,13,2,0,0,15.455969,0
1,2017,10,12,13,3,0,0,19.21251,0
1,2017,10,12,14,0,0,0,16.671627,0
1,2017,10,12,14,1,0,0,19.979415,0
1,2017,10,12,14,2,0,0,31.436516,0
1,2017,10,12,14,3,0,0,30.161284,0
1,2017,10,12,15,0,0,0,21.987557,0
1,2017,10,12,15,1,0,0,22.795,0
1,2017,10,12,15,2,0,0,15.887892,0
1,2017,10,12,15,3,0,0,23.055248,0
1,2017,10,12,16,0,0,0,16.051793,0
1,2017,10,12,16,1,0,0,25.678716,0
1,2017,10,12,16,2,0,0,32.370523,0
1,2017,10,12,16,3,0,0,31.406066,0
1,2017,10,12,17,0,0,0,21.389835,0
1,2017,10,12,17,1,0,0,22.324563,0
1,2017,10,12,17,2,0,0,15.404877,0
1,2017,10,12,17,3,0,0,10.385615,0
1,2017,10,12,18,0,0,0,10.31735,0
1,2017,10,12,18,1,0,0,8.429061,0
1,2017,10,12,18,2,0,0,13.291217,0
1,2017,10,12,18,3,0,0,16.067504,0
1,2017,10,12,19,0,0,0,22.811704,0
1,2017,10,12,19,1,0,0,12.977427,0
1,2017,10,12,19,2,0,0,14.645174,0
1,2017,10,12,19,3,0,0,21.794002,0
1,2017,10,12,20,0,0,0,17.587097,0
1,2017,10,12,20,1,0,0,9.056933,0
1,2017,10,12,20,2,0,0,9.897033,0
1,2017,10,12,20,3,0,0,10.117752,0
1,2017,10,12,21,0,0,0,10.280776,0
1,2017,10,12,21,1,0,0,9.773127,0
1,2017,10,12,21,2,0,0,7.705886,0
1,2017,10,12,21,3,0,0,20.532595,0
1,2017,10,12,22,0,0,0,25.087947,0
1,2017,10,12,22,1,0,0,16.813969,0
1,2017,10,12,22,2,0,0,10.035204,0
1,2017,10,12,22,3,0,0,11.269431,0
1,2017,10,12,23,0,0,0,18.046132,0
1,2017,10,12,23,1,0,0,13.974944,0
1,2017,10,12,23,2,0,0,17.111466,0
1,2017,10,12,23,3,0,0,8.722745,0
1,2017,10,13,0,0,0,0,8.265903,0
1,2017,10,13,0,1,0,0,8.644324,0
1,2017,10,13,0,2,0,0,12.150158,0
1,2017,10,13,0,3,0,0,17.828491,0
1,2017,10,13,1,0,0,0,6.204324,0
1,2017,10,13,1,1,0,0,4.154324,0
1,2017,10,13,1,2,0,0,4.154324,0
1,2017,10,13,1,3,0,0,7.546882,0
1,2017,10,13,2,0,0,0,11.229898,0
1,2017,10,13,2,1,0,0,20.352055,0
1,2017,10,13,2,2,0,0,12.318462,0
1,2017,10,13,2,3,0,0,3.865495,0
1,2017,10,13,3,0,0,0,3.737718,0
1,2017,10,13,3,1,0,0,3.850188,0
1,2017,10,13,3,2,0,0,3.850188,0
1,2017,10,13,3,3,0,0,3.850188,0
1,2017,10,13,4,0,0,0,3.850188,0
1,2017,10,13,4,1,0,0,3.850188,0
1,2017,10,13,4,2,0,0,3.850188,0
1,2017,10,13,4,3,0,0,3.850188,0
1,2017,10,13,5,0,0,0,3.850188,0
1,2017,10,13,5,1,0,0,3.850188,0
1,2017,10,13,5,2,0,0,3.850188,0
1,2017,10,13,5,3,0,0,3.850188,0
1,2017,10,13,6,0,0,0,3.850188,0
1,2017,10,13,6,1,0,0,3.850188,0
1,2017,10,13,6,2,0,0,3.850188,0
1,2017,10,13,6,3,0,0,3.642864,0
1,2017,10,13,7,0,0,0,7.757525,0
1,2017,10,13,7,1,0,0,7.034148,0
1,2017,10,13,7,2,0,0,3.371782,0
1,2017,10,13,7,3,0,0,5.495816,0
1,2017,10,13,8,0,0,0,5.201854,0
1,2017,10,13,8,1,0,0,4.928708,0
1,2017,10,13,8,2,0,0,5.691161,0
1,2017,10,13,8,3,0,0,4.622949,0
1,2017,10,13,9,0,0,0,14.539452,0
1,2017,10,13,9,1,0,0,12.871671,0
1,2017,10,13,9,2,0,0,13.91149,0
1,2017,10,13,9,3,0,0,14.521482,0
1,2017,10,13,10,0,0,0,20.866047,0
1,2017,10,13,10,1,0,0,18.828662,0
1,2017,10,13,10,2,0,0,10.587942,0
1,2017,10,13,10,3,0,0,9.289038,0
1,2017,10,13,11,0,0,0,8.83659,0
1,2017,10,13,11,1,0,0,13.891395,0
1,2017,10,13,11,2,0,0,12.823544,0
1,2017,10,13,11,3,0,0,16.186843,0
1,2017,10,13,12,0,0,0,11.189256,0
1,2017,10,13,12,1,0,0,19.931676,0
1,2017,10,13,12,2,0,0,17.346386,0
1,2017,10,13,12,3,0,0,16.955679,0
1,2017,10,13,13,0,0,0,17.1567,0
1,2017,10,13,13,1,0,0,13.10919,0
1,2017,10,13,13,2,0,0,31.001077,0
1,2017,10,13,13,3,0,0,30.560481,0
1,2017,10,13,14,0,0,0,21.40419,0
1,2017,10,13,14,1,0,0,20.606888,0
1,2017,10,13,14,2,0,0,22.458866,0
1,2017,10,13,14,3,0,0,22.571075,0
1,2017,10,13,15,0,0,0,21.96777,0
1,2017,10,13,15,1,0,0,20.046013,0
1,2017,10,13,15,2,0,0,25.124854,0
1,2017,10,13,15,3,0,0,19.269592,0
1,2017,10,13,16,0,0,0,28.54476,0
1,2017,10,13,16,1,0,0,27.219684,0
1,2017,10,13,16,2,0,0,25.610509,0
1,2017,10,13,16,3,0,0,25.22782,0
1,2017,10,13,17,0,0,0,14.400144,0
1,2017,10,13,17,1,0,0,16.601552,0
1,2017,10,13,17,2,0,0,24.317103,0
1,2017,10,13,17,3,0,0,9.955315,0
1,2017,10,13,18,0,0,0,13.118823,0
1,2017,10,13,18,1,0,0,16.039269,0
1,2017,10,13,18,2,0,0,6.625099,0
1,2017,10,13,18,3,0,0,2.979143,0
1,2017,10,13,19,0,0,0,7.323986,0
1,2017,10,13,19,1,0,0,9.613954,0
1,2017,10,13,19,2,0,0,17.452596,0
1,2017,10,13,19,3,0,0,10.983383,0
1,2017,10,13,20,0,0,0,12.804936,0
1,2017,10,13,20,1,0,0,24.084526,0
1,2017,10,13,20,2,0,0,23.595226,0
1,2017,10,13,20,3,0,0,11.951282,0
1,2017,10,13,21,0,0,0,10.64882,0
1,2017,10,13,21,1,0,0,19.469583,0
1,2017,10,13,21,2,0,0,13.723175,0
1,2017,10,13,21,3,0,0,23.217489,0
1,2017,10,13,22,0,0,0,17.181006,0
1,2017,10,13,22,1,0,0,12.769216,0
1,2017,10,13,22,2,0,0,9.169856,0
1,2017,10,13,22,3,0,0,11.976188,0
1,2017,10,13,23,0,0,0,6.504619,0
1,2017,10,13,23,1,0,0,6.751595,0
1,2017,10,13,23,2,0,0,15.130867,0
1,2017,10,13,23,3,0,0,3.33801,0
1,2017,10,14,0,0,0,0,8.434374,0
1,2017,10,14,0,1,0,0,10.478919,0
1,2017,10,14,0,2,0,0,10.556767,0
1,2017,10,14,0,3,0,0,8.343691,0
1,2017,10,14,1,0,0,0,16.888798,0
1,2017,10,14,1,1,0,0,9.541329,0
1,2017,10,14,1,2,0,0,14.46979,0
1,2017,10,14,1,3,0,0,15.643491,0
1,2017,10,14,2,0,0,0,5.928092,0
1,2017,10,14,2,1,0,0,2.477125,0
1,2017,10,14,2,2,0,0,2.477125,0
1,2017,10,14,2,3,0,0,7.525125,0
1,2017,10,14,3,0,0,0,10.353844,0
1,2017,10,14,3,1,0,0,11.098331,0
1,2017,10,14,3,2,0,0,11.871739,0
1,2017,10,14,3,3,0,0,8.781179,0
1,2017,10,14,4,0,0,0,15.662512,0
1,2017,10,14,4,1,0,0,5.637143,0
1,2017,10,14,4,2,0,0,3.95167,0
1,2017,10,14,4,3,0,0,9.112579,0
1,2017,10,14,5,0,0,0,6.754902,0
1,2017,10,14,5,1,0,0,3.871394,0
1,2017,10,14,5,2,0,0,2.845797,0
1,2017,10,14,5,3,0,0,2.845797,0
1,2017,10,14,6,0,0,0,2.845797,0
1,2017,10,14,6,1,0,0,4.520797,0
1,2017,10,14,6,2,0,0,7.870797,0
1,2017,10,14,6,3,0,0,5.465712,0
1,2017,10,14,7,0,0,0,8.387973,0
1,2017,10,14,7,1,0,0,5.239941,0
1,2017,10,14,7,2,0,0,3.202421,0
1,2017,10,14,7,3,0,0,2.998707,0
1,2017,10,14,8,0,0,0,7.659406,0
1,2017,10,14,8,1,0,0,14.044058,0
1,2017,10,14,8,2,0,0,7.480029,0
1,2017,10,14,8,3,0,0,12.040831,0
1,2017,10,14,9,0,0,0,8.046284,0
1,2017,10,14,9,1,0,0,7.47461,0
1,2017,10,14,9,2,0,0,6.511378,0
1,2017,10,14,9,3,0,0,18.821927,0
1,2017,10,14,10,0,0,0,17.08192,0
1,2017,10,14,10,1,0,0,15.736981,0
1,2017,10,14,10,2,0,0,15.250998,0
1,2017,10,14,10,3,0,0,25.120856,0
1,2017,10,14,11,0,0,0,25.481552,0
1,2017,10,14,11,1,0,0,13.323974,0
1,2017,10,14,11,2,0,0,9.677334,0
1,2017,10,14,11,3,0,0,8.230158,0
1,2017,10,14,12,0,0,0,15.836675,0
1,2017,10,14,12,1,0,0,12.451594,0
1,2017,10,14,12,2,0,0,29.292365,0
1,2017,10,14,12,3,0,0,28.873657,0
1,2017,10,14,13,0,0,0,25.457813,0
1,2017,10,14,13,1,0,0,26.05658,0
1,2017,10,14,13,2,0,0,18.521352,0
1,2017,10,14,13,3,0,0,18.182087,0
1,2017,10,14,14,0,0,0,15.101757,0
1,2017,10,14,14,1,0,0,18.309667,0
1,2017,10,14,14,2,0,0,15.659855,0
1,2017,10,14,14,3,0,0,15.544919,0
1,2017,10,14,15,0,0,0,11.603872,0
1,2017,10,14,15,1,0,0,14.664413,0
1,2017,10,14,15,2,0,0,13.962596,0
1,2017,10,14,15,3,0,0,10.302997,0
1,2017,10,14,16,0,0,0,7.291191,0
1,2017,10,14,16,1,0,0,10.059399,0
1,2017,10,14,16,2,0,0,31.123303,0
1,2017,10,14,16,3,0,0,18.206189,0
1,2017,10,14,17,0,0,0,23.862527,0
1,2017,10,14,17,1,0,0,19.212275,0
1,2017,10,14,17,2,0,0,12.557362,0
1,2017,10,14,17,3,0,0,15.881989,0
1,2017,10,14,18,0,0,0,21.70051,0
1,2017,10,14,18,1,0,0,20.104036,0
1,2017,10,14,18,2,0,0,26.983445,0
1,2017,10,14,18,3,0,0,19.016324,0
1,2017,10,14,19,0,0,0,3.838529,0
1,2017,10,14,19,1,0,0,10.562104,0
1,2017,10,14,19,2,0,0,9.252233,0
1,2017,10,14,19,3,0,0,15.807868,0
1,2017,10,14,20,0,0,0,15.131518,0
1,2017,10,14,20,1,0,0,14.925016,0
1,2017,10,14,20,2,0,0,16.205361,0
1,2017,10,14,20,3,0,0,18.088249,0
1,2017,10,14,21,0,0,0,12.242843,0
1,2017,10,14,21,1,0,0,24.958933,0
1,2017,10,14,21,2,0,0,27.031845,0
1,2017,10,14,21,3,0,0,25.036997,0
1,2017,10,14,22,0,0,0,22.753727,0
1,2017,10,14,22,1,0,0,21.570717,0
1,2017,10,14,22,2,0,0,17.237662,0
1,2017,10,14,22,3,0,0,8.076175,0
1,2017,10,14,23,0,0,0,6.391062,0
1,2017,10,14,23,1,0,0,10.119782,0
1,2017,10,14,23,2,0,0,5.513184,0
1,2017,10,14,23,3,0,0,11.453512,0
1,2017,10,15,0,0,0,0,15.044408,0
1,2017,10,15,0,1,0,0,11.86955,0
1,2017,10,15,0,2,0,0,6.350978,0
1,2017,10,15,0,3,0,0,8.670062,0
1,2017,10,15,1,0,0,0,15.803324,0
1,2017,10,15,1,1,0,0,25.230169,0
1,2017,10,15,1,2,0,0,37.69613,0
1,2017,10,15,1,3,0,0,25.274152,0
1,2017,10,15,2,0,0,0,38.173923,0
1,2017,10,15,2,1,0,0,23.711773,0
1,2017,10,15,2,2,0,0,40.018264,0
1,2017,10,15,2,3,0,0,25.60658,0
1,2017,10,15,3,0,0,0,16.188169,0
1,2017,10,15,3,1,0,0,11.039812,0
1,2017,10,15,3,2,0,0,15.519454,0
1,2017,10,15,3,3,0,0,15.286906,0
1,2017,10,15,4,0,0,0,18.213556,0
1,2017,10,15,4,1,0,0,22.690862,0
1,2017,10,15,4,2,0,0,15.655684,0
1,2017,10,15,4,3,0,0,6.02724,0
1,2017,10,15,5,0,0,0,4.126335,0
1,2017,10,15,5,1,0,0,11.839842,0
1,2017,10,15,5,2,0,0,6.865776,0
1,2017,10,15,5,3,0,0,4.976172,0
1,2017,10,15,6,0,0,0,4.412839,0
1,2017,10,15,6,1,0,0,2.159506,0
1,2017,10,15,6,2,0,0,4.326913,0
1,2017,10,15,6,3,0,0,13.649936,0
1,2017,10,15,7,0,0,0,17.133251,0
1,2017,10,15,7,1,0,0,8.344865,0
1,2017,10,15,7,2,0,0,2.027321,0
1,2017,10,15,7,3,0,0,4.364913,0
1,2017,10,15,8,0,0,0,5.569528,0
1,2017,10,15,8,1,0,0,4.09722,0
1,2017,10,15,8,2,0,0,8.095717,0
1,2017,10,15,8,3,0,0,13.218402,0
1,2017,10,15,9,0,0,0,5.428113,0
1,2017,10,15,9,1,0,0,10.78197,0
1,2017,10,15,9,2,0,0,12.404961,0
1,2017,10,15,9,3,0,0,8.862265,0
1,2017,10,15,10,0,0,0,5.63597,0
1,2017,10,15,10,1,0,0,6.651634,0
1,2017,10,15,10,2,0,0,13.262717,0
1,2017,10,15,10,3,0,0,16.518723,0
1,2017,10,15,11,0,0,0,17.170883,0
1,2017,10,15,11,1,0,0,9.451262,0
1,2017,10,15,11,2,0,0,16.122453,0
1,2017,10,15,11,3,0,0,11.553613,0
1,2017,10,15,12,0,0,0,15.413845,0
1,2017,10,15,12,1,0,0,7.964687,0
1,2017,10,15,12,2,0,0,12.476293,0
1,2017,10,15,12,3,0,0,12.781376,0
1,2017,10,15,13,0,0,0,17.632086,0
1,2017,10,15,13,1,0,0,21.875636,0
1,2017,10,15,13,2,0,0,21.16855,0
1,2017,10,15,13,3,0,0,20.992652,0
1,2017,10,15,14,0,0,0,15.62374,0
1,2017,10,15,14,1,0,0,13.950777,0
1,2017,10,15,14,2,0,0,18.059208,0
1,2017,10,15,14,3,0,0,18.711837,0
1,2017,10,15,15,0,0,0,14.613778,0
1,2017,10,15,15,1,0,0,13.93486,0
1,2017,10,15,15,2,0,0,13.060336,0
1,2017,10,15,15,3,0,0,11.560004,0
1,2017,10,15,16,0,0,0,10.766147,0
1,2017,10,15,16,1,0,0,13.209921,0
1,2017,10,15,16,2,0,0,13.812425,0
1,2017,10,15,16,3,0,0,14.815441,0
1,2017,10,15,17,0,0,0,20.026827,0
1,2017,10,15,17,1,0,0,16.076465,0
1,2017,10,15,17,2,0,0,9.59151,0
1,2017,10,15,17,3,0,0,15.942197,0
1,2017,10,15,18,0,0,0,24.731667,0
1,2017,10,15,18,1,0,0,10.105936,0
1,2017,10,15,18,2,0,0,9.159671,0
1,2017,10,15,18,3,0,0,19.07048,0
1,2017,10,15,19,0,0,0,4.323255,0
1,2017,10,15,19,1,0,0,16.918759,0
1,2017,10,15,19,2,0,0,11.334661,0
1,2017,10,15,19,3,0,0,9.143464,0
1,2017,10,15,20,0,0,0,17.474106,0
1,2017,10,15,20,1,0,0,9.67064,0
1,2017,10,15,20,2,0,0,10.906436,0
1,2017,10,15,20,3,0,0,13.039498,0
1,2017,10,15,21,0,0,0,4.596193,0
1,2017,10,15,21,1,0,0,17.62163,0
1,2017,10,15,21,2,0,0,20.858611,0
1,2017,10,15,21,3,0,0,2.643559,0
1,2017,10,15,22,0,0,0,2.693999,0
1,2017,10,15,22,1,0,0,7.470091,0
1,2017,10,15,22,2,0,0,11.42898,0
1,2017,10,15,22,3,0,0,7.331347,0
1,2017,10,15,23,0,0,0,18.139288,0
1,2017,10,15,23,1,0,0,11.387902,0
1,2017,10,15,23,2,0,0,31.208593,0
1,2017,10,15,23,3,0,0,21.256402,0
1,2017,10,16,0,0,0,0,10.820967,0
1,2017,10,16,0,1,0,0,3.170967,0
1,2017,10,16,0,2,0,0,3.170967,0
1,2017,10,16,0,3,0,0,8.479354,0
1,2017,10,16,1,0,0,0,10.83551,0
1,2017,10,16,1,1,0,0,10.590764,0
1,2017,10,16,1,2,0,0,5.85824,0
1,2017,10,16,1,3,0,0,4.757633,0
1,2017,10,16,2,0,0,0,11.285082,0
1,2017,10,16,2,1,0,0,10.475778,0
1,2017,10,16,2,2,0,0,9.374394,0
1,2017,10,16,2,3,0,0,8.241091,0
1,2017,10,16,3,0,0,0,13.319369,0
1,2017,10,16,3,1,0,0,6.243974,0
1,2017,10,16,3,2,0,0,6.559285,0
1,2017,10,16,3,3,0,0,8.122589,0
1,2017,10,16,4,0,0,0,7.398841,0
1,2017,10,16,4,1,0,0,5.04975,0
1,2017,10,16,4,2,0,0,4.574141,0
1,2017,10,16,4,3,0,0,3.622921,0
1,2017,10,16,5,0,0,0,3.622921,0
1,2017,10,16,5,1,0,0,3.622921,0
1,2017,10,16,5,2,0,0,3.622921,0
1,2017,10,16,5,3,0,0,3.622921,0
1,2017,10,16,6,0,0,0,3.622921,0
1,2017,10,16,6,1,0,0,3.24298,0
1,2017,10,16,6,2,0,0,2.989685,0
1,2017,10,16,6,3,0,0,2.850554,0
1,2017,10,16,7,0,0,0,2.885779,0
1,2017,10,16,7,1,0,0,8.397544,0
1,2017,10,16,7,2,0,0,3.874,0
1,2017,10,16,7,3,0,0,8.471157,0
1,2017,10,16,8,0,0,0,15.339094,0
1,2017,10,16,8,1,0,0,7.500406,0
1,2017,10,16,8,2,0,0,3.234331,0
1,2017,10,16,8,3,0,0,6.547307,0
1,2017,10,16,9,0,0,0,10.562312,0
1,2017,10,16,9,1,0,0,12.161595,0
1,2017,10,16,9,2,0,0,12.379688,0
1,2017,10,16,9,3,0,0,12.752477,0
1,2017,10,16,10,0,0,0,16.099841,0
1,2017,10,16,10,1,0,0,15.937318,0
1,2017,10,16,10,2,0,0,19.078553,0
1,2017,10,16,10,3,0,0,31.782436,0
1,2017,10,16,11,0,0,0,22.37899,0
1,2017,10,16,11,1,0,0,32.252121,0
1,2017,10,16,11,2,0,0,24.516291,0
1,2017,10,16,11,3,0,0,21.090586,0
1,2017,10,16,12,0,0,0,20.270104,0
1,2017,10,16,12,1,0,0,20.984653,0
1,2017,10,16,12,2,0,0,27.122133,0
1,2017,10,16,12,3,0,0,28.644284,0
1,2017,10,16,13,0,0,0,27.033986,0
1,2017,10,16,13,1,0,0,31.543119,0
1,2017,10,16,13,2,0,0,30.868817,0
1,2017,10,16,13,3,0,0,23.347382,0
1,2017,10,16,14,0,0,0,13.622445,0
1,2017,10,16,14,1,0,0,17.20317,0
1,2017,10,16,14,2,0,0,21.139722,0
1,2017,10,16,14,3,0,0,24.035841,0
1,2017,10,16,15,0,0,0,20.893664,0
1,2017,10,16,15,1,0,0,15.800617,0
1,2017,10,16,15,2,0,0,12.858713,0
1,2017,10,16,15,3,0,0,17.33106,0
1,2017,10,16,16,0,0,0,16.56985,0
1,2017,10,16,16,1,0,0,30.154617,0
1,2017,10,16,16,2,0,0,27.187732,0
1,2017,10,16,16,3,0,0,23.554175,0
1,2017,10,16,17,0,0,0,23.846003,0
1,2017,10,16,17,1,0,0,18.260823,0
1,2017,10,16,17,2,0,0,16.58371,0
1,2017,10,16,17,3,0,0,17.401715,0
1,2017,10,16,18,0,0,0,10.70797,0
1,2017,10,16,18,1,0,0,3.456385,0
1,2017,10,16,18,2,0,0,3.091279,0
1,2017,10,16,18,3,0,0,11.547356,0
1,2017,10,16,19,0,0,0,9.287356,0
1,2017,10,16,19,1,0,0,16.469253,0
1,2017,10,16,19,2,0,0,22.343157,0
1,2017,10,16,19,3,0,0,22.258035,0
1,2017,10,16,20,0,0,0,11.400341,0
1,2017,10,16,20,1,0,0,7.46254,0
1,2017,10,16,20,2,0,0,12.063267,0
1,2017,10,16,20,3,0,0,12.102403,0
1,2017,10,16,21,0,0,0,13.859262,0
1,2017,10,16,21,1,0,0,16.016314,0
1,2017,10,16,21,2,0,0,25.814417,0
1,2017,10,16,21,3,0,0,13.747367,0
1,2017,10,16,22,0,0,0,12.257926,0
1,2017,10,16,22,1,0,0,17.651711,0
1,2017,10,16,22,2,0,0,16.533172,0
1,2017,10,16,22,3,0,0,18.480284,0
1,2017,10,16,23,0,0,0,7.827558,0
1,2017,10,16,23,1,0,0,6.294058,0
1,2017,10,16,23,2,0,0,12.300104,0
1,2017,10,16,23,3,0,0,11.840513,0
1,2017,10,17,0,0,0,0,4.844892,0
1,2017,10,17,0,1,0,0,3.052392,0
1,2017,10,17,0,2,0,0,3.052392,0
1,2017,10,17,0,3,0,0,3.204609,0
1,2017,10,17,1,0,0,0,3.813479,0
1,2017,10,17,1,1,0,0,6.804431,0
1,2017,10,17,1,2,0,0,7.89205,0
1,2017,10,17,1,3,0,0,7.89205,0
1,2017,10,17,2,0,0,0,4.085383,0
1,2017,10,17,2,1,0,0,5.483479,0
1,2017,10,17,2,2,0,0,12.163479,0
1,2017,10,17,2,3,0,0,5.483479,0
1,2017,10,17,3,0,0,0,3.813479,0
1,2017,10,17,3,1,0,0,5.155079,0
1,2017,10,17,3,2,0,0,5.051879,0
1,2017,10,17,3,3,0,0,8.805017,0
1,2017,10,17,4,0,0,0,6.03194,0
1,2017,10,17,4,1,0,0,3.813479,0
1,2017,10,17,4,2,0,0,3.813479,0
1,2017,10,17,4,3,0,0,3.813479,0
1,2017,10,17,5,0,0,0,3.813479,0
1,2017,10,17,5,1,0,0,3.813479,0
1,2017,10,17,5,2,0,0,3.813479,0
1,2017,10,17,5,3,0,0,3.813479,0
1,2017,10,17,6,0,0,0,3.813479,0
1,2017,10,17,6,1,0,0,3.255348,0
1,2017,10,17,6,2,0,0,3.052392,0
1,2017,10,17,6,3,0,0,3.052392,0
1,2017,10,17,7,0,0,0,2.687745,0
1,2017,10,17,7,1,0,0,4.720702,0
1,2017,10,17,7,2,0,0,11.728269,0
1,2017,10,17,7,3,0,0,15.316801,0
1,2017,10,17,8,0,0,0,6.18242,0
1,2017,10,17,8,1,0,0,7.176127,0
1,2017,10,17,8,2,0,0,7.966967,0
1,2017,10,17,8,3,0,0,5.19208,0
1,2017,10,17,9,0,0,0,10.322379,0
1,2017,10,17,9,1,0,0,13.654343,0
1,2017,10,17,9,2,0,0,12.060114,0
1,2017,10,17,9,3,0,0,17.710976,0
1,2017,10,17,10,0,0,0,17.632493,0
1,2017,10,17,10,1,0,0,9.592861,0
1,2017,10,17,10,2,0,0,15.134392,0
1,2017,10,17,10,3,0,0,17.84129,0
1,2017,10,17,11,0,0,0,17.787777,0
1,2017,10,17,11,1,0,0,15.715966,0
1,2017,10,17,11,2,0,0,19.306215,0
1,2017,10,17,11,3,0,0,14.250038,0
1,2017,10,17,12,0,0,0,12.535122,0
1,2017,10,17,12,1,0,0,9.123124,0
1,2017,10,17,12,2,0,0,16.556947,0
1,2017,10,17,12,3,0,0,10.608027,0
1,2017,10,17,13,0,0,0,16.98896,0
1,2017,10,17,13,1,0,0,19.265492,0
1,2017,10,17,13,2,0,0,19.306905,0
1,2017,10,17,13,3,0,0,18.113309,0
1,2017,10,17,14,0,0,0,16.778745,0
1,2017,10,17,14,1,0,0,29.366837,0
1,2017,10,17,14,2,0,0,16.927697,0
1,2017,10,17,14,3,0,0,11.911997,0
1,2017,10,17,15,0,0,0,8.302147,0
1,2017,10,17,15,1,0,0,12.864207,0
1,2017,10,17,15,2,0,0,20.200569,0
1,2017,10,17,15,3,0,0,18.13935,0
1,2017,10,17,16,0,0,0,14.436848,0
1,2017,10,17,16,1,0,0,10.597099,0
1,2017,10,17,16,2,0,0,9.496182,0
1,2017,10,17,16,3,0,0,12.958125,0
1,2017,10,17,17,0,0,0,14.642318,0
1,2017,10,17,17,1,0,0,22.625395,0
1,2017,10,17,17,2,0,0,17.216479,0
1,2017,10,17,17,3,0,0,17.134289,0
1,2017,10,17,18,0,0,0,9.965681,0
1,2017,10,17,18,1,0,0,7.906702,0
1,2017,10,17,18,2,0,0,9.402848,0
1,2017,10,17,18,3,0,0,19.848274,0
1,2017,10,17,19,0,0,0,10.412941,0
1,2017,10,17,19,1,0,0,7.284707,0
1,2017,10,17,19,2,0,0,25.245585,0
1,2017,10,17,19,3,0,0,19.888241,0
1,2017,10,17,20,0,0,0,6.257235,0
1,2017,10,17,20,1,0,0,5.070311,0
1,2017,10,17,20,2,0,0,4.898138,0
1,2017,10,17,20,3,0,0,7.626102,0
1,2017,10,17,21,0,0,0,7.085174,0
1,2017,10,17,21,1,0,0,10.079623,0
1,2017,10,17,21,2,0,0,11.602896,0
1,2017,10,17,21,3,0,0,9.515335,0
1,2017,10,17,22,0,0,0,14.074716,0
1,2017,10,17,22,1,0,0,16.268374,0
1,2017,10,17,22,2,0,0,14.125549,0
1,2017,10,17,22,3,0,0,3.112645,0
1,2017,10,17,23,0,0,0,2.836353,0
1,2017,10,17,23,1,0,0,2.881502,0
1,2017,10,17,23,2,0,0,2.916534,0
1,2017,10,17,23,3,0,0,3.012873,0
1,2017,10,18,0,0,0,0,3.012873,0
1,2017,10,18,0,1,0,0,3.199221,0
1,2017,10,18,0,2,0,0,7.723081,0
1,2017,10,18,0,3,0,0,9.95113,0
1,2017,10,18,1,0,0,0,9.95113,0
1,2017,10,18,1,1,0,0,7.01644,0
1,2017,10,18,1,2,0,0,13.178522,0
1,2017,10,18,1,3,0,0,7.231599,0
1,2017,10,18,2,0,0,0,3.266984,0
1,2017,10,18,2,1,0,0,3.266984,0
1,2017,10,18,2,2,0,0,3.266984,0
1,2017,10,18,2,3,0,0,3.258926,0
1,2017,10,18,3,0,0,0,3.242809,0
1,2017,10,18,3,1,0,0,5.648809,0
1,2017,10,18,3,2,0,0,12.866809,0
1,2017,10,18,3,3,0,0,3.242809,0
1,2017,10,18,4,0,0,0,3.646357,0
1,2017,10,18,4,1,0,0,3.675182,0
1,2017,10,18,4,2,0,0,3.675182,0
1,2017,10,18,4,3,0,0,3.675182,0
1,2017,10,18,5,0,0,0,3.675182,0
1,2017,10,18,5,1,0,0,3.675182,0
1,2017,10,18,5,2,0,0,12.563182,0
1,2017,10,18,5,3,0,0,5.897182,0
1,2017,10,18,6,0,0,0,4.984273,0
1,2017,10,18,6,1,0,0,8.944273,0
1,2017,10,18,6,2,0,0,9.739887,0
1,2017,10,18,6,3,0,0,5.825655,0
1,2017,10,18,7,0,0,0,3.061131,0
1,2017,10,18,7,1,0,0,3.094968,0
1,2017,10,18,7,2,0,0,6.993244,0
1,2017,10,18,7,3,0,0,7.418418,0
1,2017,10,18,8,0,0,0,8.855889,0
1,2017,10,18,8,1,0,0,12.444509,0
1,2017,10,18,8,2,0,0,9.691609,0
1,2017,10,18,8,3,0,0,5.673147,0
1,2017,10,18,9,0,0,0,5.597369,0
1,2017,10,18,9,1,0,0,11.941677,0
1,2017,10,18,9,2,0,0,14.867914,0
1,2017,10,18,9,3,0,0,23.266844,0
1,2017,10,18,10,0,0,0,17.866028,0
1,2017,10,18,10,1,0,0,13.699499,0
1,2017,10,18,10,2,0,0,10.69291,0
1,2017,10,18,10,3,0,0,17.306713,0
1,2017,10,18,11,0,0,0,14.762642,0
1,2017,10,18,11,1,0,0,20.530365,0
1,2017,10,18,11,2,0,0,24.006241,0
1,2017,10,18,11,3,0,0,17.709669,0
1,2017,10,18,12,0,0,0,19.067365,0
1,2017,10,18,12,1,0,0,21.581758,0
1,2017,10,18,12,2,0,0,12.926087,0
1,2017,10,18,12,3,0,0,19.088917,0
1,2017,10,18,13,0,0,0,21.033875,0
1,2017,10,18,13,1,0,0,23.33958,0
1,2017,10,18,13,2,0,0,32.47936,0
1,2017,10,18,13,3,0,0,26.769978,0
1,2017,10,18,14,0,0,0,25.396999,0
1,2017,10,18,14,1,0,0,18.120146,0
1,2017,10,18,14,2,0,0,23.108373,0
1,2017,10,18,14,3,0,0,25.202608,0
1,2017,10,18,15,0,0,0,18.569795,0
1,2017,10,18,15,1,0,0,16.219976,0
1,2017,10,18,15,2,0,0,24.00916,0
1,2017,10,18,15,3,0,0,26.117805,0
1,2017,10,18,16,0,0,0,10.85914,0
1,2017,10,18,16,1,0,0,8.899857,0
1,2017,10,18,16,2,0,0,12.838463,0
1,2017,10,18,16,3,0,0,25.742616,0
1,2017,10,18,17,0,0,0,28.884815,0
1,2017,10,18,17,1,0,0,29.965357,0
1,2017,10,18,17,2,0,0,22.168427,0
1,2017,10,18,17,3,0,0,21.07174,0
1,2017,10,18,18,0,0,0,20.417244,0
1,2017,10,18,18,1,0,0,23.573523,0
1,2017,10,18,18,2,0,0,17.224234,0
1,2017,10,18,18,3,0,0,18.192897,0
1,2017,10,18,19,0,0,0,12.154237,0
1,2017,10,18,19,1,0,0,12.483725,0
1,2017,10,18,19,2,0,0,14.296329,0
1,2017,10,18,19,3,0,0,13.536251,0
1,2017,10,18,20,0,0,0,12.905569,0
1,2017,10,18,20,1,0,0,11.971724,0
1,2017,10,18,20,2,0,0,3.498144,0
1,2017,10,18,20,3,0,0,2.516625,0
1,2017,10,18,21,0,0,0,2.516625,0
1,2017,10,18,21,1,0,0,3.093599,0
1,2017,10,18,21,2,0,0,6.712339,0
1,2017,10,18,21,3,0,0,9.058662,0
1,2017,10,18,22,0,0,0,5.665625,0
1,2017,10,18,22,1,0,0,3.906884,0
1,2017,10,18,22,2,0,0,10.439384,0
1,2017,10,18,22,3,0,0,25.426884,0
1,2017,10,18,23,0,0,0,5.916884,0
1,2017,10,18,23,1,0,0,3.906884,0
1,2017,10,18,23,2,0,0,7.55147,0
1,2017,10,18,23,3,0,0,13.114862,0
1,2017,10,19,0,0,0,0,9.29637,0
1,2017,10,19,0,1,0,0,5.122442,0
1,2017,10,19,0,2,0,0,4.480299,0
1,2017,10,19,0,3,0,0,4.480299,0
1,2017,10,19,1,0,0,0,8.328026,0
1,2017,10,19,1,1,0,0,16.023481,0
1,2017,10,19,1,2,0,0,6.01939,0
1,2017,10,19,1,3,0,0,7.556615,0
1,2017,10,19,2,0,0,0,11.072404,0
1,2017,10,19,2,1,0,0,11.072404,0
1,2017,10,19,2,2,0,0,13.291648,0
1,2017,10,19,2,3,0,0,5.684306,0
1,2017,10,19,3,0,0,0,9.324417,0
1,2017,10,19,3,1,0,0,4.742928,0
1,2017,10,19,3,2,0,0,4.808585,0
1,2017,10,19,3,3,0,0,4.808585,0
1,2017,10,19,4,0,0,0,4.808585,0
1,2017,10,19,4,1,0,0,9.608585,0
1,2017,10,19,4,2,0,0,4.808585,0
1,2017,10,19,4,3,0,0,4.808585,0
1,2017,10,19,5,0,0,0,4.808585,0
1,2017,10,19,5,1,0,0,4.808585,0
1,2017,10,19,5,2,0,0,4.808585,0
1,2017,10,19,5,3,0,0,4.808585,0
1,2017,10,19,6,0,0,0,4.808585,0
1,2017,10,19,6,1,0,0,4.808585,0
1,2017,10,19,6,2,0,0,4.808585,0
1,2017,10,19,6,3,0,0,4.70734,0
1,2017,10,19,7,0,0,0,5.531642,0
1,2017,10,19,7,1,0,0,6.748398,0
1,2017,10,19,7,2,0,0,2.914851,0
1,2017,10,19,7,3,0,0,5.672696,0
1,2017,10,19,8,0,0,0,9.591993,0
1,2017,10,19,8,1,0,0,15.530976,0
1,2017,10,19,8,2,0,0,23.785362,0
1,2017,10,19,8,3,0,0,5.928278,0
1,2017,10,19,9,0,0,0,3.967006,0
1,2017,10,19,9,1,0,0,5.593345,0
1,2017,10,19,9,2,0,0,8.32276,0
1,2017,10,19,9,3,0,0,7.542145,0
1,2017,10,19,10,0,0,0,18.294456,0
1,2017,10,19,10,1,0,0,19.177688,0
1,2017,10,19,10,2,0,0,12.906361,0
1,2017,10,19,10,3,0,0,9.348462,0
1,2017,10,19,11,0,0,0,12.461231,0
1,2017,10,19,11,1,0,0,14.614232,0
1,2017,10,19,11,2,0,0,15.337887,0
1,2017,10,19,11,3,0,0,13.872675,0
1,2017,10,19,12,0,0,0,24.11312,0
1,2017,10,19,12,1,0,0,20.174221,0
1,2017,10,19,12,2,0,0,20.678402,0
1,2017,10,19,12,3,0,0,21.345157,0
1,2017,10,19,13,0,0,0,17.62015,0
1,2017,10,19,13,1,0,0,15.3808,0
1,2017,10,19,13,2,0,0,16.038133,0
1,2017,10,19,13,3,0,0,23.697294,0
1,2017,10,19,14,0,0,0,30.620526,0
1,2017,10,19,14,1,0,0,18.599587,0
1,2017,10,19,14,2,0,0,13.284729,0
1,2017,10,19,14,3,0,0,17.972624,0
1,2017,10,19,15,0,0,0,16.330227,0
1,2017,10,19,15,1,0,0,20.985182,0
1,2017,10,19,15,2,0,0,10.42344,0
1,2017,10,19,15,3,0,0,10.069593,0
1,2017,10,19,16,0,0,0,11.692906,0
1,2017,10,19,16,1,0,0,20.648902,0
1,2017,10,19,16,2,0,0,21.309499,0
1,2017,10,19,16,3,0,0,17.453332,0
1,2017,10,19,17,0,0,0,15.985858,0
1,2017,10,19,17,1,0,0,21.48054,0
1,2017,10,19,17,2,0,0,29.329292,0
1,2017,10,19,17,3,0,0,15.746742,0
1,2017,10,19,18,0,0,0,11.943659,0
1,2017,10,19,18,1,0,0,8.415078,0
1,2017,10,19,18,2,0,0,10.561932,0
1,2017,10,19,18,3,0,0,13.665528,0
1,2017,10,19,19,0,0,0,12.844153,0
1,2017,10,19,19,1,0,0,11.10245,0
1,2017,10,19,19,2,0,0,8.74445,0
1,2017,10,19,19,3,0,0,7.454826,0
1,2017,10,19,20,0,0,0,12.535866,0
1,2017,10,19,20,1,0,0,14.502366,0
1,2017,10,19,20,2,0,0,23.783907,0
1,2017,10,19,20,3,0,0,22.640131,0
1,2017,10,19,21,0,0,0,11.590119,0
1,2017,10,19,21,1,0,0,16.109752,0
1,2017,10,19,21,2,0,0,10.777351,0
1,2017,10,19,21,3,0,0,12.839154,0
1,2017,10,19,22,0,0,0,16.171191,0
1,2017,10,19,22,1,0,0,10.999177,0
1,2017,10,19,22,2,0,0,14.852112,0
1,2017,10,19,22,3,0,0,13.489712,0
1,2017,10,19,23,0,0,0,7.933951,0
1,2017,10,19,23,1,0,0,13.489902,0
1,2017,10,19,23,2,0,0,4.426861,0
1,2017,10,19,23,3,0,0,6.770425,0
1,2017,10,20,0,0,0,0,9.772232,0
1,2017,10,20,0,1,0,0,14.662486,0
1,2017,10,20,0,2,0,0,12.605343,0
1,2017,10,20,0,3,0,0,7.460835,0
1,2017,10,20,1,0,0,0,4.627724,0
1,2017,10,20,1,1,0,0,4.627724,0
1,2017,10,20,1,2,0,0,6.601724,0
1,2017,10,20,1,3,0,0,5.943724,0
1,2017,10,20,2,0,0,0,4.627724,0
1,2017,10,20,2,1,0,0,4.627724,0
1,2017,10,20,2,2,0,0,4.627724,0
1,2017,10,20,2,3,0,0,13.102724,0
1,2017,10,20,3,0,0,0,10.842724,0
1,2017,10,20,3,1,0,0,9.970827,0
1,2017,10,20,3,2,0,0,9.614621,0
1,2017,10,20,3,3,0,0,4.627724,0
1,2017,10,20,4,0,0,0,4.627724,0
1,2017,10,20,4,1,0,0,4.627724,0
1,2017,10,20,4,2,0,0,4.627724,0
1,2017,10,20,4,3,0,0,4.627724,0
1,2017,10,20,5,0,0,0,4.627724,0
1,2017,10,20,5,1,0,0,4.627724,0
1,2017,10,20,5,2,0,0,4.627724,0
1,2017,10,20,5,3,0,0,4.627724,0
1,2017,10,20,6,0,0,0,4.627724,0
1,2017,10,20,6,1,0,0,4.627724,0
1,2017,10,20,6,2,0,0,4.627724,0
1,2017,10,20,6,3,0,0,10.635605,0
1,2017,10,20,7,0,0,0,8.220734,0
1,2017,10,20,7,1,0,0,8.750809,0
1,2017,10,20,7,2,0,0,13.886217,0
1,2017,10,20,7,3,0,0,12.541569,0
1,2017,10,20,8,0,0,0,6.788778,0
1,2017,10,20,8,1,0,0,8.324611,0
1,2017,10,20,8,2,0,0,6.417254,0
1,2017,10,20,8,3,0,0,7.081539,0
1,2017,10,20,9,0,0,0,13.66949,0
1,2017,10,20,9,1,0,0,18.907071,0
1,2017,10,20,9,2,0,0,18.734536,0
1,2017,10,20,9,3,0,0,29.017072,0
1,2017,10,20,10,0,0,0,17.996921,0
1,2017,10,20,10,1,0,0,13.027451,0
1,2017,10,20,10,2,0,0,20.11803,0
1,2017,10,20,10,3,0,0,18.557207,0
1,2017,10,20,11,0,0,0,17.228257,0
1,2017,10,20,11,1,0,0,17.28691,0
1,2017,10,20,11,2,0,0,19.288743,0
1,2017,10,20,11,3,0,0,14.727345,0
1,2017,10,20,12,0,0,0,18.498672,0
1,2017,10,20,12,1,0,0,35.510303,0
1,2017,10,20,12,2,0,0,40.000949,0
1,2017,10,20,12,3,0,0,26.781798,0
1,2017,10,20,13,0,0,0,19.695606,0
1,2017,10,20,13,1,0,0,23.804628,0
1,2017,10,20,13,2,0,0,24.73123,0
1,2017,10,20,13,3,0,0,32.751031,0
1,2017,10,20,14,0,0,0,25.774055,0
1,2017,10,20,14,1,0,0,21.448217,0
1,2017,10,20,14,2,0,0,31.782088,0
1,2017,10,20,14,3,0,0,39.305951,0
1,2017,10,20,15,0,0,0,30.984064,0
1,2017,10,20,15,1,0,0,24.732045,0
1,2017,10,20,15,2,0,0,27.409958,0
1,2017,10,20,15,3,0,0,20.209639,0
1,2017,10,20,16,0,0,0,17.149816,0
1,2017,10,20,16,1,0,0,19.102171,0
1,2017,10,20,16,2,0,0,19.230134,0
1,2017,10,20,16,3,0,0,16.403099,0
1,2017,10,20,17,0,0,0,24.945383,0
1,2017,10,20,17,1,0,0,22.174189,0
1,2017,10,20,17,2,0,0,8.761591,0
1,2017,10,20,17,3,0,0,9.376796,0
1,2017,10,20,18,0,0,0,5.619614,0
1,2017,10,20,18,1,0,0,6.421099,0
1,2017,10,20,18,2,0,0,11.549671,0
1,2017,10,20,18,3,0,0,12.163459,0
1,2017,10,20,19,0,0,0,10.645616,0
1,2017,10,20,19,1,0,0,13.100601,0
1,2017,10,20,19,2,0,0,22.18038,0
1,2017,10,20,19,3,0,0,28.019498,0
1,2017,10,20,20,0,0,0,23.859828,0
1,2017,10,20,20,1,0,0,23.829712,0
1,2017,10,20,20,2,0,0,23.448615,0
1,2017,10,20,20,3,0,0,11.504875,0
1,2017,10,20,21,0,0,0,15.40665,0
1,2017,10,20,21,1,0,0,13.794583,0
1,2017,10,20,21,2,0,0,3.935762,0
1,2017,10,20,21,3,0,0,3.276739,0
1,2017,10,20,22,0,0,0,2.65588,0
1,2017,10,20,22,1,0,0,10.45764,0
1,2017,10,20,22,2,0,0,15.595842,0
1,2017,10,20,22,3,0,0,13.825923,0
1,2017,10,20,23,0,0,0,23.488508,0
1,2017,10,20,23,1,0,0,25.153028,0
1,2017,10,20,23,2,0,0,18.955043,0
1,2017,10,20,23,3,0,0,12.897975,0
1,2017,10,21,0,0,0,0,14.565726,0
1,2017,10,21,0,1,0,0,10.96805,0
1,2017,10,21,0,2,0,0,10.697896,0
1,2017,10,21,0,3,0,0,2.771742,0
1,2017,10,21,1,0,0,0,10.547896,0
1,2017,10,21,1,1,0,0,11.803736,0
1,2017,10,21,1,2,0,0,19.835336,0
1,2017,10,21,1,3,0,0,19.951905,0
1,2017,10,21,2,0,0,0,8.335589,0
1,2017,10,21,2,1,0,0,12.769471,0
1,2017,10,21,2,2,0,0,12.606964,0
1,2017,10,21,2,3,0,0,12.584583,0
1,2017,10,21,3,0,0,0,2.997917,0
1,2017,10,21,3,1,0,0,2.313155,0
1,2017,10,21,3,2,0,0,2.313155,0
1,2017,10,21,3,3,0,0,9.956012,0
1,2017,10,21,4,0,0,0,9.329964,0
1,2017,10,21,4,1,0,0,15.665655,0
1,2017,10,21,4,2,0,0,13.475988,0
1,2017,10,21,4,3,0,0,3.198155,0
1,2017,10,21,5,0,0,0,2.40283,0
1,2017,10,21,5,1,0,0,2.985716,0
1,2017,10,21,5,2,0,0,2.985716,0
1,2017,10,21,5,3,0,0,2.985716,0
1,2017,10,21,6,0,0,0,2.985716,0
1,2017,10,21,6,1,0,0,2.985716,0
1,2017,10,21,6,2,0,0,2.985716,0
1,2017,10,21,6,3,0,0,2.973592,0
1,2017,10,21,7,0,0,0,2.803857,0
1,2017,10,21,7,1,0,0,3.819903,0
1,2017,10,21,7,2,0,0,4.798132,0
1,2017,10,21,7,3,0,0,7.267611,0
1,2017,10,21,8,0,0,0,14.47572,0
1,2017,10,21,8,1,0,0,12.291378,0
1,2017,10,21,8,2,0,0,13.328731,0
1,2017,10,21,8,3,0,0,9.969745,0
1,2017,10,21,9,0,0,0,9.032351,0
1,2017,10,21,9,1,0,0,12.07675,0
1,2017,10,21,9,2,0,0,10.515156,0
1,2017,10,21,9,3,0,0,10.852237,0
1,2017,10,21,10,0,0,0,19.05004,0
1,2017,10,21,10,1,0,0,26.434676,0
1,2017,10,21,10,2,0,0,23.060255,0
1,2017,10,21,10,3,0,0,18.356208,0
1,2017,10,21,11,0,0,0,17.269243,0
1,2017,10,21,11,1,0,0,11.781286,0
1,2017,10,21,11,2,0,0,11.438602,0
1,2017,10,21,11,3,0,0,12.035887,0
1,2017,10,21,12,0,0,0,12.359781,0
1,2017,10,21,12,1,0,0,14.168006,0
1,2017,10,21,12,2,0,0,16.441149,0
1,2017,10,21,12,3,0,0,20.375486,0
1,2017,10,21,13,0,0,0,17.699478,0
1,2017,10,21,13,1,0,0,18.385763,0
1,2017,10,21,13,2,0,0,27.322331,0
1,2017,10,21,13,3,0,0,26.194251,0
1,2017,10,21,14,0,0,0,28.154959,0
1,2017,10,21,14,1,0,0,20.652469,0
1,2017,10,21,14,2,0,0,19.760903,0
1,2017,10,21,14,3,0,0,12.312461,0
1,2017,10,21,15,0,0,0,11.969117,0
1,2017,10,21,15,1,0,0,8.678097,0
1,2017,10,21,15,2,0,0,9.555786,0
1,2017,10,21,15,3,0,0,19.716918,0
1,2017,10,21,16,0,0,0,21.874756,0
1,2017,10,21,16,1,0,0,26.613666,0
1,2017,10,21,16,2,0,0,24.226897,0
1,2017,10,21,16,3,0,0,16.472319,0
1,2017,10,21,17,0,0,0,18.759063,0
1,2017,10,21,17,1,0,0,12.962357,0
1,2017,10,21,17,2,0,0,21.007149,0
1,2017,10,21,17,3,0,0,16.355386,0
1,2017,10,21,18,0,0,0,18.658871,0
1,2017,10,21,18,1,0,0,22.039126,0
1,2017,10,21,18,2,0,0,12.324823,0
1,2017,10,21,18,3,0,0,15.647061,0
1,2017,10,21,19,0,0,0,22.945636,0
1,2017,10,21,19,1,0,0,13.332741,0
1,2017,10,21,19,2,0,0,9.74963,0
1,2017,10,21,19,3,0,0,18.204296,0
1,2017,10,21,20,0,0,0,13.500396,0
1,2017,10,21,20,1,0,0,16.090805,0
1,2017,10,21,20,2,0,0,21.497233,0
1,2017,10,21,20,3,0,0,23.247898,0
1,2017,10,21,21,0,0,0,30.135103,0
1,2017,10,21,21,1,0,0,23.317239,0
1,2017,10,21,21,2,0,0,22.309079,0
1,2017,10,21,21,3,0,0,21.319947,0
1,2017,10,21,22,0,0,0,34.001621,0
1,2017,10,21,22,1,0,0,26.930676,0
1,2017,10,21,22,2,0,0,32.141355,0
1,2017,10,21,22,3,0,0,23.888112,0
1,2017,10,21,23,0,0,0,6.824802,0
1,2017,10,21,23,1,0,0,9.416734,0
1,2017,10,21,23,2,0,0,24.919975,0
1,2017,10,21,23,3,0,0,4.106449,0
1,2017,10,22,0,0,0,0,16.49264,0
1,2017,10,22,0,1,0,0,9.126991,0
1,2017,10,22,0,2,0,0,8.108335,0
1,2017,10,22,0,3,0,0,13.770464,0
1,2017,10,22,1,0,0,0,22.240582,0
1,2017,10,22,1,1,0,0,42.688763,0
1,2017,10,22,1,2,0,0,32.879901,0
1,2017,10,22,1,3,0,0,29.89628,0
1,2017,10,22,2,0,0,0,20.52241,0
1,2017,10,22,2,1,0,0,17.454313,0
1,2017,10,22,2,2,0,0,26.225198,0
1,2017,10,22,2,3,0,0,7.552932,0
1,2017,10,22,3,0,0,0,5.469682,0
1,2017,10,22,3,1,0,0,17.030524,0
1,2017,10,22,3,2,0,0,6.580524,0
1,2017,10,22,3,3,0,0,10.659603,0
1,2017,10,22,4,0,0,0,20.747059,0
1,2017,10,22,4,1,0,0,9.325284,0
1,2017,10,22,4,2,0,0,7.550152,0
1,2017,10,22,4,3,0,0,10.712597,0
1,2017,10,22,5,0,0,0,20.917738,0
1,2017,10,22,5,1,0,0,9.540781,0
1,2017,10,22,5,2,0,0,12.436954,0
1,2017,10,22,5,3,0,0,15.509118,0
1,2017,10,22,6,0,0,0,5.646896,0
1,2017,10,22,6,1,0,0,3.18134,0
1,2017,10,22,6,2,0,0,3.18134,0
1,2017,10,22,6,3,0,0,3.0812,0
1,2017,10,22,7,0,0,0,3.460846,0
1,2017,10,22,7,1,0,0,3.66856,0
1,2017,10,22,7,2,0,0,8.115909,0
1,2017,10,22,7,3,0,0,2.794642,0
1,2017,10,22,8,0,0,0,3.611785,0
1,2017,10,22,8,1,0,0,6.035277,0
1,2017,10,22,8,2,0,0,8.726865,0
1,2017,10,22,8,3,0,0,5.095849,0
1,2017,10,22,9,0,0,0,7.822598,0
1,2017,10,22,9,1,0,0,10.435504,0
1,2017,10,22,9,2,0,0,8.953231,0
1,2017,10,22,9,3,0,0,12.555538,0
1,2017,10,22,10,0,0,0,3.605038,0
1,2017,10,22,10,1,0,0,6.312535,0
1,2017,10,22,10,2,0,0,16.212494,0
1,2017,10,22,10,3,0,0,15.021431,0
1,2017,10,22,11,0,0,0,11.383041,0
1,2017,10,22,11,1,0,0,11.166185,0
1,2017,10,22,11,2,0,0,12.756676,0
1,2017,10,22,11,3,0,0,16.512684,0
1,2017,10,22,12,0,0,0,13.498557,0
1,2017,10,22,12,1,0,0,13.191757,0
1,2017,10,22,12,2,0,0,15.370431,0
1,2017,10,22,12,3,0,0,17.94658,0
1,2017,10,22,13,0,0,0,21.362502,0
1,2017,10,22,13,1,0,0,32.086302,0
1,2017,10,22,13,2,0,0,22.593925,0
1,2017,10,22,13,3,0,0,20.364989,0
1,2017,10,22,14,0,0,0,14.374383,0
1,2017,10,22,14,1,0,0,15.696512,0
1,2017,10,22,14,2,0,0,16.524914,0
1,2017,10,22,14,3,0,0,14.208135,0
1,2017,10,22,15,0,0,0,18.641712,0
1,2017,10,22,15,1,0,0,18.331233,0
1,2017,10,22,15,2,0,0,15.263701,0
1,2017,10,22,15,3,0,0,17.539105,0
1,2017,10,22,16,0,0,0,20.39931,0
1,2017,10,22,16,1,0,0,30.625928,0
1,2017,10,22,16,2,0,0,20.62418,0
1,2017,10,22,16,3,0,0,21.964849,0
1,2017,10,22,17,0,0,0,11.701488,0
1,2017,10,22,17,1,0,0,14.696183,0
1,2017,10,22,17,2,0,0,14.177754,0
1,2017,10,22,17,3,0,0,11.653926,0
1,2017,10,22,18,0,0,0,22.32407,0
1,2017,10,22,18,1,0,0,20.90121,0
1,2017,10,22,18,2,0,0,19.585615,0
1,2017,10,22,18,3,0,0,23.154037,0
1,2017,10,22,19,0,0,0,12.929677,0
1,2017,10,22,19,1,0,0,25.264854,0
1,2017,10,22,19,2,0,0,13.142719,0
1,2017,10,22,19,3,0,0,15.632109,0
1,2017,10,22,20,0,0,0,16.26705,0
1,2017,10,22,20,1,0,0,13.872756,0
1,2017,10,22,20,2,0,0,13.095258,0
1,2017,10,22,20,3,0,0,19.448535,0
1,2017,10,22,21,0,0,0,24.433002,0
1,2017,10,22,21,1,0,0,14.129533,0
1,2017,10,22,21,2,0,0,7.34666,0
1,2017,10,22,21,3,0,0,21.859086,0
1,2017,10,22,22,0,0,0,24.348054,0
1,2017,10,22,22,1,0,0,14.974391,0
1,2017,10,22,22,2,0,0,13.479326,0
1,2017,10,22,22,3,0,0,17.466868,0
1,2017,10,22,23,0,0,0,16.472092,0
1,2017,10,22,23,1,0,0,16.605682,0
1,2017,10,22,23,2,0,0,10.898104,0
1,2017,10,22,23,3,0,0,5.563386,0
1,2017,10,23,0,0,0,0,8.937214,0
1,2017,10,23,0,1,0,0,8.283487,0
1,2017,10,23,0,2,0,0,11.57164,0
1,2017,10,23,0,3,0,0,3.208563,0
1,2017,10,23,1,0,0,0,3.208563,0
1,2017,10,23,1,1,0,0,5.473948,0
1,2017,10,23,1,2,0,0,10.004717,0
1,2017,10,23,1,3,0,0,5.927025,0
1,2017,10,23,2,0,0,0,3.208563,0
1,2017,10,23,2,1,0,0,3.208563,0
1,2017,10,23,2,2,0,0,3.208563,0
1,2017,10,23,2,3,0,0,3.208563,0
1,2017,10,23,3,0,0,0,3.208563,0
1,2017,10,23,3,1,0,0,3.208563,0
1,2017,10,23,3,2,0,0,3.208563,0
1,2017,10,23,3,3,0,0,3.208563,0
1,2017,10,23,4,0,0,0,3.208563,0
1,2017,10,23,4,1,0,0,4.315438,0
1,2017,10,23,4,2,0,0,8.742938,0
1,2017,10,23,4,3,0,0,8.742938,0
1,2017,10,23,5,0,0,0,8.742938,0
1,2017,10,23,5,1,0,0,3.208563,0
1,2017,10,23,5,2,0,0,3.208563,0
1,2017,10,23,5,3,0,0,4.152774,0
1,2017,10,23,6,0,0,0,10.290142,0
1,2017,10,23,6,1,0,0,3.773511,0
1,2017,10,23,6,2,0,0,2.691386,0
1,2017,10,23,6,3,0,0,2.691386,0
1,2017,10,23,7,0,0,0,4.883393,0
1,2017,10,23,7,1,0,0,10.003246,0
1,2017,10,23,7,2,0,0,9.274026,0
1,2017,10,23,7,3,0,0,6.327521,0
1,2017,10,23,8,0,0,0,4.696998,0
1,2017,10,23,8,1,0,0,8.491943,0
1,2017,10,23,8,2,0,0,10.99609,0
1,2017,10,23,8,3,0,0,3.709656,0
1,2017,10,23,9,0,0,0,9.185625,0
1,2017,10,23,9,1,0,0,20.27086,0
1,2017,10,23,9,2,0,0,15.169254,0
1,2017,10,23,9,3,0,0,15.910035,0
1,2017,10,23,10,0,0,0,14.093966,0
1,2017,10,23,10,1,0,0,21.286325,0
1,2017,10,23,10,2,0,0,12.708169,0
1,2017,10,23,10,3,0,0,12.685772,0
1,2017,10,23,11,0,0,0,20.582688,0
1,2017,10,23,11,1,0,0,25.541624,0
1,2017,10,23,11,2,0,0,21.93874,0
1,2017,10,23,11,3,0,0,20.991389,0
1,2017,10,23,12,0,0,0,25.465587,0
1,2017,10,23,12,1,0,0,27.852394,0
1,2017,10,23,12,2,0,0,15.926422,0
1,2017,10,23,12,3,0,0,22.66937,0
1,2017,10,23,13,0,0,0,24.262997,0
1,2017,10,23,13,1,0,0,25.779628,0
1,2017,10,23,13,2,0,0,25.093336,0
1,2017,10,23,13,3,0,0,18.174678,0
1,2017,10,23,14,0,0,0,17.976749,0
1,2017,10,23,14,1,0,0,30.237542,0
1,2017,10,23,14,2,0,0,23.60491,0
1,2017,10,23,14,3,0,0,28.871133,0
1,2017,10,23,15,0,0,0,25.767797,0
1,2017,10,23,15,1,0,0,21.658535,0
1,2017,10,23,15,2,0,0,21.887231,0
1,2017,10,23,15,3,0,0,20.129247,0
1,2017,10,23,16,0,0,0,28.606038,0
1,2017,10,23,16,1,0,0,22.196681,0
1,2017,10,23,16,2,0,0,16.257733,0
1,2017,10,23,16,3,0,0,15.229192,0
1,2017,10,23,17,0,0,0,20.589784,0
1,2017,10,23,17,1,0,0,12.635926,0
1,2017,10,23,17,2,0,0,14.682752,0
1,2017,10,23,17,3,0,0,14.360686,0
1,2017,10,23,18,0,0,0,18.49945,0
1,2017,10,23,18,1,0,0,16.209205,0
1,2017,10,23,18,2,0,0,9.839901,0
1,2017,10,23,18,3,0,0,17.161353,0
1,2017,10,23,19,0,0,0,15.670883,0
1,2017,10,23,19,1,0,0,19.803973,0
1,2017,10,23,19,2,0,0,16.690627,0
1,2017,10,23,19,3,0,0,24.899782,0
1,2017,10,23,20,0,0,0,13.962925,0
1,2017,10,23,20,1,0,0,12.73893,0
1,2017,10,23,20,2,0,0,19.871957,0
1,2017,10,23,20,3,0,0,14.036223,0
1,2017,10,23,21,0,0,0,7.347551,0
1,2017,10,23,21,1,0,0,7.704898,0
1,2017,10,23,21,2,0,0,14.946473,0
1,2017,10,23,21,3,0,0,8.52789,0
1,2017,10,23,22,0,0,0,8.39632,0
1,2017,10,23,22,1,0,0,7.281987,0
1,2017,10,23,22,2,0,0,13.17132,0
1,2017,10,23,22,3,0,0,11.249653,0
1,2017,10,23,23,0,0,0,8.506214,0
1,2017,10,23,23,1,0,0,14.255133,0
1,2017,10,23,23,2,0,0,17.8484,0
1,2017,10,23,23,3,0,0,6.838684,0
1,2017,10,24,0,0,0,0,4.904512,0
1,2017,10,24,0,1,0,0,8.451179,0
1,2017,10,24,0,2,0,0,11.997846,0
1,2017,10,24,0,3,0,0,4.904512,0
1,2017,10,24,1,0,0,0,5.452975,0
1,2017,10,24,1,1,0,0,5.492151,0
1,2017,10,24,1,2,0,0,5.492151,0
1,2017,10,24,1,3,0,0,5.492151,0
1,2017,10,24,2,0,0,0,5.492151,0
1,2017,10,24,2,1,0,0,5.492151,0
1,2017,10,24,2,2,0,0,5.492151,0
1,2017,10,24,2,3,0,0,5.492151,0
1,2017,10,24,3,0,0,0,5.492151,0
1,2017,10,24,3,1,0,0,5.492151,0
1,2017,10,24,3,2,0,0,5.492151,0
1,2017,10,24,3,3,0,0,5.492151,0
1,2017,10,24,4,0,0,0,5.492151,0
1,2017,10,24,4,1,0,0,5.492151,0
1,2017,10,24,4,2,0,0,5.492151,0
1,2017,10,24,4,3,0,0,5.416086,0
1,2017,10,24,5,0,0,0,5.365377,0
1,2017,10,24,5,1,0,0,5.365377,0
1,2017,10,24,5,2,0,0,7.197519,0
1,2017,10,24,5,3,0,0,9.945734,0
1,2017,10,24,6,0,0,0,8.064877,0
1,2017,10,24,6,1,0,0,8.175377,0
1,2017,10,24,6,2,0,0,8.175377,0
1,2017,10,24,6,3,0,0,8.153455,0
1,2017,10,24,7,0,0,0,7.029267,0
1,2017,10,24,7,1,0,0,4.733574,0
1,2017,10,24,7,2,0,0,5.227006,0
1,2017,10,24,7,3,0,0,10.760552,0
1,2017,10,24,8,0,0,0,24.367802,0
1,2017,10,24,8,1,0,0,11.909404,0
1,2017,10,24,8,2,0,0,10.827487,0
1,2017,10,24,8,3,0,0,11.686257,0
1,2017,10,24,9,0,0,0,9.294819,0
1,2017,10,24,9,1,0,0,11.20256,0
1,2017,10,24,9,2,0,0,12.123591,0
1,2017,10,24,9,3,0,0,17.473362,0
1,2017,10,24,10,0,0,0,20.844506,0
1,2017,10,24,10,1,0,0,17.295364,0
1,2017,10,24,10,2,0,0,13.793011,0
1,2017,10,24,10,3,0,0,18.311028,0
1,2017,10,24,11,0,0,0,6.642952,0
1,2017,10,24,11,1,0,0,12.07854,0
1,2017,10,24,11,2,0,0,10.82832,0
1,2017,10,24,11,3,0,0,14.727368,0
1,2017,10,24,12,0,0,0,17.913655,0
1,2017,10,24,12,1,0,0,23.103123,0
1,2017,10,24,12,2,0,0,22.192263,0
1,2017,10,24,12,3,0,0,24.736085,0
1,2017,10,24,13,0,0,0,27.880411,0
1,2017,10,24,13,1,0,0,26.24603,0
1,2017,10,24,13,2,0,0,22.602706,0
1,2017,10,24,13,3,0,0,13.616425,0
1,2017,10,24,14,0,0,0,20.836034,0
1,2017,10,24,14,1,0,0,17.104527,0
1,2017,10,24,14,2,0,0,25.220267,0
1,2017,10,24,14,3,0,0,26.618699,0
1,2017,10,24,15,0,0,0,17.93294,0
1,2017,10,24,15,1,0,0,18.056061,0
1,2017,10,24,15,2,0,0,23.319445,0
1,2017,10,24,15,3,0,0,20.11417,0
1,2017,10,24,16,0,0,0,31.879521,0
1,2017,10,24,16,1,0,0,36.259439,0
1,2017,10,24,16,2,0,0,14.932499,0
1,2017,10,24,16,3,0,0,10.234765,0
1,2017,10,24,17,0,0,0,21.486595,0
1,2017,10,24,17,1,0,0,21.779128,0
1,2017,10,24,17,2,0,0,13.679486,0
1,2017,10,24,17,3,0,0,13.413499,0
1,2017,10,24,18,0,0,0,12.789731,0
1,2017,10,24,18,1,0,0,23.023784,0
1,2017,10,24,18,2,0,0,20.238718,0
1,2017,10,24,18,3,0,0,8.68132,0
1,2017,10,24,19,0,0,0,15.351553,0
1,2017,10,24,19,1,0,0,21.441205,0
1,2017,10,24,19,2,0,0,16.303119,0
1,2017,10,24,19,3,0,0,4.839786,0
1,2017,10,24,20,0,0,0,3.882862,0
1,2017,10,24,20,1,0,0,2.447478,0
1,2017,10,24,20,2,0,0,2.465042,0
1,2017,10,24,20,3,0,0,2.940165,0
1,2017,10,24,21,0,0,0,2.940165,0
1,2017,10,24,21,1,0,0,9.090165,0
1,2017,10,24,21,2,0,0,7.273021,0
1,2017,10,24,21,3,0,0,8.607611,0
1,2017,10,24,22,0,0,0,3.894497,0
1,2017,10,24,22,1,0,0,4.295251,0
1,2017,10,24,22,2,0,0,5.645476,0
1,2017,10,24,22,3,0,0,18.392879,0
1,2017,10,24,23,0,0,0,11.92236,0
1,2017,10,24,23,1,0,0,4.356905,0
1,2017,10,24,23,2,0,0,5.696599,0
1,2017,10,24,23,3,0,0,7.575017,0
1,2017,10,25,0,0,0,0,11.231588,0
1,2017,10,25,0,1,0,0,11.175588,0
1,2017,10,25,0,2,0,0,13.438027,0
1,2017,10,25,0,3,0,0,16.425782,0
1,2017,10,25,1,0,0,0,9.373282,0
1,2017,10,25,1,1,0,0,8.288282,0
1,2017,10,25,1,2,0,0,4.802568,0
1,2017,10,25,1,3,0,0,4.553588,0
1,2017,10,25,2,0,0,0,4.553588,0
1,2017,10,25,2,1,0,0,4.553588,0
1,2017,10,25,2,2,0,0,4.553588,0
1,2017,10,25,2,3,0,0,4.553588,0
1,2017,10,25,3,0,0,0,4.553588,0
1,2017,10,25,3,1,0,0,4.553588,0
1,2017,10,25,3,2,0,0,4.553588,0
1,2017,10,25,3,3,0,0,4.553588,0
1,2017,10,25,4,0,0,0,4.553588,0
1,2017,10,25,4,1,0,0,4.777364,0
1,2017,10,25,4,2,0,0,4.972485,0
1,2017,10,25,4,3,0,0,13.914739,0
1,2017,10,25,5,0,0,0,4.903201,0
1,2017,10,25,5,1,0,0,10.500682,0
1,2017,10,25,5,2,0,0,12.079423,0
1,2017,10,25,5,3,0,0,5.339497,0
1,2017,10,25,6,0,0,0,6.781317,0
1,2017,10,25,6,1,0,0,15.49536,0
1,2017,10,25,6,2,0,0,12.9024,0
1,2017,10,25,6,3,0,0,5.155342,0
1,2017,10,25,7,0,0,0,4.145608,0
1,2017,10,25,7,1,0,0,5.296605,0
1,2017,10,25,7,2,0,0,9.65735,0
1,2017,10,25,7,3,0,0,9.846247,0
1,2017,10,25,8,0,0,0,7.47765,0
1,2017,10,25,8,1,0,0,8.953104,0
1,2017,10,25,8,2,0,0,25.060126,0
1,2017,10,25,8,3,0,0,22.691544,0
1,2017,10,25,9,0,0,0,15.581811,0
1,2017,10,25,9,1,0,0,17.018825,0
1,2017,10,25,9,2,0,0,16.357499,0
1,2017,10,25,9,3,0,0,29.247008,0
1,2017,10,25,10,0,0,0,31.286724,0
1,2017,10,25,10,1,0,0,30.545273,0
1,2017,10,25,10,2,0,0,18.226723,0
1,2017,10,25,10,3,0,0,22.361381,0
1,2017,10,25,11,0,0,0,14.242336,0
1,2017,10,25,11,1,0,0,16.931175,0
1,2017,10,25,11,2,0,0,16.087565,0
1,2017,10,25,11,3,0,0,19.530036,0
1,2017,10,25,12,0,0,0,19.733278,0
1,2017,10,25,12,1,0,0,30.357994,0
1,2017,10,25,12,2,0,0,32.567131,0
1,2017,10,25,12,3,0,0,31.198662,0
1,2017,10,25,13,0,0,0,28.885837,0
1,2017,10,25,13,1,0,0,31.13926,0
1,2017,10,25,13,2,0,0,27.784716,0
1,2017,10,25,13,3,0,0,21.398307,0
1,2017,10,25,14,0,0,0,23.856924,0
1,2017,10,25,14,1,0,0,18.900936,0
1,2017,10,25,14,2,0,0,27.997422,0
1,2017,10,25,14,3,0,0,22.729026,0
1,2017,10,25,15,0,0,0,23.497886,0
1,2017,10,25,15,1,0,0,11.642533,0
1,2017,10,25,15,2,0,0,16.3791,0
1,2017,10,25,15,3,0,0,24.088762,0
1,2017,10,25,16,0,0,0,17.899764,0
1,2017,10,25,16,1,0,0,14.881479,0
1,2017,10,25,16,2,0,0,15.254768,0
1,2017,10,25,16,3,0,0,20.057995,0
1,2017,10,25,17,0,0,0,19.363869,0
1,2017,10,25,17,1,0,0,15.950453,0
1,2017,10,25,17,2,0,0,7.691033,0
1,2017,10,25,17,3,0,0,12.932851,0
1,2017,10,25,18,0,0,0,9.134983,0
1,2017,10,25,18,1,0,0,12.617822,0
1,2017,10,25,18,2,0,0,16.929018,0
1,2017,10,25,18,3,0,0,19.139727,0
1,2017,10,25,19,0,0,0,9.967592,0
1,2017,10,25,19,1,0,0,12.36932,0
1,2017,10,25,19,2,0,0,9.757485,0
1,2017,10,25,19,3,0,0,17.117504,0
1,2017,10,25,20,0,0,0,18.785295,0
1,2017,10,25,20,1,0,0,12.120396,0
1,2017,10,25,20,2,0,0,12.420732,0
1,2017,10,25,20,3,0,0,12.159963,0
1,2017,10,25,21,0,0,0,9.836125,0
1,2017,10,25,21,1,0,0,13.76287,0
1,2017,10,25,21,2,0,0,16.307302,0
1,2017,10,25,21,3,0,0,10.822126,0
1,2017,10,25,22,0,0,0,13.203892,0
1,2017,10,25,22,1,0,0,11.469763,0
1,2017,10,25,22,2,0,0,12.626399,0
1,2017,10,25,22,3,0,0,14.995284,0
1,2017,10,25,23,0,0,0,8.026843,0
1,2017,10,25,23,1,0,0,13.233587,0
1,2017,10,25,23,2,0,0,5.805952,0
1,2017,10,25,23,3,0,0,8.393343,0
1,2017,10,26,0,0,0,0,11.161463,0
1,2017,10,26,0,1,0,0,11.23862,0
1,2017,10,26,0,2,0,0,11.23862,0
1,2017,10,26,0,3,0,0,11.298773,0
1,2017,10,26,1,0,0,0,10.358597,0
1,2017,10,26,1,1,0,0,12.071496,0
1,2017,10,26,1,2,0,0,15.352865,0
1,2017,10,26,1,3,0,0,16.478097,0
1,2017,10,26,2,0,0,0,10.988406,0
1,2017,10,26,2,1,0,0,9.701979,0
1,2017,10,26,2,2,0,0,9.104906,0
1,2017,10,26,2,3,0,0,4.24943,0
1,2017,10,26,3,0,0,0,4.24943,0
1,2017,10,26,3,1,0,0,4.24943,0
1,2017,10,26,3,2,0,0,4.24943,0
1,2017,10,26,3,3,0,0,4.24943,0
1,2017,10,26,4,0,0,0,4.24943,0
1,2017,10,26,4,1,0,0,4.24943,0
1,2017,10,26,4,2,0,0,4.24943,0
1,2017,10,26,4,3,0,0,4.168458,0
1,2017,10,26,5,0,0,0,6.629635,0
1,2017,10,26,5,1,0,0,8.783164,0
1,2017,10,26,5,2,0,0,8.783164,0
1,2017,10,26,5,3,0,0,8.16787,0
1,2017,10,26,6,0,0,0,5.374227,0
1,2017,10,26,6,1,0,0,12.600834,0
1,2017,10,26,6,2,0,0,11.389725,0
1,2017,10,26,6,3,0,0,11.642136,0
1,2017,10,26,7,0,0,0,13.543466,0
1,2017,10,26,7,1,0,0,4.428482,0
1,2017,10,26,7,2,0,0,8.05412,0
1,2017,10,26,7,3,0,0,12.406406,0
1,2017,10,26,8,0,0,0,10.280673,0
1,2017,10,26,8,1,0,0,5.569484,0
1,2017,10,26,8,2,0,0,10.420504,0
1,2017,10,26,8,3,0,0,10.329229,0
1,2017,10,26,9,0,0,0,10.446603,0
1,2017,10,26,9,1,0,0,9.341118,0
1,2017,10,26,9,2,0,0,16.17823,0
1,2017,10,26,9,3,0,0,11.589704,0
1,2017,10,26,10,0,0,0,12.440187,0
1,2017,10,26,10,1,0,0,17.761589,0
1,2017,10,26,10,2,0,0,17.660125,0
1,2017,10,26,10,3,0,0,8.7368,0
1,2017,10,26,11,0,0,0,7.595348,0
1,2017,10,26,11,1,0,0,11.335361,0
1,2017,10,26,11,2,0,0,20.544605,0
1,2017,10,26,11,3,0,0,25.31686,0
1,2017,10,26,12,0,0,0,19.032582,0
1,2017,10,26,12,1,0,0,23.916108,0
1,2017,10,26,12,2,0,0,39.50654,0
1,2017,10,26,12,3,0,0,24.899518,0
1,2017,10,26,13,0,0,0,22.626134,0
1,2017,10,26,13,1,0,0,21.926215,0
1,2017,10,26,13,2,0,0,18.949725,0
1,2017,10,26,13,3,0,0,14.466457,0
1,2017,10,26,14,0,0,0,19.416382,0
1,2017,10,26,14,1,0,0,13.538952,0
1,2017,10,26,14,2,0,0,14.81865,0
1,2017,10,26,14,3,0,0,22.498216,0
1,2017,10,26,15,0,0,0,11.298093,0
1,2017,10,26,15,1,0,0,6.665374,0
1,2017,10,26,15,2,0,0,7.995502,0
1,2017,10,26,15,3,0,0,14.501004,0
1,2017,10,26,16,0,0,0,17.346098,0
1,2017,10,26,16,1,0,0,21.651549,0
1,2017,10,26,16,2,0,0,17.717316,0
1,2017,10,26,16,3,0,0,19.901911,0
1,2017,10,26,17,0,0,0,18.880863,0
1,2017,10,26,17,1,0,0,9.567406,0
1,2017,10,26,17,2,0,0,5.991473,0
1,2017,10,26,17,3,0,0,4.897869,0
1,2017,10,26,18,0,0,0,4.115114,0
1,2017,10,26,18,1,0,0,7.351363,0
1,2017,10,26,18,2,0,0,12.642504,0
1,2017,10,26,18,3,0,0,9.566592,0
1,2017,10,26,19,0,0,0,5.934059,0
1,2017,10,26,19,1,0,0,17.3148,0
1,2017,10,26,19,2,0,0,17.513036,0
1,2017,10,26,19,3,0,0,11.326565,0
1,2017,10,26,20,0,0,0,4.836443,0
1,2017,10,26,20,1,0,0,5.967012,0
1,2017,10,26,20,2,0,0,12.969989,0
1,2017,10,26,20,3,0,0,16.700537,0
1,2017,10,26,21,0,0,0,16.830347,0
1,2017,10,26,21,1,0,0,12.284072,0
1,2017,10,26,21,2,0,0,11.624222,0
1,2017,10,26,21,3,0,0,9.084381,0
1,2017,10,26,22,0,0,0,11.509143,0
1,2017,10,26,22,1,0,0,16.137185,0
1,2017,10,26,22,2,0,0,18.010134,0
1,2017,10,26,22,3,0,0,16.401555,0
1,2017,10,26,23,0,0,0,11.857567,0
1,2017,10,26,23,1,0,0,7.312112,0
1,2017,10,26,23,2,0,0,7.402373,0
1,2017,10,26,23,3,0,0,17.08931,0
1,2017,10,27,0,0,0,0,16.062435,0
1,2017,10,27,0,1,0,0,9.387748,0
1,2017,10,27,0,2,0,0,8.406748,0
1,2017,10,27,0,3,0,0,9.495748,0
1,2017,10,27,1,0,0,0,17.659748,0
1,2017,10,27,1,1,0,0,7.302748,0
1,2017,10,27,1,2,0,0,4.482748,0
1,2017,10,27,1,3,0,0,4.482748,0
1,2017,10,27,2,0,0,0,4.482748,0
1,2017,10,27,2,1,0,0,8.277748,0
1,2017,10,27,2,2,0,0,5.747748,0
1,2017,10,27,2,3,0,0,4.482748,0
1,2017,10,27,3,0,0,0,8.226748,0
1,2017,10,27,3,1,0,0,13.218748,0
1,2017,10,27,3,2,0,0,4.482748,0
1,2017,10,27,3,3,0,0,5.042054,0
1,2017,10,27,4,0,0,0,5.321707,0
1,2017,10,27,4,1,0,0,5.321707,0
1,2017,10,27,4,2,0,0,5.313849,0
1,2017,10,27,4,3,0,0,9.425715,0
1,2017,10,27,5,0,0,0,10.631965,0
1,2017,10,27,5,1,0,0,5.20384,0
1,2017,10,27,5,2,0,0,5.20384,0
1,2017,10,27,5,3,0,0,5.20384,0
1,2017,10,27,6,0,0,0,5.20384,0
1,2017,10,27,6,1,0,0,5.20384,0
1,2017,10,27,6,2,0,0,5.20384,0
1,2017,10,27,6,3,0,0,4.977167,0
1,2017,10,27,7,0,0,0,11.275086,0
1,2017,10,27,7,1,0,0,13.799006,0
1,2017,10,27,7,2,0,0,14.854073,0
1,2017,10,27,7,3,0,0,15.94831,0
1,2017,10,27,8,0,0,0,22.471189,0
1,2017,10,27,8,1,0,0,22.533874,0
1,2017,10,27,8,2,0,0,12.628729,0
1,2017,10,27,8,3,0,0,10.481462,0
1,2017,10,27,9,0,0,0,13.107536,0
1,2017,10,27,9,1,0,0,14.746857,0
1,2017,10,27,9,2,0,0,18.532991,0
1,2017,10,27,9,3,0,0,21.585399,0
1,2017,10,27,10,0,0,0,32.080609,0
1,2017,10,27,10,1,0,0,27.175722,0
1,2017,10,27,10,2,0,0,22.883708,0
1,2017,10,27,10,3,0,0,15.48626,0
1,2017,10,27,11,0,0,0,15.890983,0
1,2017,10,27,11,1,0,0,17.823499,0
1,2017,10,27,11,2,0,0,16.459264,0
1,2017,10,27,11,3,0,0,22.731051,0
1,2017,10,27,12,0,0,0,24.817508,0
1,2017,10,27,12,1,0,0,24.16044,0
1,2017,10,27,12,2,0,0,14.771051,0
1,2017,10,27,12,3,0,0,16.027511,0
1,2017,10,27,13,0,0,0,26.600819,0
1,2017,10,27,13,1,0,0,16.706457,0
1,2017,10,27,13,2,0,0,18.986896,0
1,2017,10,27,13,3,0,0,26.590466,0
1,2017,10,27,14,0,0,0,23.531993,0
1,2017,10,27,14,1,0,0,26.304482,0
1,2017,10,27,14,2,0,0,19.905882,0
1,2017,10,27,14,3,0,0,18.876871,0
1,2017,10,27,15,0,0,0,22.056139,0
1,2017,10,27,15,1,0,0,25.757449,0
1,2017,10,27,15,2,0,0,30.480478,0
1,2017,10,27,15,3,0,0,22.394296,0
1,2017,10,27,16,0,0,0,11.141928,0
1,2017,10,27,16,1,0,0,14.109457,0
1,2017,10,27,16,2,0,0,18.142306,0
1,2017,10,27,16,3,0,0,12.592073,0
1,2017,10,27,17,0,0,0,10.912975,0
1,2017,10,27,17,1,0,0,15.576577,0
1,2017,10,27,17,2,0,0,21.439486,0
1,2017,10,27,17,3,0,0,9.105472,0
1,2017,10,27,18,0,0,0,8.100221,0
1,2017,10,27,18,1,0,0,19.899966,0
1,2017,10,27,18,2,0,0,16.740392,0
1,2017,10,27,18,3,0,0,6.403795,0
1,2017,10,27,19,0,0,0,11.489954,0
1,2017,10,27,19,1,0,0,24.572985,0
1,2017,10,27,19,2,0,0,21.999485,0
1,2017,10,27,19,3,0,0,15.023862,0
1,2017,10,27,20,0,0,0,12.675753,0
1,2017,10,27,20,1,0,0,7.771387,0
1,2017,10,27,20,2,0,0,12.422646,0
1,2017,10,27,20,3,0,0,16.602958,0
1,2017,10,27,21,0,0,0,24.227659,0
1,2017,10,27,21,1,0,0,22.678591,0
1,2017,10,27,21,2,0,0,12.412067,0
1,2017,10,27,21,3,0,0,17.117432,0
1,2017,10,27,22,0,0,0,12.057019,0
1,2017,10,27,22,1,0,0,18.874368,0
1,2017,10,27,22,2,0,0,11.366793,0
1,2017,10,27,22,3,0,0,7.131102,0
1,2017,10,27,23,0,0,0,7.274083,0
1,2017,10,27,23,1,0,0,11.952197,0
1,2017,10,27,23,2,0,0,11.801866,0
1,2017,10,27,23,3,0,0,14.683789,0
1,2017,10,28,0,0,0,0,6.746031,0
1,2017,10,28,0,1,0,0,8.363192,0
1,2017,10,28,0,2,0,0,19.66006,0
1,2017,10,28,0,3,0,0,11.762081,0
1,2017,10,28,1,0,0,0,8.35821,0
1,2017,10,28,1,1,0,0,21.022012,0
1,2017,10,28,1,2,0,0,23.347206,0
1,2017,10,28,1,3,0,0,35.698369,0
1,2017,10,28,2,0,0,0,30.454635,0
1,2017,10,28,2,1,0,0,30.146173,0
1,2017,10,28,2,2,0,0,14.062505,0
1,2017,10,28,2,3,0,0,6.849756,0
1,2017,10,28,3,0,0,0,13.546853,0
1,2017,10,28,3,1,0,0,6.772779,0
1,2017,10,28,3,2,0,0,7.727434,0
1,2017,10,28,3,3,0,0,8.955401,0
1,2017,10,28,4,0,0,0,1.788444,0
1,2017,10,28,4,1,0,0,1.788444,0
1,2017,10,28,4,2,0,0,1.788444,0
1,2017,10,28,4,3,0,0,6.471444,0
1,2017,10,28,5,0,0,0,10.485444,0
1,2017,10,28,5,1,0,0,12.67892,0
1,2017,10,28,5,2,0,0,5.645298,0
1,2017,10,28,5,3,0,0,2.078638,0
1,2017,10,28,6,0,0,0,4.55086,0
1,2017,10,28,6,1,0,0,4.553257,0
1,2017,10,28,6,2,0,0,5.804953,0
1,2017,10,28,6,3,0,0,5.804953,0
1,2017,10,28,7,0,0,0,11.290527,0
1,2017,10,28,7,1,0,0,11.446574,0
1,2017,10,28,7,2,0,0,10.074431,0
1,2017,10,28,7,3,0,0,12.846734,0
1,2017,10,28,8,0,0,0,9.642817,0
1,2017,10,28,8,1,0,0,12.619968,0
1,2017,10,28,8,2,0,0,11.740593,0
1,2017,10,28,8,3,0,0,8.027501,0
1,2017,10,28,9,0,0,0,9.052764,0
1,2017,10,28,9,1,0,0,3.965591,0
1,2017,10,28,9,2,0,0,5.692466,0
1,2017,10,28,9,3,0,0,6.756002,0
1,2017,10,28,10,0,0,0,9.626719,0
1,2017,10,28,10,1,0,0,9.150171,0
1,2017,10,28,10,2,0,0,12.685668,0
1,2017,10,28,10,3,0,0,13.636475,0
1,2017,10,28,11,0,0,0,9.97841,0
1,2017,10,28,11,1,0,0,14.188088,0
1,2017,10,28,11,2,0,0,13.025448,0
1,2017,10,28,11,3,0,0,8.757983,0
1,2017,10,28,12,0,0,0,17.878576,0
1,2017,10,28,12,1,0,0,15.232946,0
1,2017,10,28,12,2,0,0,14.06749,0
1,2017,10,28,12,3,0,0,16.704883,0
1,2017,10,28,13,0,0,0,22.859124,0
1,2017,10,28,13,1,0,0,19.636262,0
1,2017,10,28,13,2,0,0,18.496689,0
1,2017,10,28,13,3,0,0,24.761866,0
1,2017,10,28,14,0,0,0,25.494491,0
1,2017,10,28,14,1,0,0,26.187768,0
1,2017,10,28,14,2,0,0,26.594133,0
1,2017,10,28,14,3,0,0,23.92442,0
1,2017,10,28,15,0,0,0,15.738741,0
1,2017,10,28,15,1,0,0,17.596787,0
1,2017,10,28,15,2,0,0,13.593623,0
1,2017,10,28,15,3,0,0,21.43436,0
1,2017,10,28,16,0,0,0,14.891278,0
1,2017,10,28,16,1,0,0,17.710298,0
1,2017,10,28,16,2,0,0,19.949924,0
1,2017,10,28,16,3,0,0,18.380053,0
1,2017,10,28,17,0,0,0,8.601676,0
1,2017,10,28,17,1,0,0,18.991246,0
1,2017,10,28,17,2,0,0,10.654143,0
1,2017,10,28,17,3,0,0,10.751927,0
1,2017,10,28,18,0,0,0,14.321187,0
1,2017,10,28,18,1,0,0,7.317517,0
1,2017,10,28,18,2,0,0,5.35057,0
1,2017,10,28,18,3,0,0,6.9735,0
1,2017,10,28,19,0,0,0,10.416318,0
1,2017,10,28,19,1,0,0,11.346435,0
1,2017,10,28,19,2,0,0,10.116201,0
1,2017,10,28,19,3,0,0,17.386535,0
1,2017,10,28,20,0,0,0,12.010399,0
1,2017,10,28,20,1,0,0,1.937518,0
1,2017,10,28,20,2,0,0,14.575914,0
1,2017,10,28,20,3,0,0,21.088488,0
1,2017,10,28,21,0,0,0,24.186332,0
1,2017,10,28,21,1,0,0,23.284178,0
1,2017,10,28,21,2,0,0,24.425494,0
1,2017,10,28,21,3,0,0,29.599051,0
1,2017,10,28,22,0,0,0,18.049211,0
1,2017,10,28,22,1,0,0,21.208642,0
1,2017,10,28,22,2,0,0,27.439907,0
1,2017,10,28,22,3,0,0,16.17683,0
1,2017,10,28,23,0,0,0,19.596299,0
1,2017,10,28,23,1,0,0,15.086866,0
1,2017,10,28,23,2,0,0,10.351455,0
1,2017,10,28,23,3,0,0,20.976805,0
1,2017,10,29,0,0,0,0,14.435006,0
1,2017,10,29,0,1,0,0,17.923069,0
1,2017,10,29,0,2,0,0,8.815155,0
1,2017,10,29,0,3,0,0,12.224056,0
1,2017,10,29,1,0,0,0,32.686197,0
1,2017,10,29,1,1,0,0,46.428006,0
1,2017,10,29,1,2,0,0,41.943974,0
1,2017,10,29,1,3,0,0,31.221349,0
1,2017,10,29,2,0,0,0,18.999058,0
1,2017,10,29,2,1,0,0,18.437889,0
1,2017,10,29,2,2,0,0,21.400726,0
1,2017,10,29,2,3,0,0,22.559572,0
1,2017,10,29,3,0,0,0,5.375625,0
1,2017,10,29,3,1,0,0,7.977878,0
1,2017,10,29,3,2,0,0,7.499128,0
1,2017,10,29,3,3,0,0,17.045038,0
1,2017,10,29,4,0,0,0,18.240004,0
1,2017,10,29,4,1,0,0,8.149798,0
1,2017,10,29,4,2,0,0,8.149798,0
1,2017,10,29,4,3,0,0,12.589596,0
1,2017,10,29,5,0,0,0,21.398121,0
1,2017,10,29,5,1,0,0,10.505178,0
1,2017,10,29,5,2,0,0,7.46709,0
1,2017,10,29,5,3,0,0,2.598608,0
1,2017,10,29,6,0,0,0,3.710478,0
1,2017,10,29,6,1,0,0,10.698636,0
1,2017,10,29,6,2,0,0,6.497036,0
1,2017,10,29,6,3,0,0,2.820636,0
1,2017,10,29,7,0,0,0,2.820636,0
1,2017,10,29,7,1,0,0,10.658761,0
1,2017,10,29,7,2,0,0,8.127502,0
1,2017,10,29,7,3,0,0,8.233907,0
1,2017,10,29,8,0,0,0,11.874923,0
1,2017,10,29,8,1,0,0,8.766655,0
1,2017,10,29,8,2,0,0,1.613681,0
1,2017,10,29,8,3,0,0,1.610368,0
1,2017,10,29,9,0,0,0,2.057537,0
1,2017,10,29,9,1,0,0,4.141338,0
1,2017,10,29,9,2,0,0,9.08122,0
1,2017,10,29,9,3,0,0,6.134986,0
1,2017,10,29,10,0,0,0,1.210613,0
1,2017,10,29,10,1,0,0,1.904721,0
1,2017,10,29,10,2,0,0,8.507802,0
1,2017,10,29,10,3,0,0,9.778971,0
1,2017,10,29,11,0,0,0,9.709936,0
1,2017,10,29,11,1,0,0,15.415242,0
1,2017,10,29,11,2,0,0,16.067186,0
1,2017,10,29,11,3,0,0,13.374695,0
1,2017,10,29,12,0,0,0,19.310549,0
1,2017,10,29,12,1,0,0,20.140042,0
1,2017,10,29,12,2,0,0,16.078098,0
1,2017,10,29,12,3,0,0,26.52019,0
1,2017,10,29,13,0,0,0,18.085561,0
1,2017,10,29,13,1,0,0,12.049619,0
1,2017,10,29,13,2,0,0,16.589398,0
1,2017,10,29,13,3,0,0,15.15353,0
1,2017,10,29,14,0,0,0,20.17018,0
1,2017,10,29,14,1,0,0,20.795305,0
1,2017,10,29,14,2,0,0,13.55734,0
1,2017,10,29,14,3,0,0,19.557934,0
1,2017,10,29,15,0,0,0,18.089079,0
1,2017,10,29,15,1,0,0,15.358936,0
1,2017,10,29,15,2,0,0,7.356175,0
1,2017,10,29,15,3,0,0,10.946646,0
1,2017,10,29,16,0,0,0,20.452463,0
1,2017,10,29,16,1,0,0,18.304845,0
1,2017,10,29,16,2,0,0,21.912347,0
1,2017,10,29,16,3,0,0,19.07309,0
1,2017,10,29,17,0,0,0,18.01199,0
1,2017,10,29,17,1,0,0,19.329974,0
1,2017,10,29,17,2,0,0,14.459789,0
1,2017,10,29,17,3,0,0,9.354666,0
1,2017,10,29,18,0,0,0,10.849028,0
1,2017,10,29,18,1,0,0,23.62186,0
1,2017,10,29,18,2,0,0,12.576597,0
1,2017,10,29,18,3,0,0,24.049699,0
1,2017,10,29,19,0,0,0,24.542904,0
1,2017,10,29,19,1,0,0,27.377428,0
1,2017,10,29,19,2,0,0,26.258883,0
1,2017,10,29,19,3,0,0,18.641258,0
1,2017,10,29,20,0,0,0,16.270863,0
1,2017,10,29,20,1,0,0,13.204664,0
1,2017,10,29,20,2,0,0,9.283887,0
1,2017,10,29,20,3,0,0,15.220223,0
1,2017,10,29,21,0,0,0,7.489972,0
1,2017,10,29,21,1,0,0,10.500752,0
1,2017,10,29,21,2,0,0,25.252299,0
1,2017,10,29,21,3,0,0,21.41718,0
1,2017,10,29,22,0,0,0,11.597507,0
1,2017,10,29,22,1,0,0,11.89355,0
1,2017,10,29,22,2,0,0,11.33062,0
1,2017,10,29,22,3,0,0,15.357171,0
1,2017,10,29,23,0,0,0,16.621331,0
1,2017,10,29,23,1,0,0,9.511752,0
1,2017,10,29,23,2,0,0,3.688026,0
1,2017,10,29,23,3,0,0,5.545108,0
1,2017,10,30,0,0,0,0,9.361404,0
1,2017,10,30,0,1,0,0,6.11086,0
1,2017,10,30,0,2,0,0,14.904401,0
1,2017,10,30,0,3,0,0,16.823705,0
1,2017,10,30,1,0,0,0,16.701793,0
1,2017,10,30,1,1,0,0,16.103213,0
1,2017,10,30,1,2,0,0,7.125131,0
1,2017,10,30,1,3,0,0,2.699249,0
1,2017,10,30,2,0,0,0,2.699249,0
1,2017,10,30,2,1,0,0,2.699249,0
1,2017,10,30,2,2,0,0,10.704703,0
1,2017,10,30,2,3,0,0,10.066016,0
1,2017,10,30,3,0,0,0,8.682582,0
1,2017,10,30,3,1,0,0,4.693693,0
1,2017,10,30,3,2,0,0,5.081857,0
1,2017,10,30,3,3,0,0,10.035608,0
1,2017,10,30,4,0,0,0,4.694413,0
1,2017,10,30,4,1,0,0,3.264848,0
1,2017,10,30,4,2,0,0,3.264848,0
1,2017,10,30,4,3,0,0,3.264848,0
1,2017,10,30,5,0,0,0,3.264848,0
1,2017,10,30,5,1,0,0,4.062038,0
1,2017,10,30,5,2,0,0,4.11898,0
1,2017,10,30,5,3,0,0,4.59658,0
1,2017,10,30,6,0,0,0,13.38778,0
1,2017,10,30,6,1,0,0,13.67938,0
1,2017,10,30,6,2,0,0,5.52218,0
1,2017,10,30,6,3,0,0,4.803441,0
1,2017,10,30,7,0,0,0,7.941046,0
1,2017,10,30,7,1,0,0,6.63865,0
1,2017,10,30,7,2,0,0,5.556207,0
1,2017,10,30,7,3,0,0,5.517844,0
1,2017,10,30,8,0,0,0,6.318606,0
1,2017,10,30,8,1,0,0,8.038061,0
1,2017,10,30,8,2,0,0,10.743579,0
1,2017,10,30,8,3,0,0,9.500919,0
1,2017,10,30,9,0,0,0,13.833739,0
1,2017,10,30,9,1,0,0,28.706629,0
1,2017,10,30,9,2,0,0,31.822729,0
1,2017,10,30,9,3,0,0,31.253062,0
1,2017,10,30,10,0,0,0,25.350684,0
1,2017,10,30,10,1,0,0,23.347123,0
1,2017,10,30,10,2,0,0,19.078589,0
1,2017,10,30,10,3,0,0,19.899844,0
1,2017,10,30,11,0,0,0,19.466371,0
1,2017,10,30,11,1,0,0,16.839197,0
1,2017,10,30,11,2,0,0,24.296762,0
1,2017,10,30,11,3,0,0,31.277515,0
1,2017,10,30,12,0,0,0,23.245851,0
1,2017,10,30,12,1,0,0,23.183492,0
1,2017,10,30,12,2,0,0,17.797629,0
1,2017,10,30,12,3,0,0,19.316022,0
1,2017,10,30,13,0,0,0,21.118842,0
1,2017,10,30,13,1,0,0,20.462422,0
1,2017,10,30,13,2,0,0,25.661653,0
1,2017,10,30,13,3,0,0,36.564977,0
1,2017,10,30,14,0,0,0,36.27118,0
1,2017,10,30,14,1,0,0,30.582596,0
1,2017,10,30,14,2,0,0,21.54334,0
1,2017,10,30,14,3,0,0,20.913429,0
1,2017,10,30,15,0,0,0,23.124798,0
1,2017,10,30,15,1,0,0,22.366287,0
1,2017,10,30,15,2,0,0,26.649257,0
1,2017,10,30,15,3,0,0,28.779016,0
1,2017,10,30,16,0,0,0,23.256778,0
1,2017,10,30,16,1,0,0,16.316494,0
1,2017,10,30,16,2,0,0,18.035766,0
1,2017,10,30,16,3,0,0,15.625664,0
1,2017,10,30,17,0,0,0,15.34422,0
1,2017,10,30,17,1,0,0,16.564173,0
1,2017,10,30,17,2,0,0,11.704899,0
1,2017,10,30,17,3,0,0,13.516447,0
1,2017,10,30,18,0,0,0,13.549775,0
1,2017,10,30,18,1,0,0,13.893082,0
1,2017,10,30,18,2,0,0,20.715161,0
1,2017,10,30,18,3,0,0,13.346044,0
1,2017,10,30,19,0,0,0,21.536484,0
1,2017,10,30,19,1,0,0,17.98863,0
1,2017,10,30,19,2,0,0,12.015281,0
1,2017,10,30,19,3,0,0,17.156649,0
1,2017,10,30,20,0,0,0,15.343998,0
1,2017,10,30,20,1,0,0,21.533014,0
1,2017,10,30,20,2,0,0,18.129912,0
1,2017,10,30,20,3,0,0,11.734622,0
1,2017,10,30,21,0,0,0,13.471397,0
1,2017,10,30,21,1,0,0,11.325554,0
1,2017,10,30,21,2,0,0,16.169829,0
1,2017,10,30,21,3,0,0,9.435737,0
1,2017,10,30,22,0,0,0,10.471602,0
1,2017,10,30,22,1,0,0,16.590886,0
1,2017,10,30,22,2,0,0,19.242499,0
1,2017,10,30,22,3,0,0,12.356486,0
1,2017,10,30,23,0,0,0,11.109859,0
1,2017,10,30,23,1,0,0,9.382002,0
1,2017,10,30,23,2,0,0,13.556947,0
1,2017,10,30,23,3,0,0,12.962986,0
1,2017,10,31,0,0,0,0,8.894156,0
1,2017,10,31,0,1,0,0,5.078064,0
1,2017,10,31,0,2,0,0,4.80132,0
1,2017,10,31,0,3,0,0,4.80132,0
1,2017,10,31,1,0,0,0,4.80132,0
1,2017,10,31,1,1,0,0,4.80132,0
1,2017,10,31,1,2,0,0,4.80132,0
1,2017,10,31,1,3,0,0,4.80132,0
1,2017,10,31,2,0,0,0,4.80132,0
1,2017,10,31,2,1,0,0,4.80132,0
1,2017,10,31,2,2,0,0,4.80132,0
1,2017,10,31,2,3,0,0,4.80132,0
1,2017,10,31,3,0,0,0,4.80132,0
1,2017,10,31,3,1,0,0,4.80132,0
1,2017,10,31,3,2,0,0,4.80132,0
1,2017,10,31,3,3,0,0,4.80132,0
1,2017,10,31,4,0,0,0,4.80132,0
1,2017,10,31,4,1,0,0,5.358533,0
1,2017,10,31,4,2,0,0,7.587386,0
1,2017,10,31,4,3,0,0,7.587386,0
1,2017,10,31,5,0,0,0,7.587386,0
1,2017,10,31,5,1,0,0,7.21591,0
1,2017,10,31,5,2,0,0,4.80132,0
1,2017,10,31,5,3,0,0,8.712431,0
1,2017,10,31,6,0,0,0,9.690209,0
1,2017,10,31,6,1,0,0,4.80132,0
1,2017,10,31,6,2,0,0,4.80132,0
1,2017,10,31,6,3,0,0,8.244724,0
1,2017,10,31,7,0,0,0,10.401325,0
1,2017,10,31,7,1,0,0,5.720329,0
1,2017,10,31,7,2,0,0,5.512495,0
1,2017,10,31,7,3,0,0,7.120933,0
1,2017,10,31,8,0,0,0,9.632722,0
1,2017,10,31,8,1,0,0,14.161052,0
1,2017,10,31,8,2,0,0,3.877222,0
1,2017,10,31,8,3,0,0,3.149684,0
1,2017,10,31,9,0,0,0,7.454464,0
1,2017,10,31,9,1,0,0,22.298404,0
1,2017,10,31,9,2,0,0,22.458402,0
1,2017,10,31,9,3,0,0,21.602391,0
1,2017,10,31,10,0,0,0,13.59132,0
1,2017,10,31,10,1,0,0,18.538246,0
1,2017,10,31,10,2,0,0,11.712881,0
1,2017,10,31,10,3,0,0,14.577572,0
1,2017,10,31,11,0,0,0,17.697855,0
1,2017,10,31,11,1,0,0,27.591822,0
1,2017,10,31,11,2,0,0,20.79274,0
1,2017,10,31,11,3,0,0,14.827529,0
1,2017,10,31,12,0,0,0,22.386854,0
1,2017,10,31,12,1,0,0,11.819694,0
1,2017,10,31,12,2,0,0,20.37139,0
1,2017,10,31,12,3,0,0,25.114458,0
1,2017,10,31,13,0,0,0,22.869179,0
1,2017,10,31,13,1,0,0,22.463429,0
1,2017,10,31,13,2,0,0,32.777332,0
1,2017,10,31,13,3,0,0,30.015415,0
1,2017,10,31,14,0,0,0,17.715201,0
1,2017,10,31,14,1,0,0,18.440583,0
1,2017,10,31,14,2,0,0,17.811867,0
1,2017,10,31,14,3,0,0,26.146549,0
1,2017,10,31,15,0,0,0,15.846258,0
1,2017,10,31,15,1,0,0,11.951333,0
1,2017,10,31,15,2,0,0,15.677906,0
1,2017,10,31,15,3,0,0,15.876132,0
1,2017,10,31,16,0,0,0,14.300653,0
1,2017,10,31,16,1,0,0,10.424074,0
1,2017,10,31,16,2,0,0,12.235503,0
1,2017,10,31,16,3,0,0,12.292875,0
1,2017,10,31,17,0,0,0,19.035736,0
1,2017,10,31,17,1,0,0,13.606094,0
1,2017,10,31,17,2,0,0,14.146672,0
1,2017,10,31,17,3,0,0,14.316899,0
1,2017,10,31,18,0,0,0,12.717854,0
1,2017,10,31,18,1,0,0,10.456562,0
1,2017,10,31,18,2,0,0,16.947451,0
1,2017,10,31,18,3,0,0,7.828175,0
1,2017,10,31,19,0,0,0,15.531153,0
1,2017,10,31,19,1,0,0,13.827175,0
1,2017,10,31,19,2,0,0,14.308845,0
1,2017,10,31,19,3,0,0,6.798867,0
1,2017,10,31,20,0,0,0,5.472581,0
1,2017,10,31,20,1,0,0,7.487168,0
1,2017,10,31,20,2,0,0,13.978214,0
1,2017,10,31,20,3,0,0,6.291071,0
1,2017,10,31,21,0,0,0,7.218516,0
1,2017,10,31,21,1,0,0,7.278703,0
1,2017,10,31,21,2,0,0,6.931623,0
1,2017,10,31,21,3,0,0,9.506639,0
1,2017,10,31,22,0,0,0,4.26514,0
1,2017,10,31,22,1,0,0,4.26514,0
1,2017,10,31,22,2,0,0,4.91814,0
1,2017,10,31,22,3,0,0,10.14214,0
1,2017,10,31,23,0,0,0,6.238029,0
1,2017,10,31,23,1,0,0,13.092816,0
1,2017,10,31,23,2,0,0,9.388262,0
1,2017,10,31,23,3,0,0,10.328447,0
1,2017,11,1,0,0,0,0,12.939518,0
1,2017,11,1,0,1,0,0,6.680268,0
1,2017,11,1,0,2,0,0,6.033268,0
1,2017,11,1,0,3,0,0,19.236692,0
1,2017,11,1,1,0,0,0,18.138446,0
1,2017,11,1,1,1,0,0,13.565112,0
1,2017,11,1,1,2,0,0,13.644473,0
1,2017,11,1,1,3,0,0,13.644473,0
1,2017,11,1,2,0,0,0,12.397411,0
1,2017,11,1,2,1,0,0,10.813411,0
1,2017,11,1,2,2,0,0,11.585411,0
1,2017,11,1,2,3,0,0,12.388352,0
1,2017,11,1,3,0,0,0,10.85247,0
1,2017,11,1,3,1,0,0,8.498268,0
1,2017,11,1,3,2,0,0,6.402554,0
1,2017,11,1,3,3,0,0,5.005411,0
1,2017,11,1,4,0,0,0,11.32802,0
1,2017,11,1,4,1,0,0,16.620802,0
1,2017,11,1,4,2,0,0,14.312411,0
1,2017,11,1,4,3,0,0,13.806109,0
1,2017,11,1,5,0,0,0,11.356207,0
1,2017,11,1,5,1,0,0,18.311564,0
1,2017,11,1,5,2,0,0,18.311564,0
1,2017,11,1,5,3,0,0,10.238519,0
1,2017,11,1,6,0,0,0,9.459928,0
1,2017,11,1,6,1,0,0,9.459928,0
1,2017,11,1,6,2,0,0,6.473882,0
1,2017,11,1,6,3,0,0,5.676198,0
1,2017,11,1,7,0,0,0,8.760168,0
1,2017,11,1,7,1,0,0,11.423422,0
1,2017,11,1,7,2,0,0,12.867698,0
1,2017,11,1,7,3,0,0,7.488144,0
1,2017,11,1,8,0,0,0,6.175628,0
1,2017,11,1,8,1,0,0,5.591892,0
1,2017,11,1,8,2,0,0,6.763954,0
1,2017,11,1,8,3,0,0,12.416331,0
1,2017,11,1,9,0,0,0,14.744541,0
1,2017,11,1,9,1,0,0,18.51022,0
1,2017,11,1,9,2,0,0,16.15215,0
1,2017,11,1,9,3,0,0,23.187061,0
1,2017,11,1,10,0,0,0,22.286948,0
1,2017,11,1,10,1,0,0,14.658493,0
1,2017,11,1,10,2,0,0,22.209293,0
1,2017,11,1,10,3,0,0,21.654902,0
1,2017,11,1,11,0,0,0,32.770329,0
1,2017,11,1,11,1,0,0,29.870796,0
1,2017,11,1,11,2,0,0,29.04611,0
1,2017,11,1,11,3,0,0,19.074367,0
1,2017,11,1,12,0,0,0,14.183253,0
1,2017,11,1,12,1,0,0,19.780981,0
1,2017,11,1,12,2,0,0,28.771574,0
1,2017,11,1,12,3,0,0,18.614212,0
1,2017,11,1,13,0,0,0,18.202495,0
1,2017,11,1,13,1,0,0,17.660406,0
1,2017,11,1,13,2,0,0,20.701361,0
1,2017,11,1,13,3,0,0,22.561196,0
1,2017,11,1,14,0,0,0,27.786731,0
1,2017,11,1,14,1,0,0,29.658155,0
1,2017,11,1,14,2,0,0,28.394756,0
1,2017,11,1,14,3,0,0,15.775814,0
1,2017,11,1,15,0,0,0,16.871071,0
1,2017,11,1,15,1,0,0,13.354008,0
1,2017,11,1,15,2,0,0,16.516911,0
1,2017,11,1,15,3,0,0,16.743214,0
1,2017,11,1,16,0,0,0,17.698448,0
1,2017,11,1,16,1,0,0,17.250488,0
1,2017,11,1,16,2,0,0,15.135234,0
1,2017,11,1,16,3,0,0,10.48429,0
1,2017,11,1,17,0,0,0,16.651869,0
1,2017,11,1,17,1,0,0,18.43087,0
1,2017,11,1,17,2,0,0,21.941494,0
1,2017,11,1,17,3,0,0,22.152013,0
1,2017,11,1,18,0,0,0,16.616615,0
1,2017,11,1,18,1,0,0,9.974587,0
1,2017,11,1,18,2,0,0,16.637626,0
1,2017,11,1,18,3,0,0,18.750302,0
1,2017,11,1,19,0,0,0,8.292133,0
1,2017,11,1,19,1,0,0,12.007501,0
1,2017,11,1,19,2,0,0,22.79108,0
1,2017,11,1,19,3,0,0,16.080446,0
1,2017,11,1,20,0,0,0,11.25126,0
1,2017,11,1,20,1,0,0,5.429593,0
1,2017,11,1,20,2,0,0,5.429593,0
1,2017,11,1,20,3,0,0,11.24288,0
1,2017,11,1,21,0,0,0,13.242372,0
1,2017,11,1,21,1,0,0,9.220336,0
1,2017,11,1,21,2,0,0,6.1417,0
1,2017,11,1,21,3,0,0,15.043741,0
1,2017,11,1,22,0,0,0,12.140474,0
1,2017,11,1,22,1,0,0,8.502541,0
1,2017,11,1,22,2,0,0,4.260541,0
1,2017,11,1,22,3,0,0,3.957541,0
1,2017,11,1,23,0,0,0,11.434442,0
1,2017,11,1,23,1,0,0,11.399778,0
1,2017,11,1,23,2,0,0,16.906311,0
1,2017,11,1,23,3,0,0,10.348405,0
1,2017,11,2,0,0,0,0,16.983072,0
1,2017,11,2,0,1,0,0,15.136905,0
1,2017,11,2,0,2,0,0,11.562572,0
1,2017,11,2,0,3,0,0,4.478572,0
1,2017,11,2,1,0,0,0,4.478572,0
1,2017,11,2,1,1,0,0,4.478572,0
1,2017,11,2,1,2,0,0,5.036636,0
1,2017,11,2,1,3,0,0,12.849539,0
1,2017,11,2,2,0,0,0,12.849539,0
1,2017,11,2,2,1,0,0,14.987802,0
1,2017,11,2,2,2,0,0,16.739341,0
1,2017,11,2,2,3,0,0,4.478572,0
1,2017,11,2,3,0,0,0,4.478572,0
1,2017,11,2,3,1,0,0,4.478572,0
1,2017,11,2,3,2,0,0,4.478572,0
1,2017,11,2,3,3,0,0,4.478572,0
1,2017,11,2,4,0,0,0,4.478572,0
1,2017,11,2,4,1,0,0,4.478572,0
1,2017,11,2,4,2,0,0,4.478572,0
1,2017,11,2,4,3,0,0,4.478572,0
1,2017,11,2,5,0,0,0,4.478572,0
1,2017,11,2,5,1,0,0,4.478572,0
1,2017,11,2,5,2,0,0,4.478572,0
1,2017,11,2,5,3,0,0,4.478572,0
1,2017,11,2,6,0,0,0,4.478572,0
1,2017,11,2,6,1,0,0,10.13636,0
1,2017,11,2,6,2,0,0,9.840783,0
1,2017,11,2,6,3,0,0,4.403346,0
1,2017,11,2,7,0,0,0,5.398716,0
1,2017,11,2,7,1,0,0,8.456398,0
1,2017,11,2,7,2,0,0,8.507879,0
1,2017,11,2,7,3,0,0,8.906678,0
1,2017,11,2,8,0,0,0,8.422951,0
1,2017,11,2,8,1,0,0,10.158986,0
1,2017,11,2,8,2,0,0,6.667635,0
1,2017,11,2,8,3,0,0,14.55847,0
1,2017,11,2,9,0,0,0,20.433271,0
1,2017,11,2,9,1,0,0,10.677294,0
1,2017,11,2,9,2,0,0,10.845158,0
1,2017,11,2,9,3,0,0,10.269482,0
1,2017,11,2,10,0,0,0,9.772979,0
1,2017,11,2,10,1,0,0,11.658133,0
1,2017,11,2,10,2,0,0,17.307215,0
1,2017,11,2,10,3,0,0,16.433162,0
1,2017,11,2,11,0,0,0,13.874242,0
1,2017,11,2,11,1,0,0,9.375512,0
1,2017,11,2,11,2,0,0,14.429027,0
1,2017,11,2,11,3,0,0,19.421573,0
1,2017,11,2,12,0,0,0,18.389461,0
1,2017,11,2,12,1,0,0,20.24659,0
1,2017,11,2,12,2,0,0,15.196016,0
1,2017,11,2,12,3,0,0,14.723531,0
1,2017,11,2,13,0,0,0,13.599235,0
1,2017,11,2,13,1,0,0,11.596813,0
1,2017,11,2,13,2,0,0,19.103549,0
1,2017,11,2,13,3,0,0,13.174427,0
1,2017,11,2,14,0,0,0,11.217479,0
1,2017,11,2,14,1,0,0,14.307336,0
1,2017,11,2,14,2,0,0,19.062019,0
1,2017,11,2,14,3,0,0,11.077424,0
1,2017,11,2,15,0,0,0,13.940895,0
1,2017,11,2,15,1,0,0,10.3951,0
1,2017,11,2,15,2,0,0,8.254937,0
1,2017,11,2,15,3,0,0,9.235426,0
1,2017,11,2,16,0,0,0,15.187483,0
1,2017,11,2,16,1,0,0,11.592074,0
1,2017,11,2,16,2,0,0,21.211737,0
1,2017,11,2,16,3,0,0,11.479971,0
1,2017,11,2,17,0,0,0,11.267517,0
1,2017,11,2,17,1,0,0,8.745217,0
1,2017,11,2,17,2,0,0,6.640529,0
1,2017,11,2,17,3,0,0,6.42006,0
1,2017,11,2,18,0,0,0,12.300134,0
1,2017,11,2,18,1,0,0,7.509626,0
1,2017,11,2,18,2,0,0,6.627295,0
1,2017,11,2,18,3,0,0,12.620703,0
1,2017,11,2,19,0,0,0,18.833174,0
1,2017,11,2,19,1,0,0,16.49558,0
1,2017,11,2,19,2,0,0,6.190672,0
1,2017,11,2,19,3,0,0,9.092738,0
1,2017,11,2,20,0,0,0,10.754789,0
1,2017,11,2,20,1,0,0,12.533082,0
1,2017,11,2,20,2,0,0,12.383569,0
1,2017,11,2,20,3,0,0,17.507735,0
1,2017,11,2,21,0,0,0,12.410592,0
1,2017,11,2,21,1,0,0,10.328823,0
1,2017,11,2,21,2,0,0,12.724417,0
1,2017,11,2,21,3,0,0,13.394433,0
1,2017,11,2,22,0,0,0,5.393167,0
1,2017,11,2,22,1,0,0,11.355631,0
1,2017,11,2,22,2,0,0,11.900042,0
1,2017,11,2,22,3,0,0,6.455925,0
1,2017,11,2,23,0,0,0,6.038008,0
1,2017,11,2,23,1,0,0,18.082385,0
1,2017,11,2,23,2,0,0,19.664433,0
1,2017,11,2,23,3,0,0,9.743504,0
1,2017,11,3,0,0,0,0,4.107021,0
1,2017,11,3,0,1,0,0,8.868021,0
1,2017,11,3,0,2,0,0,4.755035,0
1,2017,11,3,0,3,0,0,8.518936,0
1,2017,11,3,1,0,0,0,12.220843,0
1,2017,11,3,1,1,0,0,10.576558,0
1,2017,11,3,1,2,0,0,10.677986,0
1,2017,11,3,1,3,0,0,9.844885,0
1,2017,11,3,2,0,0,0,4.863038,0
1,2017,11,3,2,1,0,0,5.007391,0
1,2017,11,3,2,2,0,0,5.007391,0
1,2017,11,3,2,3,0,0,5.007391,0
1,2017,11,3,3,0,0,0,7.933391,0
1,2017,11,3,3,1,0,0,16.201098,0
1,2017,11,3,3,2,0,0,15.698684,0
1,2017,11,3,3,3,0,0,8.664891,0
1,2017,11,3,4,0,0,0,8.827352,0
1,2017,11,3,4,1,0,0,6.032929,0
1,2017,11,3,4,2,0,0,6.863391,0
1,2017,11,3,4,3,0,0,5.007391,0
1,2017,11,3,5,0,0,0,5.007391,0
1,2017,11,3,5,1,0,0,5.007391,0
1,2017,11,3,5,2,0,0,5.007391,0
1,2017,11,3,5,3,0,0,5.995626,0
1,2017,11,3,6,0,0,0,7.379156,0
1,2017,11,3,6,1,0,0,5.007391,0
1,2017,11,3,6,2,0,0,5.007391,0
1,2017,11,3,6,3,0,0,5.968618,0
1,2017,11,3,7,0,0,0,8.397502,0
1,2017,11,3,7,1,0,0,8.334222,0
1,2017,11,3,7,2,0,0,5.431639,0
1,2017,11,3,7,3,0,0,7.801694,0
1,2017,11,3,8,0,0,0,10.544203,0
1,2017,11,3,8,1,0,0,7.659297,0
1,2017,11,3,8,2,0,0,8.522816,0
1,2017,11,3,8,3,0,0,10.591926,0
1,2017,11,3,9,0,0,0,17.725099,0
1,2017,11,3,9,1,0,0,14.465075,0
1,2017,11,3,9,2,0,0,17.374374,0
1,2017,11,3,9,3,0,0,16.55609,0
1,2017,11,3,10,0,0,0,16.746946,0
1,2017,11,3,10,1,0,0,11.621591,0
1,2017,11,3,10,2,0,0,17.829346,0
1,2017,11,3,10,3,0,0,18.791031,0
1,2017,11,3,11,0,0,0,16.313974,0
1,2017,11,3,11,1,0,0,17.480403,0
1,2017,11,3,11,2,0,0,22.130674,0
1,2017,11,3,11,3,0,0,22.925882,0
1,2017,11,3,12,0,0,0,21.014734,0
1,2017,11,3,12,1,0,0,21.510877,0
1,2017,11,3,12,2,0,0,22.990752,0
1,2017,11,3,12,3,0,0,17.803336,0
1,2017,11,3,13,0,0,0,20.461147,0
1,2017,11,3,13,1,0,0,21.408918,0
1,2017,11,3,13,2,0,0,26.915406,0
1,2017,11,3,13,3,0,0,26.88678,0
1,2017,11,3,14,0,0,0,21.677302,0
1,2017,11,3,14,1,0,0,19.167787,0
1,2017,11,3,14,2,0,0,17.104133,0
1,2017,11,3,14,3,0,0,17.926861,0
1,2017,11,3,15,0,0,0,15.390633,0
1,2017,11,3,15,1,0,0,18.757969,0
1,2017,11,3,15,2,0,0,14.307504,0
1,2017,11,3,15,3,0,0,15.925258,0
1,2017,11,3,16,0,0,0,26.854779,0
1,2017,11,3,16,1,0,0,23.757963,0
1,2017,11,3,16,2,0,0,12.86269,0
1,2017,11,3,16,3,0,0,10.321624,0
1,2017,11,3,17,0,0,0,15.214665,0
1,2017,11,3,17,1,0,0,22.184566,0
1,2017,11,3,17,2,0,0,15.703363,0
1,2017,11,3,17,3,0,0,11.414361,0
1,2017,11,3,18,0,0,0,15.704874,0
1,2017,11,3,18,1,0,0,12.608211,0
1,2017,11,3,18,2,0,0,17.773127,0
1,2017,11,3,18,3,0,0,6.710305,0
1,2017,11,3,19,0,0,0,2.813012,0
1,2017,11,3,19,1,0,0,6.036622,0
1,2017,11,3,19,2,0,0,16.551264,0
1,2017,11,3,19,3,0,0,12.431899,0
1,2017,11,3,20,0,0,0,16.118979,0
1,2017,11,3,20,1,0,0,16.979943,0
1,2017,11,3,20,2,0,0,13.759823,0
1,2017,11,3,20,3,0,0,13.011305,0
1,2017,11,3,21,0,0,0,15.184752,0
1,2017,11,3,21,1,0,0,15.561927,0
1,2017,11,3,21,2,0,0,23.378039,0
1,2017,11,3,21,3,0,0,20.489881,0
1,2017,11,3,22,0,0,0,6.393338,0
1,2017,11,3,22,1,0,0,8.675312,0
1,2017,11,3,22,2,0,0,2.238577,0
1,2017,11,3,22,3,0,0,10.61493,0
1,2017,11,3,23,0,0,0,9.449138,0
1,2017,11,3,23,1,0,0,6.174268,0
1,2017,11,3,23,2,0,0,13.494268,0
1,2017,11,3,23,3,0,0,6.174268,0
1,2017,11,4,0,0,0,0,12.011609,0
1,2017,11,4,0,1,0,0,14.080099,0
1,2017,11,4,0,2,0,0,23.116714,0
1,2017,11,4,0,3,0,0,26.134894,0
1,2017,11,4,1,0,0,0,14.796491,0
1,2017,11,4,1,1,0,0,11.701387,0
1,2017,11,4,1,2,0,0,16.617149,0
1,2017,11,4,1,3,0,0,17.3946,0
1,2017,11,4,2,0,0,0,15.619118,0
1,2017,11,4,2,1,0,0,10.820586,0
1,2017,11,4,2,2,0,0,3.443842,0
1,2017,11,4,2,3,0,0,12.245324,0
1,2017,11,4,3,0,0,0,20.27871,0
1,2017,11,4,3,1,0,0,14.366197,0
1,2017,11,4,3,2,0,0,5.094768,0
1,2017,11,4,3,3,0,0,2.089768,0
1,2017,11,4,4,0,0,0,2.089768,0
1,2017,11,4,4,1,0,0,2.089768,0
1,2017,11,4,4,2,0,0,3.047363,0
1,2017,11,4,4,3,0,0,3.115763,0
1,2017,11,4,5,0,0,0,3.115763,0
1,2017,11,4,5,1,0,0,3.115763,0
1,2017,11,4,5,2,0,0,3.115763,0
1,2017,11,4,5,3,0,0,3.115763,0
1,2017,11,4,6,0,0,0,3.115763,0
1,2017,11,4,6,1,0,0,7.152126,0
1,2017,11,4,6,2,0,0,9.170308,0
1,2017,11,4,6,3,0,0,9.168044,0
1,2017,11,4,7,0,0,0,8.283718,0
1,2017,11,4,7,1,0,0,8.524324,0
1,2017,11,4,7,2,0,0,12.10302,0
1,2017,11,4,7,3,0,0,14.668307,0
1,2017,11,4,8,0,0,0,20.365593,0
1,2017,11,4,8,1,0,0,16.388066,0
1,2017,11,4,8,2,0,0,10.054157,0
1,2017,11,4,8,3,0,0,5.572865,0
1,2017,11,4,9,0,0,0,5.975865,0
1,2017,11,4,9,1,0,0,2.672865,0
1,2017,11,4,9,2,0,0,2.870328,0
1,2017,11,4,9,3,0,0,3.29423,0
1,2017,11,4,10,0,0,0,9.695916,0
1,2017,11,4,10,1,0,0,18.063875,0
1,2017,11,4,10,2,0,0,13.508332,0
1,2017,11,4,10,3,0,0,9.335184,0
1,2017,11,4,11,0,0,0,14.395154,0
1,2017,11,4,11,1,0,0,14.243767,0
1,2017,11,4,11,2,0,0,14.177819,0
1,2017,11,4,11,3,0,0,16.379831,0
1,2017,11,4,12,0,0,0,20.128,0
1,2017,11,4,12,1,0,0,19.501951,0
1,2017,11,4,12,2,0,0,20.510227,0
1,2017,11,4,12,3,0,0,23.746309,0
1,2017,11,4,13,0,0,0,25.368554,0
1,2017,11,4,13,1,0,0,31.454753,0
1,2017,11,4,13,2,0,0,23.322343,0
1,2017,11,4,13,3,0,0,18.176562,0
1,2017,11,4,14,0,0,0,20.910833,0
1,2017,11,4,14,1,0,0,21.730886,0
1,2017,11,4,14,2,0,0,18.496996,0
1,2017,11,4,14,3,0,0,18.199246,0
1,2017,11,4,15,0,0,0,18.796327,0
1,2017,11,4,15,1,0,0,13.128322,0
1,2017,11,4,15,2,0,0,13.269519,0
1,2017,11,4,15,3,0,0,21.600159,0
1,2017,11,4,16,0,0,0,22.780811,0
1,2017,11,4,16,1,0,0,24.751173,0
1,2017,11,4,16,2,0,0,22.604804,0
1,2017,11,4,16,3,0,0,23.792813,0
1,2017,11,4,17,0,0,0,24.706166,0
1,2017,11,4,17,1,0,0,26.071055,0
1,2017,11,4,17,2,0,0,15.467016,0
1,2017,11,4,17,3,0,0,14.574463,0
1,2017,11,4,18,0,0,0,7.632572,0
1,2017,11,4,18,1,0,0,16.097627,0
1,2017,11,4,18,2,0,0,18.334332,0
1,2017,11,4,18,3,0,0,13.456238,0
1,2017,11,4,19,0,0,0,16.833688,0
1,2017,11,4,19,1,0,0,19.766724,0
1,2017,11,4,19,2,0,0,13.165188,0
1,2017,11,4,19,3,0,0,16.032873,0
1,2017,11,4,20,0,0,0,9.135756,0
1,2017,11,4,20,1,0,0,8.141838,0
1,2017,11,4,20,2,0,0,11.833344,0
1,2017,11,4,20,3,0,0,6.051716,0
1,2017,11,4,21,0,0,0,10.216235,0
1,2017,11,4,21,1,0,0,12.21112,0
1,2017,11,4,21,2,0,0,16.716029,0
1,2017,11,4,21,3,0,0,22.007384,0
1,2017,11,4,22,0,0,0,24.064967,0
1,2017,11,4,22,1,0,0,16.810281,0
1,2017,11,4,22,2,0,0,15.197384,0
1,2017,11,4,22,3,0,0,19.310633,0
1,2017,11,4,23,0,0,0,19.428991,0
1,2017,11,4,23,1,0,0,22.356762,0
1,2017,11,4,23,2,0,0,14.522038,0
1,2017,11,4,23,3,0,0,23.069104,0
1,2017,11,5,0,0,0,0,21.856537,0
1,2017,11,5,0,1,0,0,8.691732,0
1,2017,11,5,0,2,0,0,8.227052,0
1,2017,11,5,0,3,0,0,13.914143,0
1,2017,11,5,1,0,0,0,24.041203,0
1,2017,11,5,1,1,0,0,20.31867,0
1,2017,11,5,1,2,0,0,18.794194,0
1,2017,11,5,1,3,0,0,25.872059,0
1,2017,11,5,2,0,0,0,33.314531,0
1,2017,11,5,2,1,0,0,20.118233,0
1,2017,11,5,2,2,0,0,24.713664,0
1,2017,11,5,2,3,0,0,26.22177,0
1,2017,11,5,3,0,0,0,12.091217,0
1,2017,11,5,3,1,0,0,24.917467,0
1,2017,11,5,3,2,0,0,20.331884,0
1,2017,11,5,3,3,0,0,11.549301,0
1,2017,11,5,4,0,0,0,14.78586,0
1,2017,11,5,4,1,0,0,12.687929,0
1,2017,11,5,4,2,0,0,14.529062,0
1,2017,11,5,4,3,0,0,10.656334,0
1,2017,11,5,5,0,0,0,7.220584,0
1,2017,11,5,5,1,0,0,11.111091,0
1,2017,11,5,5,2,0,0,10.370864,0
1,2017,11,5,5,3,0,0,9.913787,0
1,2017,11,5,6,0,0,0,6.843326,0
1,2017,11,5,6,1,0,0,2.875022,0
1,2017,11,5,6,2,0,0,3.133756,0
1,2017,11,5,6,3,0,0,3.825275,0
1,2017,11,5,7,0,0,0,5.609479,0
1,2017,11,5,7,1,0,0,5.609479,0
1,2017,11,5,7,2,0,0,12.741359,0
1,2017,11,5,7,3,0,0,10.395165,0
1,2017,11,5,8,0,0,0,12.803249,0
1,2017,11,5,8,1,0,0,9.400711,0
1,2017,11,5,8,2,0,0,5.996126,0
1,2017,11,5,8,3,0,0,5.289924,0
1,2017,11,5,9,0,0,0,11.037478,0
1,2017,11,5,9,1,0,0,8.068553,0
1,2017,11,5,9,2,0,0,8.495439,0
1,2017,11,5,9,3,0,0,9.277984,0
1,2017,11,5,10,0,0,0,7.459333,0
1,2017,11,5,10,1,0,0,27.199489,0
1,2017,11,5,10,2,0,0,6.008756,0
1,2017,11,5,10,3,0,0,15.634987,0
1,2017,11,5,11,0,0,0,12.02284,0
1,2017,11,5,11,1,0,0,8.741526,0
1,2017,11,5,11,2,0,0,7.66144,0
1,2017,11,5,11,3,0,0,8.71867,0
1,2017,11,5,12,0,0,0,14.9904,0
1,2017,11,5,12,1,0,0,10.656655,0
1,2017,11,5,12,2,0,0,17.494076,0
1,2017,11,5,12,3,0,0,22.205478,0
1,2017,11,5,13,0,0,0,15.143237,0
1,2017,11,5,13,1,0,0,28.056552,0
1,2017,11,5,13,2,0,0,17.497231,0
1,2017,11,5,13,3,0,0,19.699301,0
1,2017,11,5,14,0,0,0,24.974858,0
1,2017,11,5,14,1,0,0,22.354121,0
1,2017,11,5,14,2,0,0,24.867621,0
1,2017,11,5,14,3,0,0,20.62931,0
1,2017,11,5,15,0,0,0,21.446623,0
1,2017,11,5,15,1,0,0,15.627196,0
1,2017,11,5,15,2,0,0,16.574355,0
1,2017,11,5,15,3,0,0,21.848081,0
1,2017,11,5,16,0,0,0,18.371009,0
1,2017,11,5,16,1,0,0,20.382432,0
1,2017,11,5,16,2,0,0,13.663528,0
1,2017,11,5,16,3,0,0,15.037505,0
1,2017,11,5,17,0,0,0,17.558999,0
1,2017,11,5,17,1,0,0,15.689037,0
1,2017,11,5,17,2,0,0,16.534105,0
1,2017,11,5,17,3,0,0,24.026675,0
1,2017,11,5,18,0,0,0,21.490845,0
1,2017,11,5,18,1,0,0,16.088306,0
1,2017,11,5,18,2,0,0,6.245654,0
1,2017,11,5,18,3,0,0,7.033643,0
1,2017,11,5,19,0,0,0,6.634002,0
1,2017,11,5,19,1,0,0,11.874425,0
1,2017,11,5,19,2,0,0,11.406107,0
1,2017,11,5,19,3,0,0,16.574973,0
1,2017,11,5,20,0,0,0,18.383479,0
1,2017,11,5,20,1,0,0,25.262216,0
1,2017,11,5,20,2,0,0,17.782651,0
1,2017,11,5,20,3,0,0,17.305207,0
1,2017,11,5,21,0,0,0,18.68375,0
1,2017,11,5,21,1,0,0,20.385669,0
1,2017,11,5,21,2,0,0,16.841862,0
1,2017,11,5,21,3,0,0,14.473324,0
1,2017,11,5,22,0,0,0,6.631702,0
1,2017,11,5,22,1,0,0,9.735394,0
1,2017,11,5,22,2,0,0,12.846848,0
1,2017,11,5,22,3,0,0,8.826613,0
1,2017,11,5,23,0,0,0,7.465764,0
1,2017,11,5,23,1,0,0,9.045679,0
1,2017,11,5,23,2,0,0,6.612304,0
1,2017,11,5,23,3,0,0,8.383017,0
1,2017,11,6,0,0,0,0,10.654128,0
1,2017,11,6,0,1,0,0,2.705239,0
1,2017,11,6,0,2,0,0,2.137462,0
1,2017,11,6,0,3,0,0,2.137462,0
1,2017,11,6,1,0,0,0,9.104927,0
1,2017,11,6,1,1,0,0,8.318907,0
1,2017,11,6,1,2,0,0,2.65849,0
1,2017,11,6,1,3,0,0,5.819379,0
1,2017,11,6,2,0,0,0,9.431824,0
1,2017,11,6,2,1,0,0,21.492169,0
1,2017,11,6,2,2,0,0,20.41034,0
1,2017,11,6,2,3,0,0,15.85874,0
1,2017,11,6,3,0,0,0,12.89849,0
1,2017,11,6,3,1,0,0,2.65849,0
1,2017,11,6,3,2,0,0,2.65849,0
1,2017,11,6,3,3,0,0,3.16202,0
1,2017,11,6,4,0,0,0,10.211432,0
1,2017,11,6,4,1,0,0,3.16202,0
1,2017,11,6,4,2,0,0,2.65849,0
1,2017,11,6,4,3,0,0,2.65849,0
1,2017,11,6,5,0,0,0,2.65849,0
1,2017,11,6,5,1,0,0,2.65849,0
1,2017,11,6,5,2,0,0,2.65849,0
1,2017,11,6,5,3,0,0,2.65849,0
1,2017,11,6,6,0,0,0,9.851432,0
1,2017,11,6,6,1,0,0,8.879253,0
1,2017,11,6,6,2,0,0,8.702935,0
1,2017,11,6,6,3,0,0,4.143583,0
1,2017,11,6,7,0,0,0,4.929878,0
1,2017,11,6,7,1,0,0,4.543379,0
1,2017,11,6,7,2,0,0,3.63479,0
1,2017,11,6,7,3,0,0,8.789177,0
1,2017,11,6,8,0,0,0,10.109732,0
1,2017,11,6,8,1,0,0,6.239393,0
1,2017,11,6,8,2,0,0,6.744924,0
1,2017,11,6,8,3,0,0,6.611723,0
1,2017,11,6,9,0,0,0,13.554359,0
1,2017,11,6,9,1,0,0,20.555392,0
1,2017,11,6,9,2,0,0,23.012857,0
1,2017,11,6,9,3,0,0,21.301993,0
1,2017,11,6,10,0,0,0,20.526602,0
1,2017,11,6,10,1,0,0,25.387372,0
1,2017,11,6,10,2,0,0,23.182216,0
1,2017,11,6,10,3,0,0,27.010751,0
1,2017,11,6,11,0,0,0,28.063562,0
1,2017,11,6,11,1,0,0,27.150154,0
1,2017,11,6,11,2,0,0,24.830071,0
1,2017,11,6,11,3,0,0,29.11473,0
1,2017,11,6,12,0,0,0,17.374314,0
1,2017,11,6,12,1,0,0,21.663432,0
1,2017,11,6,12,2,0,0,35.117662,0
1,2017,11,6,12,3,0,0,16.877202,0
1,2017,11,6,13,0,0,0,16.409721,0
1,2017,11,6,13,1,0,0,27.231154,0
1,2017,11,6,13,2,0,0,21.465115,0
1,2017,11,6,13,3,0,0,29.822508,0
1,2017,11,6,14,0,0,0,29.8192,0
1,2017,11,6,14,1,0,0,30.462386,0
1,2017,11,6,14,2,0,0,21.242702,0
1,2017,11,6,14,3,0,0,22.314842,0
1,2017,11,6,15,0,0,0,19.985908,0
1,2017,11,6,15,1,0,0,16.065456,0
1,2017,11,6,15,2,0,0,16.241358,0
1,2017,11,6,15,3,0,0,22.441245,0
1,2017,11,6,16,0,0,0,26.603115,0
1,2017,11,6,16,1,0,0,20.590482,0
1,2017,11,6,16,2,0,0,20.279382,0
1,2017,11,6,16,3,0,0,17.187726,0
1,2017,11,6,17,0,0,0,13.875846,0
1,2017,11,6,17,1,0,0,16.920873,0
1,2017,11,6,17,2,0,0,20.0499,0
1,2017,11,6,17,3,0,0,14.190592,0
1,2017,11,6,18,0,0,0,18.786844,0
1,2017,11,6,18,1,0,0,25.139453,0
1,2017,11,6,18,2,0,0,8.032069,0
1,2017,11,6,18,3,0,0,14.948473,0
1,2017,11,6,19,0,0,0,22.137742,0
1,2017,11,6,19,1,0,0,13.963657,0
1,2017,11,6,19,2,0,0,19.216764,0
1,2017,11,6,19,3,0,0,17.741392,0
1,2017,11,6,20,0,0,0,17.131095,0
1,2017,11,6,20,1,0,0,24.629435,0
1,2017,11,6,20,2,0,0,27.737479,0
1,2017,11,6,20,3,0,0,26.211092,0
1,2017,11,6,21,0,0,0,24.856472,0
1,2017,11,6,21,1,0,0,19.136014,0
1,2017,11,6,21,2,0,0,27.784241,0
1,2017,11,6,21,3,0,0,17.11548,0
1,2017,11,6,22,0,0,0,15.866638,0
1,2017,11,6,22,1,0,0,12.824337,0
1,2017,11,6,22,2,0,0,10.02595,0
1,2017,11,6,22,3,0,0,18.075149,0
1,2017,11,6,23,0,0,0,14.155267,0
1,2017,11,6,23,1,0,0,18.830672,0
1,2017,11,6,23,2,0,0,16.852848,0
1,2017,11,6,23,3,0,0,16.93136,0
1,2017,11,7,0,0,0,0,11.986795,0
1,2017,11,7,0,1,0,0,6.947664,0
1,2017,11,7,0,2,0,0,6.947664,0
1,2017,11,7,0,3,0,0,6.947664,0
1,2017,11,7,1,0,0,0,6.947664,0
1,2017,11,7,1,1,0,0,10.436895,0
1,2017,11,7,1,2,0,0,12.763049,0
1,2017,11,7,1,3,0,0,12.33813,0
1,2017,11,7,2,0,0,0,6.150942,0
1,2017,11,7,2,1,0,0,6.150942,0
1,2017,11,7,2,2,0,0,6.150942,0
1,2017,11,7,2,3,0,0,7.779513,0
1,2017,11,7,3,0,0,0,6.42237,0
1,2017,11,7,3,1,0,0,6.150942,0
1,2017,11,7,3,2,0,0,6.150942,0
1,2017,11,7,3,3,0,0,8.878289,0
1,2017,11,7,4,0,0,0,12.421594,0
1,2017,11,7,4,1,0,0,9.522942,0
1,2017,11,7,4,2,0,0,6.150942,0
1,2017,11,7,4,3,0,0,6.150942,0
1,2017,11,7,5,0,0,0,10.290415,0
1,2017,11,7,5,1,0,0,10.927257,0
1,2017,11,7,5,2,0,0,9.335152,0
1,2017,11,7,5,3,0,0,6.225033,0
1,2017,11,7,6,0,0,0,7.262305,0
1,2017,11,7,6,1,0,0,6.595487,0
1,2017,11,7,6,2,0,0,12.97618,0
1,2017,11,7,6,3,0,0,14.465482,0
1,2017,11,7,7,0,0,0,11.260331,0
1,2017,11,7,7,1,0,0,6.449805,0
1,2017,11,7,7,2,0,0,5.351912,0
1,2017,11,7,7,3,0,0,10.542358,0
1,2017,11,7,8,0,0,0,5.659696,0
1,2017,11,7,8,1,0,0,4.918793,0
1,2017,11,7,8,2,0,0,7.595569,0
1,2017,11,7,8,3,0,0,6.772983,0
1,2017,11,7,9,0,0,0,15.968658,0
1,2017,11,7,9,1,0,0,28.984158,0
1,2017,11,7,9,2,0,0,30.887342,0
1,2017,11,7,9,3,0,0,21.522293,0
1,2017,11,7,10,0,0,0,21.11106,0
1,2017,11,7,10,1,0,0,18.99657,0
1,2017,11,7,10,2,0,0,21.709512,0
1,2017,11,7,10,3,0,0,15.746169,0
1,2017,11,7,11,0,0,0,13.569472,0
1,2017,11,7,11,1,0,0,18.469317,0
1,2017,11,7,11,2,0,0,20.724925,0
1,2017,11,7,11,3,0,0,24.769539,0
1,2017,11,7,12,0,0,0,16.024924,0
1,2017,11,7,12,1,0,0,21.024941,0
1,2017,11,7,12,2,0,0,21.74298,0
1,2017,11,7,12,3,0,0,20.576588,0
1,2017,11,7,13,0,0,0,20.812776,0
1,2017,11,7,13,1,0,0,25.433809,0
1,2017,11,7,13,2,0,0,18.767208,0
1,2017,11,7,13,3,0,0,15.183974,0
1,2017,11,7,14,0,0,0,16.616981,0
1,2017,11,7,14,1,0,0,14.827554,0
1,2017,11,7,14,2,0,0,16.028611,0
1,2017,11,7,14,3,0,0,23.175076,0
1,2017,11,7,15,0,0,0,16.308762,0
1,2017,11,7,15,1,0,0,10.835321,0
1,2017,11,7,15,2,0,0,20.393366,0
1,2017,11,7,15,3,0,0,21.032853,0
1,2017,11,7,16,0,0,0,26.58964,0
1,2017,11,7,16,1,0,0,28.672129,0
1,2017,11,7,16,2,0,0,29.035155,0
1,2017,11,7,16,3,0,0,26.499415,0
1,2017,11,7,17,0,0,0,23.424002,0
1,2017,11,7,17,1,0,0,22.808751,0
1,2017,11,7,17,2,0,0,14.250159,0
1,2017,11,7,17,3,0,0,13.602573,0
1,2017,11,7,18,0,0,0,6.427562,0
1,2017,11,7,18,1,0,0,8.142468,0
1,2017,11,7,18,2,0,0,16.982244,0
1,2017,11,7,18,3,0,0,24.372064,0
1,2017,11,7,19,0,0,0,16.324368,0
1,2017,11,7,19,1,0,0,13.002698,0
1,2017,11,7,19,2,0,0,11.239017,0
1,2017,11,7,19,3,0,0,11.415058,0
1,2017,11,7,20,0,0,0,12.837839,0
1,2017,11,7,20,1,0,0,18.281601,0
1,2017,11,7,20,2,0,0,10.629124,0
1,2017,11,7,20,3,0,0,7.599036,0
1,2017,11,7,21,0,0,0,17.034039,0
1,2017,11,7,21,1,0,0,13.377103,0
1,2017,11,7,21,2,0,0,7.331522,0
1,2017,11,7,21,3,0,0,10.241503,0
1,2017,11,7,22,0,0,0,6.51163,0
1,2017,11,7,22,1,0,0,17.349714,0
1,2017,11,7,22,2,0,0,20.384368,0
1,2017,11,7,22,3,0,0,13.278818,0
1,2017,11,7,23,0,0,0,8.161099,0
1,2017,11,7,23,1,0,0,3.895849,0
1,2017,11,7,23,2,0,0,3.756863,0
1,2017,11,7,23,3,0,0,3.756863,0
1,2017,11,8,0,0,0,0,11.690196,0
1,2017,11,8,0,1,0,0,3.774536,0
1,2017,11,8,0,2,0,0,10.58651,0
1,2017,11,8,0,3,0,0,13.768908,0
1,2017,11,8,1,0,0,0,10.923454,0
1,2017,11,8,1,1,0,0,8.578773,0
1,2017,11,8,1,2,0,0,8.712637,0
1,2017,11,8,1,3,0,0,9.918443,0
1,2017,11,8,2,0,0,0,19.289716,0
1,2017,11,8,2,1,0,0,19.985324,0
1,2017,11,8,2,2,0,0,8.160034,0
1,2017,11,8,2,3,0,0,11.640636,0
1,2017,11,8,3,0,0,0,5.495636,0
1,2017,11,8,3,1,0,0,10.809386,0
1,2017,11,8,3,2,0,0,6.528275,0
1,2017,11,8,3,3,0,0,15.286608,0
1,2017,11,8,4,0,0,0,6.528275,0
1,2017,11,8,4,1,0,0,3.959386,0
1,2017,11,8,4,2,0,0,3.959386,0
1,2017,11,8,4,3,0,0,6.642243,0
1,2017,11,8,5,0,0,0,10.666529,0
1,2017,11,8,5,1,0,0,3.959386,0
1,2017,11,8,5,2,0,0,3.959386,0
1,2017,11,8,5,3,0,0,10.903579,0
1,2017,11,8,6,0,0,0,13.428741,0
1,2017,11,8,6,1,0,0,7.115837,0
1,2017,11,8,6,2,0,0,3.959386,0
1,2017,11,8,6,3,0,0,5.064335,0
1,2017,11,8,7,0,0,0,6.463013,0
1,2017,11,8,7,1,0,0,11.384953,0
1,2017,11,8,7,2,0,0,9.35266,0
1,2017,11,8,7,3,0,0,4.015878,0
1,2017,11,8,8,0,0,0,9.529453,0
1,2017,11,8,8,1,0,0,12.129108,0
1,2017,11,8,8,2,0,0,8.484746,0
1,2017,11,8,8,3,0,0,13.389421,0
1,2017,11,8,9,0,0,0,14.508105,0
1,2017,11,8,9,1,0,0,21.885047,0
1,2017,11,8,9,2,0,0,30.350484,0
1,2017,11,8,9,3,0,0,24.937635,0
1,2017,11,8,10,0,0,0,23.225616,0
1,2017,11,8,10,1,0,0,22.424098,0
1,2017,11,8,10,2,0,0,23.710995,0
1,2017,11,8,10,3,0,0,17.940474,0
1,2017,11,8,11,0,0,0,16.627027,0
1,2017,11,8,11,1,0,0,15.42802,0
1,2017,11,8,11,2,0,0,24.267107,0
1,2017,11,8,11,3,0,0,14.690328,0
1,2017,11,8,12,0,0,0,15.441956,0
1,2017,11,8,12,1,0,0,19.888402,0
1,2017,11,8,12,2,0,0,18.994682,0
1,2017,11,8,12,3,0,0,17.873722,0
1,2017,11,8,13,0,0,0,16.741249,0
1,2017,11,8,13,1,0,0,25.995783,0
1,2017,11,8,13,2,0,0,26.51262,0
1,2017,11,8,13,3,0,0,23.750286,0
1,2017,11,8,14,0,0,0,27.662525,0
1,2017,11,8,14,1,0,0,30.442812,0
1,2017,11,8,14,2,0,0,29.095137,0
1,2017,11,8,14,3,0,0,23.215515,0
1,2017,11,8,15,0,0,0,19.406366,0
1,2017,11,8,15,1,0,0,15.018048,0
1,2017,11,8,15,2,0,0,17.035257,0
1,2017,11,8,15,3,0,0,18.0389,0
1,2017,11,8,16,0,0,0,15.562875,0
1,2017,11,8,16,1,0,0,24.215142,0
1,2017,11,8,16,2,0,0,13.037252,0
1,2017,11,8,16,3,0,0,16.914778,0
1,2017,11,8,17,0,0,0,14.876373,0
1,2017,11,8,17,1,0,0,19.39211,0
1,2017,11,8,17,2,0,0,17.662737,0
1,2017,11,8,17,3,0,0,22.194721,0
1,2017,11,8,18,0,0,0,16.359241,0
1,2017,11,8,18,1,0,0,19.384568,0
1,2017,11,8,18,2,0,0,21.453054,0
1,2017,11,8,18,3,0,0,20.712563,0
1,2017,11,8,19,0,0,0,17.250985,0
1,2017,11,8,19,1,0,0,13.468551,0
1,2017,11,8,19,2,0,0,24.762472,0
1,2017,11,8,19,3,0,0,16.221045,0
1,2017,11,8,20,0,0,0,17.261442,0
1,2017,11,8,20,1,0,0,18.044554,0
1,2017,11,8,20,2,0,0,11.771506,0
1,2017,11,8,20,3,0,0,11.895315,0
1,2017,11,8,21,0,0,0,5.972746,0
1,2017,11,8,21,1,0,0,4.384128,0
1,2017,11,8,21,2,0,0,12.708864,0
1,2017,11,8,21,3,0,0,13.52206,0
1,2017,11,8,22,0,0,0,8.129517,0
1,2017,11,8,22,1,0,0,11.643787,0
1,2017,11,8,22,2,0,0,13.509198,0
1,2017,11,8,22,3,0,0,8.088963,0
1,2017,11,8,23,0,0,0,7.387595,0
1,2017,11,8,23,1,0,0,8.78891,0
1,2017,11,8,23,2,0,0,8.462699,0
1,2017,11,8,23,3,0,0,5.023942,0
1,2017,11,9,0,0,0,0,8.393942,0
1,2017,11,9,0,1,0,0,8.393942,0
1,2017,11,9,0,2,0,0,5.023942,0
1,2017,11,9,0,3,0,0,11.333561,0
1,2017,11,9,1,0,0,0,25.668407,0
1,2017,11,9,1,1,0,0,15.340171,0
1,2017,11,9,1,2,0,0,11.338005,0
1,2017,11,9,1,3,0,0,9.932424,0
1,2017,11,9,2,0,0,0,13.959657,0
1,2017,11,9,2,1,0,0,6.215371,0
1,2017,11,9,2,2,0,0,5.023942,0
1,2017,11,9,2,3,0,0,5.023942,0
1,2017,11,9,3,0,0,0,7.192986,0
1,2017,11,9,3,1,0,0,20.684898,0
1,2017,11,9,3,2,0,0,5.223313,0
1,2017,11,9,3,3,0,0,5.322999,0
1,2017,11,9,4,0,0,0,5.322999,0
1,2017,11,9,4,1,0,0,5.322999,0
1,2017,11,9,4,2,0,0,5.322999,0
1,2017,11,9,4,3,0,0,5.322999,0
1,2017,11,9,5,0,0,0,5.322999,0
1,2017,11,9,5,1,0,0,5.322999,0
1,2017,11,9,5,2,0,0,5.322999,0
1,2017,11,9,5,3,0,0,9.464175,0
1,2017,11,9,6,0,0,0,20.372894,0
1,2017,11,9,6,1,0,0,19.705677,0
1,2017,11,9,6,2,0,0,12.421841,0
1,2017,11,9,6,3,0,0,10.990681,0
1,2017,11,9,7,0,0,0,10.806648,0
1,2017,11,9,7,1,0,0,8.953237,0
1,2017,11,9,7,2,0,0,3.966773,0
1,2017,11,9,7,3,0,0,3.403295,0
1,2017,11,9,8,0,0,0,5.928338,0
1,2017,11,9,8,1,0,0,7.843996,0
1,2017,11,9,8,2,0,0,10.529224,0
1,2017,11,9,8,3,0,0,16.364325,0
1,2017,11,9,9,0,0,0,13.7761,0
1,2017,11,9,9,1,0,0,12.127935,0
1,2017,11,9,9,2,0,0,17.030211,0
1,2017,11,9,9,3,0,0,12.386109,0
1,2017,11,9,10,0,0,0,13.186901,0
1,2017,11,9,10,1,0,0,12.220061,0
1,2017,11,9,10,2,0,0,16.954557,0
1,2017,11,9,10,3,0,0,13.40773,0
1,2017,11,9,11,0,0,0,16.654505,0
1,2017,11,9,11,1,0,0,16.354946,0
1,2017,11,9,11,2,0,0,19.046488,0
1,2017,11,9,11,3,0,0,25.544333,0
1,2017,11,9,12,0,0,0,27.615326,0
1,2017,11,9,12,1,0,0,22.630965,0
1,2017,11,9,12,2,0,0,22.675714,0
1,2017,11,9,12,3,0,0,20.687917,0
1,2017,11,9,13,0,0,0,15.989649,0
1,2017,11,9,13,1,0,0,20.214722,0
1,2017,11,9,13,2,0,0,16.352389,0
1,2017,11,9,13,3,0,0,19.276792,0
1,2017,11,9,14,0,0,0,16.098764,0
1,2017,11,9,14,1,0,0,15.700103,0
1,2017,11,9,14,2,0,0,16.937336,0
1,2017,11,9,14,3,0,0,17.08642,0
1,2017,11,9,15,0,0,0,14.382608,0
1,2017,11,9,15,1,0,0,13.562299,0
1,2017,11,9,15,2,0,0,13.168271,0
1,2017,11,9,15,3,0,0,17.285998,0
1,2017,11,9,16,0,0,0,16.932954,0
1,2017,11,9,16,1,0,0,22.65505,0
1,2017,11,9,16,2,0,0,22.512303,0
1,2017,11,9,16,3,0,0,26.096383,0
1,2017,11,9,17,0,0,0,15.942333,0
1,2017,11,9,17,1,0,0,17.288525,0
1,2017,11,9,17,2,0,0,21.393087,0
1,2017,11,9,17,3,0,0,23.971714,0
1,2017,11,9,18,0,0,0,22.951276,0
1,2017,11,9,18,1,0,0,16.709062,0
1,2017,11,9,18,2,0,0,15.796516,0
1,2017,11,9,18,3,0,0,15.180074,0
1,2017,11,9,19,0,0,0,14.893321,0
1,2017,11,9,19,1,0,0,20.438581,0
1,2017,11,9,19,2,0,0,28.00814,0
1,2017,11,9,19,3,0,0,14.792085,0
1,2017,11,9,20,0,0,0,18.415295,0
1,2017,11,9,20,1,0,0,17.932128,0
1,2017,11,9,20,2,0,0,14.573172,0
1,2017,11,9,20,3,0,0,20.688936,0
1,2017,11,9,21,0,0,0,14.178166,0
1,2017,11,9,21,1,0,0,11.24976,0
1,2017,11,9,21,2,0,0,6.046903,0
1,2017,11,9,21,3,0,0,14.592389,0
1,2017,11,9,22,0,0,0,14.234261,0
1,2017,11,9,22,1,0,0,19.801174,0
1,2017,11,9,22,2,0,0,11.519174,0
1,2017,11,9,22,3,0,0,21.452545,0
1,2017,11,9,23,0,0,0,14.593987,0
1,2017,11,9,23,1,0,0,12.92538,0
1,2017,11,9,23,2,0,0,16.700486,0
1,2017,11,9,23,3,0,0,14.391165,0
1,2017,11,10,0,0,0,0,14.982068,0
1,2017,11,10,0,1,0,0,14.112346,0
1,2017,11,10,0,2,0,0,4.133457,0
1,2017,11,10,0,3,0,0,4.133457,0
1,2017,11,10,1,0,0,0,4.133457,0
1,2017,11,10,1,1,0,0,12.871532,0
1,2017,11,10,1,2,0,0,27.641708,0
1,2017,11,10,1,3,0,0,15.232788,0
1,2017,11,10,2,0,0,0,7.787799,0
1,2017,11,10,2,1,0,0,7.742299,0
1,2017,11,10,2,2,0,0,9.654615,0
1,2017,11,10,2,3,0,0,4.133457,0
1,2017,11,10,3,0,0,0,5.81679,0
1,2017,11,10,3,1,0,0,6.490123,0
1,2017,11,10,3,2,0,0,4.133457,0
1,2017,11,10,3,3,0,0,4.133457,0
1,2017,11,10,4,0,0,0,6.511639,0
1,2017,11,10,4,1,0,0,8.097093,0
1,2017,11,10,4,2,0,0,8.186184,0
1,2017,11,10,4,3,0,0,8.31982,0
1,2017,11,10,5,0,0,0,10.358457,0
1,2017,11,10,5,1,0,0,12.482093,0
1,2017,11,10,5,2,0,0,10.475199,0
1,2017,11,10,5,3,0,0,8.932169,0
1,2017,11,10,6,0,0,0,9.925667,0
1,2017,11,10,6,1,0,0,10.304247,0
1,2017,11,10,6,2,0,0,6.100313,0
1,2017,11,10,6,3,0,0,5.226053,0
1,2017,11,10,7,0,0,0,5.256846,0
1,2017,11,10,7,1,0,0,8.657946,0
1,2017,11,10,7,2,0,0,9.490271,0
1,2017,11,10,7,3,0,0,9.203029,0
1,2017,11,10,8,0,0,0,14.473518,0
1,2017,11,10,8,1,0,0,23.203576,0
1,2017,11,10,8,2,0,0,18.666676,0
1,2017,11,10,8,3,0,0,11.296169,0
1,2017,11,10,9,0,0,0,15.341708,0
1,2017,11,10,9,1,0,0,21.796681,0
1,2017,11,10,9,2,0,0,18.683848,0
1,2017,11,10,9,3,0,0,14.549704,0
1,2017,11,10,10,0,0,0,15.130187,0
1,2017,11,10,10,1,0,0,9.495756,0
1,2017,11,10,10,2,0,0,13.139864,0
1,2017,11,10,10,3,0,0,18.512586,0
1,2017,11,10,11,0,0,0,17.153096,0
1,2017,11,10,11,1,0,0,7.607813,0
1,2017,11,10,11,2,0,0,11.683164,0
1,2017,11,10,11,3,0,0,19.926747,0
1,2017,11,10,12,0,0,0,24.366923,0
1,2017,11,10,12,1,0,0,22.488933,0
1,2017,11,10,12,2,0,0,25.387625,0
1,2017,11,10,12,3,0,0,26.248776,0
1,2017,11,10,13,0,0,0,22.390535,0
1,2017,11,10,13,1,0,0,29.192839,0
1,2017,11,10,13,2,0,0,24.903189,0
1,2017,11,10,13,3,0,0,25.632231,0
1,2017,11,10,14,0,0,0,27.831584,0
1,2017,11,10,14,1,0,0,23.90277,0
1,2017,11,10,14,2,0,0,22.19063,0
1,2017,11,10,14,3,0,0,18.898334,0
1,2017,11,10,15,0,0,0,15.905755,0
1,2017,11,10,15,1,0,0,13.901677,0
1,2017,11,10,15,2,0,0,16.039457,0
1,2017,11,10,15,3,0,0,21.989596,0
1,2017,11,10,16,0,0,0,21.268335,0
1,2017,11,10,16,1,0,0,15.392505,0
1,2017,11,10,16,2,0,0,29.576546,0
1,2017,11,10,16,3,0,0,22.231511,0
1,2017,11,10,17,0,0,0,13.940696,0
1,2017,11,10,17,1,0,0,22.770459,0
1,2017,11,10,17,2,0,0,24.854769,0
1,2017,11,10,17,3,0,0,19.426851,0
1,2017,11,10,18,0,0,0,10.945434,0
1,2017,11,10,18,1,0,0,18.629538,0
1,2017,11,10,18,2,0,0,16.258241,0
1,2017,11,10,18,3,0,0,9.896428,0
1,2017,11,10,19,0,0,0,7.801909,0
1,2017,11,10,19,1,0,0,6.284219,0
1,2017,11,10,19,2,0,0,23.289601,0
1,2017,11,10,19,3,0,0,24.749082,0
1,2017,11,10,20,0,0,0,22.246825,0
1,2017,11,10,20,1,0,0,19.321611,0
1,2017,11,10,20,2,0,0,16.341802,0
1,2017,11,10,20,3,0,0,17.074706,0
1,2017,11,10,21,0,0,0,20.403319,0
1,2017,11,10,21,1,0,0,25.888486,0
1,2017,11,10,21,2,0,0,34.128187,0
1,2017,11,10,21,3,0,0,28.416137,0
1,2017,11,10,22,0,0,0,12.731001,0
1,2017,11,10,22,1,0,0,10.966925,0
1,2017,11,10,22,2,0,0,10.329652,0
1,2017,11,10,22,3,0,0,13.322005,0
1,2017,11,10,23,0,0,0,17.298767,0
1,2017,11,10,23,1,0,0,16.019107,0
1,2017,11,10,23,2,0,0,22.088772,0
1,2017,11,10,23,3,0,0,17.33726,0
1,2017,11,11,0,0,0,0,31.711294,0
1,2017,11,11,0,1,0,0,31.174474,0
1,2017,11,11,0,2,0,0,13.181601,0
1,2017,11,11,0,3,0,0,16.411334,0
1,2017,11,11,1,0,0,0,14.36546,0
1,2017,11,11,1,1,0,0,10.126273,0
1,2017,11,11,1,2,0,0,16.526857,0
1,2017,11,11,1,3,0,0,25.442171,0
1,2017,11,11,2,0,0,0,26.490507,0
1,2017,11,11,2,1,0,0,15.571927,0
1,2017,11,11,2,2,0,0,22.060036,0
1,2017,11,11,2,3,0,0,19.664125,0
1,2017,11,11,3,0,0,0,11.484465,0
1,2017,11,11,3,1,0,0,3.256165,0
1,2017,11,11,3,2,0,0,6.971879,0
1,2017,11,11,3,3,0,0,10.27278,0
1,2017,11,11,4,0,0,0,25.252245,0
1,2017,11,11,4,1,0,0,19.685874,0
1,2017,11,11,4,2,0,0,6.276877,0
1,2017,11,11,4,3,0,0,4.135082,0
1,2017,11,11,5,0,0,0,4.785437,0
1,2017,11,11,5,1,0,0,5.021929,0
1,2017,11,11,5,2,0,0,5.021929,0
1,2017,11,11,5,3,0,0,6.682632,0
1,2017,11,11,6,0,0,0,10.422718,0
1,2017,11,11,6,1,0,0,10.881624,0
1,2017,11,11,6,2,0,0,11.183388,0
1,2017,11,11,6,3,0,0,15.934301,0
1,2017,11,11,7,0,0,0,13.223475,0
1,2017,11,11,7,1,0,0,9.911334,0
1,2017,11,11,7,2,0,0,6.283151,0
1,2017,11,11,7,3,0,0,10.084603,0
1,2017,11,11,8,0,0,0,5.604959,0
1,2017,11,11,8,1,0,0,7.29959,0
1,2017,11,11,8,2,0,0,6.372779,0
1,2017,11,11,8,3,0,0,9.674779,0
1,2017,11,11,9,0,0,0,8.523175,0
1,2017,11,11,9,1,0,0,6.574663,0
1,2017,11,11,9,2,0,0,16.360168,0
1,2017,11,11,9,3,0,0,25.397549,0
1,2017,11,11,10,0,0,0,20.349461,0
1,2017,11,11,10,1,0,0,13.957107,0
1,2017,11,11,10,2,0,0,12.287458,0
1,2017,11,11,10,3,0,0,22.520837,0
1,2017,11,11,11,0,0,0,24.472036,0
1,2017,11,11,11,1,0,0,20.970759,0
1,2017,11,11,11,2,0,0,25.493123,0
1,2017,11,11,11,3,0,0,28.89734,0
1,2017,11,11,12,0,0,0,24.539518,0
1,2017,11,11,12,1,0,0,26.527897,0
1,2017,11,11,12,2,0,0,32.244229,0
1,2017,11,11,12,3,0,0,23.678048,0
1,2017,11,11,13,0,0,0,26.315639,0
1,2017,11,11,13,1,0,0,28.940522,0
1,2017,11,11,13,2,0,0,27.17369,0
1,2017,11,11,13,3,0,0,19.859963,0
1,2017,11,11,14,0,0,0,25.875843,0
1,2017,11,11,14,1,0,0,29.910458,0
1,2017,11,11,14,2,0,0,21.524206,0
1,2017,11,11,14,3,0,0,20.398206,0
1,2017,11,11,15,0,0,0,16.613172,0
1,2017,11,11,15,1,0,0,13.77433,0
1,2017,11,11,15,2,0,0,20.638672,0
1,2017,11,11,15,3,0,0,26.937361,0
1,2017,11,11,16,0,0,0,20.735542,0
1,2017,11,11,16,1,0,0,12.518436,0
1,2017,11,11,16,2,0,0,14.551987,0
1,2017,11,11,16,3,0,0,15.654251,0
1,2017,11,11,17,0,0,0,16.292206,0
1,2017,11,11,17,1,0,0,16.352168,0
1,2017,11,11,17,2,0,0,22.051594,0
1,2017,11,11,17,3,0,0,16.753488,0
1,2017,11,11,18,0,0,0,7.586293,0
1,2017,11,11,18,1,0,0,7.492834,0
1,2017,11,11,18,2,0,0,8.040348,0
1,2017,11,11,18,3,0,0,12.975192,0
1,2017,11,11,19,0,0,0,9.895366,0
1,2017,11,11,19,1,0,0,4.714962,0
1,2017,11,11,19,2,0,0,4.658147,0
1,2017,11,11,19,3,0,0,4.987724,0
1,2017,11,11,20,0,0,0,21.49017,0
1,2017,11,11,20,1,0,0,21.304739,0
1,2017,11,11,20,2,0,0,17.368675,0
1,2017,11,11,20,3,0,0,22.404914,0
1,2017,11,11,21,0,0,0,36.460296,0
1,2017,11,11,21,1,0,0,29.322654,0
1,2017,11,11,21,2,0,0,20.239985,0
1,2017,11,11,21,3,0,0,21.133761,0
1,2017,11,11,22,0,0,0,16.870618,0
1,2017,11,11,22,1,0,0,18.646816,0
1,2017,11,11,22,2,0,0,20.623653,0
1,2017,11,11,22,3,0,0,31.155256,0
1,2017,11,11,23,0,0,0,22.887093,0
1,2017,11,11,23,1,0,0,26.437128,0
1,2017,11,11,23,2,0,0,25.473183,0
1,2017,11,11,23,3,0,0,28.738404,0
1,2017,11,12,0,0,0,0,24.663634,0
1,2017,11,12,0,1,0,0,29.707979,0
1,2017,11,12,0,2,0,0,25.479323,0
1,2017,11,12,0,3,0,0,14.067009,0
1,2017,11,12,1,0,0,0,11.1228,0
1,2017,11,12,1,1,0,0,15.623203,0
1,2017,11,12,1,2,0,0,28.142623,0
1,2017,11,12,1,3,0,0,31.770001,0
1,2017,11,12,2,0,0,0,22.585806,0
1,2017,11,12,2,1,0,0,38.961814,0
1,2017,11,12,2,2,0,0,24.225695,0
1,2017,11,12,2,3,0,0,17.556443,0
1,2017,11,12,3,0,0,0,15.686387,0
1,2017,11,12,3,1,0,0,8.151479,0
1,2017,11,12,3,2,0,0,3.758908,0
1,2017,11,12,3,3,0,0,12.639704,0
1,2017,11,12,4,0,0,0,22.546319,0
1,2017,11,12,4,1,0,0,8.406537,0
1,2017,11,12,4,2,0,0,7.559055,0
1,2017,11,12,4,3,0,0,7.520915,0
1,2017,11,12,5,0,0,0,8.632343,0
1,2017,11,12,5,1,0,0,12.788058,0
1,2017,11,12,5,2,0,0,20.968317,0
1,2017,11,12,5,3,0,0,20.679881,0
1,2017,11,12,6,0,0,0,19.077833,0
1,2017,11,12,6,1,0,0,9.560517,0
1,2017,11,12,6,2,0,0,7.0669,0
1,2017,11,12,6,3,0,0,5.637953,0
1,2017,11,12,7,0,0,0,6.190584,0
1,2017,11,12,7,1,0,0,13.927426,0
1,2017,11,12,7,2,0,0,7.222059,0
1,2017,11,12,7,3,0,0,6.93453,0
1,2017,11,12,8,0,0,0,15.005843,0
1,2017,11,12,8,1,0,0,13.808132,0
1,2017,11,12,8,2,0,0,12.066397,0
1,2017,11,12,8,3,0,0,9.121143,0
1,2017,11,12,9,0,0,0,10.367468,0
1,2017,11,12,9,1,0,0,12.397204,0
1,2017,11,12,9,2,0,0,7.128011,0
1,2017,11,12,9,3,0,0,4.551545,0
1,2017,11,12,10,0,0,0,11.471614,0
1,2017,11,12,10,1,0,0,8.740364,0
1,2017,11,12,10,2,0,0,8.96326,0
1,2017,11,12,10,3,0,0,10.732443,0
1,2017,11,12,11,0,0,0,13.357474,0
1,2017,11,12,11,1,0,0,13.029519,0
1,2017,11,12,11,2,0,0,14.7738,0
1,2017,11,12,11,3,0,0,15.394819,0
1,2017,11,12,12,0,0,0,14.33762,0
1,2017,11,12,12,1,0,0,18.984865,0
1,2017,11,12,12,2,0,0,19.417066,0
1,2017,11,12,12,3,0,0,19.804585,0
1,2017,11,12,13,0,0,0,18.168746,0
1,2017,11,12,13,1,0,0,19.117211,0
1,2017,11,12,13,2,0,0,14.670709,0
1,2017,11,12,13,3,0,0,20.668722,0
1,2017,11,12,14,0,0,0,16.838222,0
1,2017,11,12,14,1,0,0,11.375281,0
1,2017,11,12,14,2,0,0,11.077953,0
1,2017,11,12,14,3,0,0,14.68805,0
1,2017,11,12,15,0,0,0,28.489669,0
1,2017,11,12,15,1,0,0,30.952788,0
1,2017,11,12,15,2,0,0,24.76394,0
1,2017,11,12,15,3,0,0,14.415611,0
1,2017,11,12,16,0,0,0,12.981771,0
1,2017,11,12,16,1,0,0,16.871918,0
1,2017,11,12,16,2,0,0,17.351239,0
1,2017,11,12,16,3,0,0,22.932768,0
1,2017,11,12,17,0,0,0,22.959782,0
1,2017,11,12,17,1,0,0,23.262935,0
1,2017,11,12,17,2,0,0,25.114529,0
1,2017,11,12,17,3,0,0,24.398349,0
1,2017,11,12,18,0,0,0,11.839177,0
1,2017,11,12,18,1,0,0,21.33383,0
1,2017,11,12,18,2,0,0,18.123,0
1,2017,11,12,18,3,0,0,21.108805,0
1,2017,11,12,19,0,0,0,12.75256,0
1,2017,11,12,19,1,0,0,15.605267,0
1,2017,11,12,19,2,0,0,14.366568,0
1,2017,11,12,19,3,0,0,19.529114,0
1,2017,11,12,20,0,0,0,21.217925,0
1,2017,11,12,20,1,0,0,18.944771,0
1,2017,11,12,20,2,0,0,20.740184,0
1,2017,11,12,20,3,0,0,22.821585,0
1,2017,11,12,21,0,0,0,33.280543,0
1,2017,11,12,21,1,0,0,31.058529,0
1,2017,11,12,21,2,0,0,29.918122,0
1,2017,11,12,21,3,0,0,31.956535,0
1,2017,11,12,22,0,0,0,27.244249,0
1,2017,11,12,22,1,0,0,20.638721,0
1,2017,11,12,22,2,0,0,17.754113,0
1,2017,11,12,22,3,0,0,10.91922,0
1,2017,11,12,23,0,0,0,10.742092,0
1,2017,11,12,23,1,0,0,10.762146,0
1,2017,11,12,23,2,0,0,10.240789,0
1,2017,11,12,23,3,0,0,7.376861,0
1,2017,11,13,0,0,0,0,17.74317,0
1,2017,11,13,0,1,0,0,23.307504,0
1,2017,11,13,0,2,0,0,11.036337,0
1,2017,11,13,0,3,0,0,5.907239,0
1,2017,11,13,1,0,0,0,8.377435,0
1,2017,11,13,1,1,0,0,7.632525,0
1,2017,11,13,1,2,0,0,8.046235,0
1,2017,11,13,1,3,0,0,8.046235,0
1,2017,11,13,2,0,0,0,5.032902,0
1,2017,11,13,2,1,0,0,4.565568,0
1,2017,11,13,2,2,0,0,5.520866,0
1,2017,11,13,2,3,0,0,9.828625,0
1,2017,11,13,3,0,0,0,10.644905,0
1,2017,11,13,3,1,0,0,10.644905,0
1,2017,11,13,3,2,0,0,4.522811,0
1,2017,11,13,3,3,0,0,4.943611,0
1,2017,11,13,4,0,0,0,10.834811,0
1,2017,11,13,4,1,0,0,8.310011,0
1,2017,11,13,4,2,0,0,4.522811,0
1,2017,11,13,4,3,0,0,4.522811,0
1,2017,11,13,5,0,0,0,4.522811,0
1,2017,11,13,5,1,0,0,4.522811,0
1,2017,11,13,5,2,0,0,4.522811,0
1,2017,11,13,5,3,0,0,4.522811,0
1,2017,11,13,6,0,0,0,9.352223,0
1,2017,11,13,6,1,0,0,9.699193,0
1,2017,11,13,6,2,0,0,13.21109,0
1,2017,11,13,6,3,0,0,11.650195,0
1,2017,11,13,7,0,0,0,9.955879,0
1,2017,11,13,7,1,0,0,8.096601,0
1,2017,11,13,7,2,0,0,9.611121,0
1,2017,11,13,7,3,0,0,8.72725,0
1,2017,11,13,8,0,0,0,10.535783,0
1,2017,11,13,8,1,0,0,7.471532,0
1,2017,11,13,8,2,0,0,4.62797,0
1,2017,11,13,8,3,0,0,7.437552,0
1,2017,11,13,9,0,0,0,11.053692,0
1,2017,11,13,9,1,0,0,22.979713,0
1,2017,11,13,9,2,0,0,24.178291,0
1,2017,11,13,9,3,0,0,26.138457,0
1,2017,11,13,10,0,0,0,21.317898,0
1,2017,11,13,10,1,0,0,21.363668,0
1,2017,11,13,10,2,0,0,27.677435,0
1,2017,11,13,10,3,0,0,24.074249,0
1,2017,11,13,11,0,0,0,23.078966,0
1,2017,11,13,11,1,0,0,23.636764,0
1,2017,11,13,11,2,0,0,22.908903,0
1,2017,11,13,11,3,0,0,35.469802,0
1,2017,11,13,12,0,0,0,29.90315,0
1,2017,11,13,12,1,0,0,27.231137,0
1,2017,11,13,12,2,0,0,21.359156,0
1,2017,11,13,12,3,0,0,18.513872,0
1,2017,11,13,13,0,0,0,16.90597,0
1,2017,11,13,13,1,0,0,16.594094,0
1,2017,11,13,13,2,0,0,25.999142,0
1,2017,11,13,13,3,0,0,21.125541,0
1,2017,11,13,14,0,0,0,19.73412,0
1,2017,11,13,14,1,0,0,30.818582,0
1,2017,11,13,14,2,0,0,26.937797,0
1,2017,11,13,14,3,0,0,17.133892,0
1,2017,11,13,15,0,0,0,14.590527,0
1,2017,11,13,15,1,0,0,15.473269,0
1,2017,11,13,15,2,0,0,16.56431,0
1,2017,11,13,15,3,0,0,25.264251,0
1,2017,11,13,16,0,0,0,14.905747,0
1,2017,11,13,16,1,0,0,14.260586,0
1,2017,11,13,16,2,0,0,21.00185,0
1,2017,11,13,16,3,0,0,27.478302,0
1,2017,11,13,17,0,0,0,22.943939,0
1,2017,11,13,17,1,0,0,25.228923,0
1,2017,11,13,17,2,0,0,26.155563,0
1,2017,11,13,17,3,0,0,22.282927,0
1,2017,11,13,18,0,0,0,14.076375,0
1,2017,11,13,18,1,0,0,21.37818,0
1,2017,11,13,18,2,0,0,23.937884,0
1,2017,11,13,18,3,0,0,21.258165,0
1,2017,11,13,19,0,0,0,21.929935,0
1,2017,11,13,19,1,0,0,20.355655,0
1,2017,11,13,19,2,0,0,23.593752,0
1,2017,11,13,19,3,0,0,18.342579,0
1,2017,11,13,20,0,0,0,13.532355,0
1,2017,11,13,20,1,0,0,11.903085,0
1,2017,11,13,20,2,0,0,12.63255,0
1,2017,11,13,20,3,0,0,24.787154,0
1,2017,11,13,21,0,0,0,24.000438,0
1,2017,11,13,21,1,0,0,25.058522,0
1,2017,11,13,21,2,0,0,15.922558,0
1,2017,11,13,21,3,0,0,8.202639,0
1,2017,11,13,22,0,0,0,6.263882,0
1,2017,11,13,22,1,0,0,13.55207,0
1,2017,11,13,22,2,0,0,20.700736,0
1,2017,11,13,22,3,0,0,22.722379,0
1,2017,11,13,23,0,0,0,28.358723,0
1,2017,11,13,23,1,0,0,19.254856,0
1,2017,11,13,23,2,0,0,13.287839,0
1,2017,11,13,23,3,0,0,14.522918,0
1,2017,11,14,0,0,0,0,13.095712,0
1,2017,11,14,0,1,0,0,13.743355,0
1,2017,11,14,0,2,0,0,14.335179,0
1,2017,11,14,0,3,0,0,16.286391,0
1,2017,11,14,1,0,0,0,6.932225,0
1,2017,11,14,1,1,0,0,5.594043,0
1,2017,11,14,1,2,0,0,5.594043,0
1,2017,11,14,1,3,0,0,5.594043,0
1,2017,11,14,2,0,0,0,5.594043,0
1,2017,11,14,2,1,0,0,5.594043,0
1,2017,11,14,2,2,0,0,5.594043,0
1,2017,11,14,2,3,0,0,7.009043,0
1,2017,11,14,3,0,0,0,11.579043,0
1,2017,11,14,3,1,0,0,11.682793,0
1,2017,11,14,3,2,0,0,10.727111,0
1,2017,11,14,3,3,0,0,6.532225,0
1,2017,11,14,4,0,0,0,12.6419,0
1,2017,11,14,4,1,0,0,6.136186,0
1,2017,11,14,4,2,0,0,5.594043,0
1,2017,11,14,4,3,0,0,5.594043,0
1,2017,11,14,5,0,0,0,7.925043,0
1,2017,11,14,5,1,0,0,11.033043,0
1,2017,11,14,5,2,0,0,5.594043,0
1,2017,11,14,5,3,0,0,5.594043,0
1,2017,11,14,6,0,0,0,5.594043,0
1,2017,11,14,6,1,0,0,5.594043,0
1,2017,11,14,6,2,0,0,5.594043,0
1,2017,11,14,6,3,0,0,6.66275,0
1,2017,11,14,7,0,0,0,11.746638,0
1,2017,11,14,7,1,0,0,11.801016,0
1,2017,11,14,7,2,0,0,9.331403,0
1,2017,11,14,7,3,0,0,8.848485,0
1,2017,11,14,8,0,0,0,6.729869,0
1,2017,11,14,8,1,0,0,10.429236,0
1,2017,11,14,8,2,0,0,13.333972,0
1,2017,11,14,8,3,0,0,13.754566,0
1,2017,11,14,9,0,0,0,16.066931,0
1,2017,11,14,9,1,0,0,21.546266,0
1,2017,11,14,9,2,0,0,26.854141,0
1,2017,11,14,9,3,0,0,25.445488,0
1,2017,11,14,10,0,0,0,23.265394,0
1,2017,11,14,10,1,0,0,21.63003,0
1,2017,11,14,10,2,0,0,28.201703,0
1,2017,11,14,10,3,0,0,23.680216,0
1,2017,11,14,11,0,0,0,26.662235,0
1,2017,11,14,11,1,0,0,33.053009,0
1,2017,11,14,11,2,0,0,37.424324,0
1,2017,11,14,11,3,0,0,21.098493,0
1,2017,11,14,12,0,0,0,21.009588,0
1,2017,11,14,12,1,0,0,25.360061,0
1,2017,11,14,12,2,0,0,22.863799,0
1,2017,11,14,12,3,0,0,28.396505,0
1,2017,11,14,13,0,0,0,27.535963,0
1,2017,11,14,13,1,0,0,24.327221,0
1,2017,11,14,13,2,0,0,29.065279,0
1,2017,11,14,13,3,0,0,25.430008,0
1,2017,11,14,14,0,0,0,29.166404,0
1,2017,11,14,14,1,0,0,34.377989,0
1,2017,11,14,14,2,0,0,21.258546,0
1,2017,11,14,14,3,0,0,27.86592,0
1,2017,11,14,15,0,0,0,22.043321,0
1,2017,11,14,15,1,0,0,15.7066,0
1,2017,11,14,15,2,0,0,12.771731,0
1,2017,11,14,15,3,0,0,15.440963,0
1,2017,11,14,16,0,0,0,12.316954,0
1,2017,11,14,16,1,0,0,19.459631,0
1,2017,11,14,16,2,0,0,18.594041,0
1,2017,11,14,16,3,0,0,9.31112,0
1,2017,11,14,17,0,0,0,13.252914,0
1,2017,11,14,17,1,0,0,15.808777,0
1,2017,11,14,17,2,0,0,11.53923,0
1,2017,11,14,17,3,0,0,9.162036,0
1,2017,11,14,18,0,0,0,6.862036,0
1,2017,11,14,18,1,0,0,14.88667,0
1,2017,11,14,18,2,0,0,16.438034,0
1,2017,11,14,18,3,0,0,14.511399,0
1,2017,11,14,19,0,0,0,15.08642,0
1,2017,11,14,19,1,0,0,20.427744,0
1,2017,11,14,19,2,0,0,9.591924,0
1,2017,11,14,19,3,0,0,7.233901,0
1,2017,11,14,20,0,0,0,12.639132,0
1,2017,11,14,20,1,0,0,20.175183,0
1,2017,11,14,20,2,0,0,16.576968,0
1,2017,11,14,20,3,0,0,17.096033,0
1,2017,11,14,21,0,0,0,16.041024,0
1,2017,11,14,21,1,0,0,16.077268,0
1,2017,11,14,21,2,0,0,23.400928,0
1,2017,11,14,21,3,0,0,19.206345,0
1,2017,11,14,22,0,0,0,14.252608,0
1,2017,11,14,22,1,0,0,9.79649,0
1,2017,11,14,22,2,0,0,7.644233,0
1,2017,11,14,22,3,0,0,25.575993,0
1,2017,11,14,23,0,0,0,19.136609,0
1,2017,11,14,23,1,0,0,12.954847,0
1,2017,11,14,23,2,0,0,8.121862,0
1,2017,11,14,23,3,0,0,7.774804,0
1,2017,11,15,0,0,0,0,6.226699,0
1,2017,11,15,0,1,0,0,11.181143,0
1,2017,11,15,0,2,0,0,5.518921,0
1,2017,11,15,0,3,0,0,9.292767,0
1,2017,11,15,1,0,0,0,10.665075,0
1,2017,11,15,1,1,0,0,10.665075,0
1,2017,11,15,1,2,0,0,9.292767,0
1,2017,11,15,1,3,0,0,5.518921,0
1,2017,11,15,2,0,0,0,8.612025,0
1,2017,11,15,2,1,0,0,11.358576,0
1,2017,11,15,2,2,0,0,11.958576,0
1,2017,11,15,2,3,0,0,10.158576,0
1,2017,11,15,3,0,0,0,6.446852,0
1,2017,11,15,3,1,0,0,11.209397,0
1,2017,11,15,3,2,0,0,11.778445,0
1,2017,11,15,3,3,0,0,5.518921,0
1,2017,11,15,4,0,0,0,8.236568,0
1,2017,11,15,4,1,0,0,13.671862,0
1,2017,11,15,4,2,0,0,13.128333,0
1,2017,11,15,4,3,0,0,5.518921,0
1,2017,11,15,5,0,0,0,5.518921,0
1,2017,11,15,5,1,0,0,5.518921,0
1,2017,11,15,5,2,0,0,5.518921,0
1,2017,11,15,5,3,0,0,5.836649,0
1,2017,11,15,6,0,0,0,10.28483,0
1,2017,11,15,6,1,0,0,10.475811,0
1,2017,11,15,6,2,0,0,12.190979,0
1,2017,11,15,6,3,0,0,13.982145,0
1,2017,11,15,7,0,0,0,11.958658,0
1,2017,11,15,7,1,0,0,10.063544,0
1,2017,11,15,7,2,0,0,9.631799,0
1,2017,11,15,7,3,0,0,12.094347,0
1,2017,11,15,8,0,0,0,14.655185,0
1,2017,11,15,8,1,0,0,21.675745,0
1,2017,11,15,8,2,0,0,16.493212,0
1,2017,11,15,8,3,0,0,11.822996,0
1,2017,11,15,9,0,0,0,13.65348,0
1,2017,11,15,9,1,0,0,16.667007,0
1,2017,11,15,9,2,0,0,27.683866,0
1,2017,11,15,9,3,0,0,31.969604,0
1,2017,11,15,10,0,0,0,18.927121,0
1,2017,11,15,10,1,0,0,23.46982,0
1,2017,11,15,10,2,0,0,30.82408,0
1,2017,11,15,10,3,0,0,15.518988,0
1,2017,11,15,11,0,0,0,10.4168,0
1,2017,11,15,11,1,0,0,15.411079,0
1,2017,11,15,11,2,0,0,17.414047,0
1,2017,11,15,11,3,0,0,18.682474,0
1,2017,11,15,12,0,0,0,25.376018,0
1,2017,11,15,12,1,0,0,26.575505,0
1,2017,11,15,12,2,0,0,41.580625,0
1,2017,11,15,12,3,0,0,42.915627,0
1,2017,11,15,13,0,0,0,47.939201,0
1,2017,11,15,13,1,0,0,30.603101,0
1,2017,11,15,13,2,0,0,32.420987,0
1,2017,11,15,13,3,0,0,27.979172,0
1,2017,11,15,14,0,0,0,26.807135,0
1,2017,11,15,14,1,0,0,18.644359,0
1,2017,11,15,14,2,0,0,27.000807,0
1,2017,11,15,14,3,0,0,19.018406,0
1,2017,11,15,15,0,0,0,17.545981,0
1,2017,11,15,15,1,0,0,18.319087,0
1,2017,11,15,15,2,0,0,21.129051,0
1,2017,11,15,15,3,0,0,24.563394,0
1,2017,11,15,16,0,0,0,19.925544,0
1,2017,11,15,16,1,0,0,12.980814,0
1,2017,11,15,16,2,0,0,18.394198,0
1,2017,11,15,16,3,0,0,23.136607,0
1,2017,11,15,17,0,0,0,18.530586,0
1,2017,11,15,17,1,0,0,11.773886,0
1,2017,11,15,17,2,0,0,9.550241,0
1,2017,11,15,17,3,0,0,13.03244,0
1,2017,11,15,18,0,0,0,12.872612,0
1,2017,11,15,18,1,0,0,17.491096,0
1,2017,11,15,18,2,0,0,26.00903,0
1,2017,11,15,18,3,0,0,15.090832,0
1,2017,11,15,19,0,0,0,19.856459,0
1,2017,11,15,19,1,0,0,19.032686,0
1,2017,11,15,19,2,0,0,11.879574,0
1,2017,11,15,19,3,0,0,10.217865,0
1,2017,11,15,20,0,0,0,8.163349,0
1,2017,11,15,20,1,0,0,14.919912,0
1,2017,11,15,20,2,0,0,20.402088,0
1,2017,11,15,20,3,0,0,17.094088,0
1,2017,11,15,21,0,0,0,10.981195,0
1,2017,11,15,21,1,0,0,8.552067,0
1,2017,11,15,21,2,0,0,17.583003,0
1,2017,11,15,21,3,0,0,20.053256,0
1,2017,11,15,22,0,0,0,17.167945,0
1,2017,11,15,22,1,0,0,12.424695,0
1,2017,11,15,22,2,0,0,14.268771,0
1,2017,11,15,22,3,0,0,13.085209,0
1,2017,11,15,23,0,0,0,13.007209,0
1,2017,11,15,23,1,0,0,7.135797,0
1,2017,11,15,23,2,0,0,15.212171,0
1,2017,11,15,23,3,0,0,13.743443,0
1,2017,11,16,0,0,0,0,18.035023,0
1,2017,11,16,0,1,0,0,17.364516,0
1,2017,11,16,0,2,0,0,15.144294,0
1,2017,11,16,0,3,0,0,15.144294,0
1,2017,11,16,1,0,0,0,6.949627,0
1,2017,11,16,1,1,0,0,7.774294,0
1,2017,11,16,1,2,0,0,11.651794,0
1,2017,11,16,1,3,0,0,16.401794,0
1,2017,11,16,2,0,0,0,14.766567,0
1,2017,11,16,2,1,0,0,7.318839,0
1,2017,11,16,2,2,0,0,6.682476,0
1,2017,11,16,2,3,0,0,6.364294,0
1,2017,11,16,3,0,0,0,14.074294,0
1,2017,11,16,3,1,0,0,8.934294,0
1,2017,11,16,3,2,0,0,6.364294,0
1,2017,11,16,3,3,0,0,6.364294,0
1,2017,11,16,4,0,0,0,6.364294,0
1,2017,11,16,4,1,0,0,6.364294,0
1,2017,11,16,4,2,0,0,6.364294,0
1,2017,11,16,4,3,0,0,6.364294,0
1,2017,11,16,5,0,0,0,6.364294,0
1,2017,11,16,5,1,0,0,6.364294,0
1,2017,11,16,5,2,0,0,6.364294,0
1,2017,11,16,5,3,0,0,6.364294,0
1,2017,11,16,6,0,0,0,10.465723,0
1,2017,11,16,6,1,0,0,15.829229,0
1,2017,11,16,6,2,0,0,18.704401,0
1,2017,11,16,6,3,0,0,11.829514,0
1,2017,11,16,7,0,0,0,8.263216,0
1,2017,11,16,7,1,0,0,5.948095,0
1,2017,11,16,7,2,0,0,7.451448,0
1,2017,11,16,7,3,0,0,5.736968,0
1,2017,11,16,8,0,0,0,3.829415,0
1,2017,11,16,8,1,0,0,4.232356,0
1,2017,11,16,8,2,0,0,4.037922,0
1,2017,11,16,8,3,0,0,8.081288,0
1,2017,11,16,9,0,0,0,6.110457,0
1,2017,11,16,9,1,0,0,12.582165,0
1,2017,11,16,9,2,0,0,17.122273,0
1,2017,11,16,9,3,0,0,13.719893,0
1,2017,11,16,10,0,0,0,8.702909,0
1,2017,11,16,10,1,0,0,10.581078,0
1,2017,11,16,10,2,0,0,14.317845,0
1,2017,11,16,10,3,0,0,16.513063,0
1,2017,11,16,11,0,0,0,16.655082,0
1,2017,11,16,11,1,0,0,17.271041,0
1,2017,11,16,11,2,0,0,14.088045,0
1,2017,11,16,11,3,0,0,15.384743,0
1,2017,11,16,12,0,0,0,25.02649,0
1,2017,11,16,12,1,0,0,21.962669,0
1,2017,11,16,12,2,0,0,18.335616,0
1,2017,11,16,12,3,0,0,13.173817,0
1,2017,11,16,13,0,0,0,23.298793,0
1,2017,11,16,13,1,0,0,28.877332,0
1,2017,11,16,13,2,0,0,23.216135,0
1,2017,11,16,13,3,0,0,21.89733,0
1,2017,11,16,14,0,0,0,20.010352,0
1,2017,11,16,14,1,0,0,32.287149,0
1,2017,11,16,14,2,0,0,30.804731,0
1,2017,11,16,14,3,0,0,21.726588,0
1,2017,11,16,15,0,0,0,9.92398,0
1,2017,11,16,15,1,0,0,15.441584,0
1,2017,11,16,15,2,0,0,11.038188,0
1,2017,11,16,15,3,0,0,14.758065,0
1,2017,11,16,16,0,0,0,22.377554,0
1,2017,11,16,16,1,0,0,20.522725,0
1,2017,11,16,16,2,0,0,21.555092,0
1,2017,11,16,16,3,0,0,20.908515,0
1,2017,11,16,17,0,0,0,17.725164,0
1,2017,11,16,17,1,0,0,13.783358,0
1,2017,11,16,17,2,0,0,10.803238,0
1,2017,11,16,17,3,0,0,17.940144,0
1,2017,11,16,18,0,0,0,13.696573,0
1,2017,11,16,18,1,0,0,13.122287,0
1,2017,11,16,18,2,0,0,16.467252,0
1,2017,11,16,18,3,0,0,21.298007,0
1,2017,11,16,19,0,0,0,19.224888,0
1,2017,11,16,19,1,0,0,16.81688,0
1,2017,11,16,19,2,0,0,21.081685,0
1,2017,11,16,19,3,0,0,24.875273,0
1,2017,11,16,20,0,0,0,22.438943,0
1,2017,11,16,20,1,0,0,26.765703,0
1,2017,11,16,20,2,0,0,12.712374,0
1,2017,11,16,20,3,0,0,8.752836,0
1,2017,11,16,21,0,0,0,6.85408,0
1,2017,11,16,21,1,0,0,6.125385,0
1,2017,11,16,21,2,0,0,6.125385,0
1,2017,11,16,21,3,0,0,6.880339,0
1,2017,11,16,22,0,0,0,20.129656,0
1,2017,11,16,22,1,0,0,17.666724,0
1,2017,11,16,22,2,0,0,18.631829,0
1,2017,11,16,22,3,0,0,14.544299,0
1,2017,11,16,23,0,0,0,12.42165,0
1,2017,11,16,23,1,0,0,12.42165,0
1,2017,11,16,23,2,0,0,7.156953,0
1,2017,11,16,23,3,0,0,6.231829,0
1,2017,11,17,0,0,0,0,6.231829,0
1,2017,11,17,0,1,0,0,6.231829,0
1,2017,11,17,0,2,0,0,6.231829,0
1,2017,11,17,0,3,0,0,11.944601,0
1,2017,11,17,1,0,0,0,13.840293,0
1,2017,11,17,1,1,0,0,28.246543,0
1,2017,11,17,1,2,0,0,5.583973,0
1,2017,11,17,1,3,0,0,15.581584,0
1,2017,11,17,2,0,0,0,22.857584,0
1,2017,11,17,2,1,0,0,8.340529,0
1,2017,11,17,2,2,0,0,4.923418,0
1,2017,11,17,2,3,0,0,8.102772,0
1,2017,11,17,3,0,0,0,8.329869,0
1,2017,11,17,3,1,0,0,5.377611,0
1,2017,11,17,3,2,0,0,7.750084,0
1,2017,11,17,3,3,0,0,9.163418,0
1,2017,11,17,4,0,0,0,9.163418,0
1,2017,11,17,4,1,0,0,9.865716,0
1,2017,11,17,4,2,0,0,12.485487,0
1,2017,11,17,4,3,0,0,8.452383,0
1,2017,11,17,5,0,0,0,4.923418,0
1,2017,11,17,5,1,0,0,7.013418,0
1,2017,11,17,5,2,0,0,7.013418,0
1,2017,11,17,5,3,0,0,4.923418,0
1,2017,11,17,6,0,0,0,4.923418,0
1,2017,11,17,6,1,0,0,4.923418,0
1,2017,11,17,6,2,0,0,9.020918,0
1,2017,11,17,6,3,0,0,14.369997,0
1,2017,11,17,7,0,0,0,7.71869,0
1,2017,11,17,7,1,0,0,9.099455,0
1,2017,11,17,7,2,0,0,5.636843,0
1,2017,11,17,7,3,0,0,3.812678,0
1,2017,11,17,8,0,0,0,7.112899,0
1,2017,11,17,8,1,0,0,14.209771,0
1,2017,11,17,8,2,0,0,16.353622,0
1,2017,11,17,8,3,0,0,13.997303,0
1,2017,11,17,9,0,0,0,17.263164,0
1,2017,11,17,9,1,0,0,14.359018,0
1,2017,11,17,9,2,0,0,17.137345,0
1,2017,11,17,9,3,0,0,19.645911,0
1,2017,11,17,10,0,0,0,18.262834,0
1,2017,11,17,10,1,0,0,14.803783,0
1,2017,11,17,10,2,0,0,14.85572,0
1,2017,11,17,10,3,0,0,24.316715,0
1,2017,11,17,11,0,0,0,16.203047,0
1,2017,11,17,11,1,0,0,13.131129,0
1,2017,11,17,11,2,0,0,14.813999,0
1,2017,11,17,11,3,0,0,15.765058,0
1,2017,11,17,12,0,0,0,22.128306,0
1,2017,11,17,12,1,0,0,35.850682,0
1,2017,11,17,12,2,0,0,27.845867,0
1,2017,11,17,12,3,0,0,24.513221,0
1,2017,11,17,13,0,0,0,20.822307,0
1,2017,11,17,13,1,0,0,19.580477,0
1,2017,11,17,13,2,0,0,23.626801,0
1,2017,11,17,13,3,0,0,26.796513,0
1,2017,11,17,14,0,0,0,14.505399,0
1,2017,11,17,14,1,0,0,11.460313,0
1,2017,11,17,14,2,0,0,18.380202,0
1,2017,11,17,14,3,0,0,21.846794,0
1,2017,11,17,15,0,0,0,23.125731,0
1,2017,11,17,15,1,0,0,16.240244,0
1,2017,11,17,15,2,0,0,15.41974,0
1,2017,11,17,15,3,0,0,17.182169,0
1,2017,11,17,16,0,0,0,14.559103,0
1,2017,11,17,16,1,0,0,21.06502,0
1,2017,11,17,16,2,0,0,28.359776,0
1,2017,11,17,16,3,0,0,28.524515,0
1,2017,11,17,17,0,0,0,25.093856,0
1,2017,11,17,17,1,0,0,27.520113,0
1,2017,11,17,17,2,0,0,7.926368,0
1,2017,11,17,17,3,0,0,8.738106,0
1,2017,11,17,18,0,0,0,8.46662,0
1,2017,11,17,18,1,0,0,9.991432,0
1,2017,11,17,18,2,0,0,11.092874,0
1,2017,11,17,18,3,0,0,20.459067,0
1,2017,11,17,19,0,0,0,11.682979,0
1,2017,11,17,19,1,0,0,15.420812,0
1,2017,11,17,19,2,0,0,7.591297,0
1,2017,11,17,19,3,0,0,13.747338,0
1,2017,11,17,20,0,0,0,22.061907,0
1,2017,11,17,20,1,0,0,18.554152,0
1,2017,11,17,20,2,0,0,15.470129,0
1,2017,11,17,20,3,0,0,23.484969,0
1,2017,11,17,21,0,0,0,18.388596,0
1,2017,11,17,21,1,0,0,12.085348,0
1,2017,11,17,21,2,0,0,9.677204,0
1,2017,11,17,21,3,0,0,15.919898,0
1,2017,11,17,22,0,0,0,16.47302,0
1,2017,11,17,22,1,0,0,14.750585,0
1,2017,11,17,22,2,0,0,14.528344,0
1,2017,11,17,22,3,0,0,4.891278,0
1,2017,11,17,23,0,0,0,17.044063,0
1,2017,11,17,23,1,0,0,19.034549,0
1,2017,11,17,23,2,0,0,14.153947,0
1,2017,11,17,23,3,0,0,16.591549,0
1,2017,11,18,0,0,0,0,20.919885,0
1,2017,11,18,0,1,0,0,9.663825,0
1,2017,11,18,0,2,0,0,18.174413,0
1,2017,11,18,0,3,0,0,24.803418,0
1,2017,11,18,1,0,0,0,9.931981,0
1,2017,11,18,1,1,0,0,25.157981,0
1,2017,11,18,1,2,0,0,18.305981,0
1,2017,11,18,1,3,0,0,27.608805,0
1,2017,11,18,2,0,0,0,34.70698,0
1,2017,11,18,2,1,0,0,18.717808,0
1,2017,11,18,2,2,0,0,10.465587,0
1,2017,11,18,2,3,0,0,13.952477,0
1,2017,11,18,3,0,0,0,13.26483,0
1,2017,11,18,3,1,0,0,7.763654,0
1,2017,11,18,3,2,0,0,13.635018,0
1,2017,11,18,3,3,0,0,16.37246,0
1,2017,11,18,4,0,0,0,17.859334,0
1,2017,11,18,4,1,0,0,13.878709,0
1,2017,11,18,4,2,0,0,4.349816,0
1,2017,11,18,4,3,0,0,3.292102,0
1,2017,11,18,5,0,0,0,3.292102,0
1,2017,11,18,5,1,0,0,3.292102,0
1,2017,11,18,5,2,0,0,3.292102,0
1,2017,11,18,5,3,0,0,3.292102,0
1,2017,11,18,6,0,0,0,3.292102,0
1,2017,11,18,6,1,0,0,3.292102,0
1,2017,11,18,6,2,0,0,3.405435,0
1,2017,11,18,6,3,0,0,4.142102,0
1,2017,11,18,7,0,0,0,7.604803,0
1,2017,11,18,7,1,0,0,13.103153,0
1,2017,11,18,7,2,0,0,13.372243,0
1,2017,11,18,7,3,0,0,6.724613,0
1,2017,11,18,8,0,0,0,11.713462,0
1,2017,11,18,8,1,0,0,11.80077,0
1,2017,11,18,8,2,0,0,4.226989,0
1,2017,11,18,8,3,0,0,8.827813,0
1,2017,11,18,9,0,0,0,14.011531,0
1,2017,11,18,9,1,0,0,15.649731,0
1,2017,11,18,9,2,0,0,8.037136,0
1,2017,11,18,9,3,0,0,10.69573,0
1,2017,11,18,10,0,0,0,26.499776,0
1,2017,11,18,10,1,0,0,24.6563,0
1,2017,11,18,10,2,0,0,22.124934,0
1,2017,11,18,10,3,0,0,14.59514,0
1,2017,11,18,11,0,0,0,9.123405,0
1,2017,11,18,11,1,0,0,7.914838,0
1,2017,11,18,11,2,0,0,8.848367,0
1,2017,11,18,11,3,0,0,14.99642,0
1,2017,11,18,12,0,0,0,12.119359,0
1,2017,11,18,12,1,0,0,16.047898,0
1,2017,11,18,12,2,0,0,26.707439,0
1,2017,11,18,12,3,0,0,21.39814,0
1,2017,11,18,13,0,0,0,17.008751,0
1,2017,11,18,13,1,0,0,14.460319,0
1,2017,11,18,13,2,0,0,24.360439,0
1,2017,11,18,13,3,0,0,23.154826,0
1,2017,11,18,14,0,0,0,16.73055,0
1,2017,11,18,14,1,0,0,22.285062,0
1,2017,11,18,14,2,0,0,23.86403,0
1,2017,11,18,14,3,0,0,23.045842,0
1,2017,11,18,15,0,0,0,15.662222,0
1,2017,11,18,15,1,0,0,16.766456,0
1,2017,11,18,15,2,0,0,19.691238,0
1,2017,11,18,15,3,0,0,12.89576,0
1,2017,11,18,16,0,0,0,9.986391,0
1,2017,11,18,16,1,0,0,7.560582,0
1,2017,11,18,16,2,0,0,12.61652,0
1,2017,11,18,16,3,0,0,14.537909,0
1,2017,11,18,17,0,0,0,10.112016,0
1,2017,11,18,17,1,0,0,12.92075,0
1,2017,11,18,17,2,0,0,18.383451,0
1,2017,11,18,17,3,0,0,17.599422,0
1,2017,11,18,18,0,0,0,11.23925,0
1,2017,11,18,18,1,0,0,7.309887,0
1,2017,11,18,18,2,0,0,6.040123,0
1,2017,11,18,18,3,0,0,12.959912,0
1,2017,11,18,19,0,0,0,27.247267,0
1,2017,11,18,19,1,0,0,20.006855,0
1,2017,11,18,19,2,0,0,11.529568,0
1,2017,11,18,19,3,0,0,26.470089,0
1,2017,11,18,20,0,0,0,29.939313,0
1,2017,11,18,20,1,0,0,16.631703,0
1,2017,11,18,20,2,0,0,14.251612,0
1,2017,11,18,20,3,0,0,18.045464,0
1,2017,11,18,21,0,0,0,29.40695,0
1,2017,11,18,21,1,0,0,24.298222,0
1,2017,11,18,21,2,0,0,23.081676,0
1,2017,11,18,21,3,0,0,24.40834,0
1,2017,11,18,22,0,0,0,20.650476,0
1,2017,11,18,22,1,0,0,15.159953,0
1,2017,11,18,22,2,0,0,9.369536,0
1,2017,11,18,22,3,0,0,9.371625,0
1,2017,11,18,23,0,0,0,14.506656,0
1,2017,11,18,23,1,0,0,7.901155,0
1,2017,11,18,23,2,0,0,10.872543,0
1,2017,11,18,23,3,0,0,15.892133,0
1,2017,11,19,0,0,0,0,17.296262,0
1,2017,11,19,0,1,0,0,14.741899,0
1,2017,11,19,0,2,0,0,13.042863,0
1,2017,11,19,0,3,0,0,20.294649,0
1,2017,11,19,1,0,0,0,13.994284,0
1,2017,11,19,1,1,0,0,19.8677,0
1,2017,11,19,1,2,0,0,20.02857,0
1,2017,11,19,1,3,0,0,20.067463,0
1,2017,11,19,2,0,0,0,27.374881,0
1,2017,11,19,2,1,0,0,29.121044,0
1,2017,11,19,2,2,0,0,19.229285,0
1,2017,11,19,2,3,0,0,8.349245,0
1,2017,11,19,3,0,0,0,9.059354,0
1,2017,11,19,3,1,0,0,17.861238,0
1,2017,11,19,3,2,0,0,24.525541,0
1,2017,11,19,3,3,0,0,21.243987,0
1,2017,11,19,4,0,0,0,18.50603,0
1,2017,11,19,4,1,0,0,16.307365,0
1,2017,11,19,4,2,0,0,12.836255,0
1,2017,11,19,4,3,0,0,15.342016,0
1,2017,11,19,5,0,0,0,5.209679,0
1,2017,11,19,5,1,0,0,3.073157,0
1,2017,11,19,5,2,0,0,13.712046,0
1,2017,11,19,5,3,0,0,11.584268,0
1,2017,11,19,6,0,0,0,3.073157,0
1,2017,11,19,6,1,0,0,3.073157,0
1,2017,11,19,6,2,0,0,3.073157,0
1,2017,11,19,6,3,0,0,4.714395,0
1,2017,11,19,7,0,0,0,8.535898,0
1,2017,11,19,7,1,0,0,6.002198,0
1,2017,11,19,7,2,0,0,8.549917,0
1,2017,11,19,7,3,0,0,13.64841,0
1,2017,11,19,8,0,0,0,11.322706,0
1,2017,11,19,8,1,0,0,12.626779,0
1,2017,11,19,8,2,0,0,8.98297,0
1,2017,11,19,8,3,0,0,10.896432,0
1,2017,11,19,9,0,0,0,9.960914,0
1,2017,11,19,9,1,0,0,10.136449,0
1,2017,11,19,9,2,0,0,5.344655,0
1,2017,11,19,9,3,0,0,7.34349,0
1,2017,11,19,10,0,0,0,5.377544,0
1,2017,11,19,10,1,0,0,9.300703,0
1,2017,11,19,10,2,0,0,7.669721,0
1,2017,11,19,10,3,0,0,15.789159,0
1,2017,11,19,11,0,0,0,13.375003,0
1,2017,11,19,11,1,0,0,17.698485,0
1,2017,11,19,11,2,0,0,22.819718,0
1,2017,11,19,11,3,0,0,21.453251,0
1,2017,11,19,12,0,0,0,16.022515,0
1,2017,11,19,12,1,0,0,13.331464,0
1,2017,11,19,12,2,0,0,19.27184,0
1,2017,11,19,12,3,0,0,12.325523,0
1,2017,11,19,13,0,0,0,14.348115,0
1,2017,11,19,13,1,0,0,16.433187,0
1,2017,11,19,13,2,0,0,13.024689,0
1,2017,11,19,13,3,0,0,33.577515,0
1,2017,11,19,14,0,0,0,20.758212,0
1,2017,11,19,14,1,0,0,12.023905,0
1,2017,11,19,14,2,0,0,14.209955,0
1,2017,11,19,14,3,0,0,18.931096,0
1,2017,11,19,15,0,0,0,25.505132,0
1,2017,11,19,15,1,0,0,22.731594,0
1,2017,11,19,15,2,0,0,27.384476,0
1,2017,11,19,15,3,0,0,16.227428,0
1,2017,11,19,16,0,0,0,8.415926,0
1,2017,11,19,16,1,0,0,12.319803,0
1,2017,11,19,16,2,0,0,17.633504,0
1,2017,11,19,16,3,0,0,21.961635,0
1,2017,11,19,17,0,0,0,16.100096,0
1,2017,11,19,17,1,0,0,28.706028,0
1,2017,11,19,17,2,0,0,23.598248,0
1,2017,11,19,17,3,0,0,9.447572,0
1,2017,11,19,18,0,0,0,13.247423,0
1,2017,11,19,18,1,0,0,14.402189,0
1,2017,11,19,18,2,0,0,19.995369,0
1,2017,11,19,18,3,0,0,17.319875,0
1,2017,11,19,19,0,0,0,15.806567,0
1,2017,11,19,19,1,0,0,13.907252,0
1,2017,11,19,19,2,0,0,21.161116,0
1,2017,11,19,19,3,0,0,15.238868,0
1,2017,11,19,20,0,0,0,18.431911,0
1,2017,11,19,20,1,0,0,13.975241,0
1,2017,11,19,20,2,0,0,11.098003,0
1,2017,11,19,20,3,0,0,10.178098,0
1,2017,11,19,21,0,0,0,21.536844,0
1,2017,11,19,21,1,0,0,15.655948,0
1,2017,11,19,21,2,0,0,13.62039,0
1,2017,11,19,21,3,0,0,16.065825,0
1,2017,11,19,22,0,0,0,13.798984,0
1,2017,11,19,22,1,0,0,16.354835,0
1,2017,11,19,22,2,0,0,12.383522,0
1,2017,11,19,22,3,0,0,9.364189,0
1,2017,11,19,23,0,0,0,13.238522,0
1,2017,11,19,23,1,0,0,8.122522,0
1,2017,11,19,23,2,0,0,5.832831,0
1,2017,11,19,23,3,0,0,8.181054,0
1,2017,11,20,0,0,0,0,8.323584,0
1,2017,11,20,0,1,0,0,8.624625,0
1,2017,11,20,0,2,0,0,10.499209,0
1,2017,11,20,0,3,0,0,8.451709,0
1,2017,11,20,1,0,0,0,8.451709,0
1,2017,11,20,1,1,0,0,4.538167,0
1,2017,11,20,1,2,0,0,3.936084,0
1,2017,11,20,1,3,0,0,3.936084,0
1,2017,11,20,2,0,0,0,13.507007,0
1,2017,11,20,2,1,0,0,16.083007,0
1,2017,11,20,2,2,0,0,16.440237,0
1,2017,11,20,2,3,0,0,11.646084,0
1,2017,11,20,3,0,0,0,4.964084,0
1,2017,11,20,3,1,0,0,3.936084,0
1,2017,11,20,3,2,0,0,3.936084,0
1,2017,11,20,3,3,0,0,3.936084,0
1,2017,11,20,4,0,0,0,3.936084,0
1,2017,11,20,4,1,0,0,5.465813,0
1,2017,11,20,4,2,0,0,9.67257,0
1,2017,11,20,4,3,0,0,9.67257,0
1,2017,11,20,5,0,0,0,5.373969,0
1,2017,11,20,5,1,0,0,6.115495,0
1,2017,11,20,5,2,0,0,3.936084,0
1,2017,11,20,5,3,0,0,3.936084,0
1,2017,11,20,6,0,0,0,7.366853,0
1,2017,11,20,6,1,0,0,4.965314,0
1,2017,11,20,6,2,0,0,3.936084,0
1,2017,11,20,6,3,0,0,3.701412,0
1,2017,11,20,7,0,0,0,13.006263,0
1,2017,11,20,7,1,0,0,7.529556,0
1,2017,11,20,7,2,0,0,5.000918,0
1,2017,11,20,7,3,0,0,9.004875,0
1,2017,11,20,8,0,0,0,9.331841,0
1,2017,11,20,8,1,0,0,10.740364,0
1,2017,11,20,8,2,0,0,7.375398,0
1,2017,11,20,8,3,0,0,13.272084,0
1,2017,11,20,9,0,0,0,17.930195,0
1,2017,11,20,9,1,0,0,19.407219,0
1,2017,11,20,9,2,0,0,24.691643,0
1,2017,11,20,9,3,0,0,24.031574,0
1,2017,11,20,10,0,0,0,23.318201,0
1,2017,11,20,10,1,0,0,23.251285,0
1,2017,11,20,10,2,0,0,21.334026,0
1,2017,11,20,10,3,0,0,13.641053,0
1,2017,11,20,11,0,0,0,11.790136,0
1,2017,11,20,11,1,0,0,14.491629,0
1,2017,11,20,11,2,0,0,15.621125,0
1,2017,11,20,11,3,0,0,18.934721,0
1,2017,11,20,12,0,0,0,20.089109,0
1,2017,11,20,12,1,0,0,25.164454,0
1,2017,11,20,12,2,0,0,41.835052,0
1,2017,11,20,12,3,0,0,29.454713,0
1,2017,11,20,13,0,0,0,24.850055,0
1,2017,11,20,13,1,0,0,22.483206,0
1,2017,11,20,13,2,0,0,24.244262,0
1,2017,11,20,13,3,0,0,23.955693,0
1,2017,11,20,14,0,0,0,21.605638,0
1,2017,11,20,14,1,0,0,25.177615,0
1,2017,11,20,14,2,0,0,23.110221,0
1,2017,11,20,14,3,0,0,13.113823,0
1,2017,11,20,15,0,0,0,16.365028,0
1,2017,11,20,15,1,0,0,20.090239,0
1,2017,11,20,15,2,0,0,21.67183,0
1,2017,11,20,15,3,0,0,15.430638,0
1,2017,11,20,16,0,0,0,14.565444,0
1,2017,11,20,16,1,0,0,17.843732,0
1,2017,11,20,16,2,0,0,12.629617,0
1,2017,11,20,16,3,0,0,27.445121,0
1,2017,11,20,17,0,0,0,19.752441,0
1,2017,11,20,17,1,0,0,13.319405,0
1,2017,11,20,17,2,0,0,10.504652,0
1,2017,11,20,17,3,0,0,8.479437,0
1,2017,11,20,18,0,0,0,10.348978,0
1,2017,11,20,18,1,0,0,7.477965,0
1,2017,11,20,18,2,0,0,13.903033,0
1,2017,11,20,18,3,0,0,10.153313,0
1,2017,11,20,19,0,0,0,8.097582,0
1,2017,11,20,19,1,0,0,8.382801,0
1,2017,11,20,19,2,0,0,13.220481,0
1,2017,11,20,19,3,0,0,18.531766,0
1,2017,11,20,20,0,0,0,11.081714,0
1,2017,11,20,20,1,0,0,10.173477,0
1,2017,11,20,20,2,0,0,15.781951,0
1,2017,11,20,20,3,0,0,16.433634,0
1,2017,11,20,21,0,0,0,10.069379,0
1,2017,11,20,21,1,0,0,4.370951,0
1,2017,11,20,21,2,0,0,4.778311,0
1,2017,11,20,21,3,0,0,17.689841,0
1,2017,11,20,22,0,0,0,16.44261,0
1,2017,11,20,22,1,0,0,12.373793,0
1,2017,11,20,22,2,0,0,5.880936,0
1,2017,11,20,22,3,0,0,7.252186,0
1,2017,11,20,23,0,0,0,12.737186,0
1,2017,11,20,23,1,0,0,9.118427,0
1,2017,11,20,23,2,0,0,11.382168,0
1,2017,11,20,23,3,0,0,10.602494,0
1,2017,11,21,0,0,0,0,13.718672,0
1,2017,11,21,0,1,0,0,6.294695,0
1,2017,11,21,0,2,0,0,5.238981,0
1,2017,11,21,0,3,0,0,5.238981,0
1,2017,11,21,1,0,0,0,8.321086,0
1,2017,11,21,1,1,0,0,9.091612,0
1,2017,11,21,1,2,0,0,9.091612,0
1,2017,11,21,1,3,0,0,9.091612,0
1,2017,11,21,2,0,0,0,5.238981,0
1,2017,11,21,2,1,0,0,5.238981,0
1,2017,11,21,2,2,0,0,5.238981,0
1,2017,11,21,2,3,0,0,5.238981,0
1,2017,11,21,3,0,0,0,5.238981,0
1,2017,11,21,3,1,0,0,5.238981,0
1,2017,11,21,3,2,0,0,5.238981,0
1,2017,11,21,3,3,0,0,5.238981,0
1,2017,11,21,4,0,0,0,5.238981,0
1,2017,11,21,4,1,0,0,5.238981,0
1,2017,11,21,4,2,0,0,5.238981,0
1,2017,11,21,4,3,0,0,5.238981,0
1,2017,11,21,5,0,0,0,5.238981,0
1,2017,11,21,5,1,0,0,10.732894,0
1,2017,11,21,5,2,0,0,9.465068,0
1,2017,11,21,5,3,0,0,5.238981,0
1,2017,11,21,6,0,0,0,5.238981,0
1,2017,11,21,6,1,0,0,8.921334,0
1,2017,11,21,6,2,0,0,7.816628,0
1,2017,11,21,6,3,0,0,7.135648,0
1,2017,11,21,7,0,0,0,7.458164,0
1,2017,11,21,7,1,0,0,4.304785,0
1,2017,11,21,7,2,0,0,3.775531,0
1,2017,11,21,7,3,0,0,7.689314,0
1,2017,11,21,8,0,0,0,9.084824,0
1,2017,11,21,8,1,0,0,8.623907,0
1,2017,11,21,8,2,0,0,6.654391,0
1,2017,11,21,8,3,0,0,6.921144,0
1,2017,11,21,9,0,0,0,12.373362,0
1,2017,11,21,9,1,0,0,19.117446,0
1,2017,11,21,9,2,0,0,20.260969,0
1,2017,11,21,9,3,0,0,20.024083,0
1,2017,11,21,10,0,0,0,17.118965,0
1,2017,11,21,10,1,0,0,12.417196,0
1,2017,11,21,10,2,0,0,13.324011,0
1,2017,11,21,10,3,0,0,20.485627,0
1,2017,11,21,11,0,0,0,23.197109,0
1,2017,11,21,11,1,0,0,22.601356,0
1,2017,11,21,11,2,0,0,28.471314,0
1,2017,11,21,11,3,0,0,29.876583,0
1,2017,11,21,12,0,0,0,23.041957,0
1,2017,11,21,12,1,0,0,24.298302,0
1,2017,11,21,12,2,0,0,22.286442,0
1,2017,11,21,12,3,0,0,20.584665,0
1,2017,11,21,13,0,0,0,22.647839,0
1,2017,11,21,13,1,0,0,22.894462,0
1,2017,11,21,13,2,0,0,18.343329,0
1,2017,11,21,13,3,0,0,17.622787,0
1,2017,11,21,14,0,0,0,31.700648,0
1,2017,11,21,14,1,0,0,36.3353,0
1,2017,11,21,14,2,0,0,33.217002,0
1,2017,11,21,14,3,0,0,25.676694,0
1,2017,11,21,15,0,0,0,25.386373,0
1,2017,11,21,15,1,0,0,25.978816,0
1,2017,11,21,15,2,0,0,22.398214,0
1,2017,11,21,15,3,0,0,18.15022,0
1,2017,11,21,16,0,0,0,17.458347,0
1,2017,11,21,16,1,0,0,21.254608,0
1,2017,11,21,16,2,0,0,25.377222,0
1,2017,11,21,16,3,0,0,22.311035,0
1,2017,11,21,17,0,0,0,23.888779,0
1,2017,11,21,17,1,0,0,19.572496,0
1,2017,11,21,17,2,0,0,19.93258,0
1,2017,11,21,17,3,0,0,14.683228,0
1,2017,11,21,18,0,0,0,9.75427,0
1,2017,11,21,18,1,0,0,9.75427,0
1,2017,11,21,18,2,0,0,10.726751,0
1,2017,11,21,18,3,0,0,12.483194,0
1,2017,11,21,19,0,0,0,10.383304,0
1,2017,11,21,19,1,0,0,8.851718,0
1,2017,11,21,19,2,0,0,10.794923,0
1,2017,11,21,19,3,0,0,17.476973,0
1,2017,11,21,20,0,0,0,23.297623,0
1,2017,11,21,20,1,0,0,32.596937,0
1,2017,11,21,20,2,0,0,16.919968,0
1,2017,11,21,20,3,0,0,24.227909,0
1,2017,11,21,21,0,0,0,20.866786,0
1,2017,11,21,21,1,0,0,17.911446,0
1,2017,11,21,21,2,0,0,20.85239,0
1,2017,11,21,21,3,0,0,13.442317,0
1,2017,11,21,22,0,0,0,6.331949,0
1,2017,11,21,22,1,0,0,8.766795,0
1,2017,11,21,22,2,0,0,15.596883,0
1,2017,11,21,22,3,0,0,21.810458,0
1,2017,11,21,23,0,0,0,13.625714,0
1,2017,11,21,23,1,0,0,18.636663,0
1,2017,11,21,23,2,0,0,6.527829,0
1,2017,11,21,23,3,0,0,6.53749,0
1,2017,11,22,0,0,0,0,10.134618,0
1,2017,11,22,0,1,0,0,10.251846,0
1,2017,11,22,0,2,0,0,18.495688,0
1,2017,11,22,0,3,0,0,20.134577,0
1,2017,11,22,1,0,0,0,12.244895,0
1,2017,11,22,1,1,0,0,6.794865,0
1,2017,11,22,1,2,0,0,6.336374,0
1,2017,11,22,1,3,0,0,6.336374,0
1,2017,11,22,2,0,0,0,9.862673,0
1,2017,11,22,2,1,0,0,8.772185,0
1,2017,11,22,2,2,0,0,6.468185,0
1,2017,11,22,2,3,0,0,6.468185,0
1,2017,11,22,3,0,0,0,6.468185,0
1,2017,11,22,3,1,0,0,9.444549,0
1,2017,11,22,3,2,0,0,12.048867,0
1,2017,11,22,3,3,0,0,17.04273,0
1,2017,11,22,4,0,0,0,13.501594,0
1,2017,11,22,4,1,0,0,10.305685,0
1,2017,11,22,4,2,0,0,10.305685,0
1,2017,11,22,4,3,0,0,6.468185,0
1,2017,11,22,5,0,0,0,6.468185,0
1,2017,11,22,5,1,0,0,6.468185,0
1,2017,11,22,5,2,0,0,6.468185,0
1,2017,11,22,5,3,0,0,6.270644,0
1,2017,11,22,6,0,0,0,6.221259,0
1,2017,11,22,6,1,0,0,6.221259,0
1,2017,11,22,6,2,0,0,8.271259,0
1,2017,11,22,6,3,0,0,7.80104,0
1,2017,11,22,7,0,0,0,9.878679,0
1,2017,11,22,7,1,0,0,9.710528,0
1,2017,11,22,7,2,0,0,14.784294,0
1,2017,11,22,7,3,0,0,10.407427,0
1,2017,11,22,8,0,0,0,9.861479,0
1,2017,11,22,8,1,0,0,14.987747,0
1,2017,11,22,8,2,0,0,7.906237,0
1,2017,11,22,8,3,0,0,7.928611,0
1,2017,11,22,9,0,0,0,8.612531,0
1,2017,11,22,9,1,0,0,9.499496,0
1,2017,11,22,9,2,0,0,20.774961,0
1,2017,11,22,9,3,0,0,24.820495,0
1,2017,11,22,10,0,0,0,24.796959,0
1,2017,11,22,10,1,0,0,18.473439,0
1,2017,11,22,10,2,0,0,15.325153,0
1,2017,11,22,10,3,0,0,15.601919,0
1,2017,11,22,11,0,0,0,16.789582,0
1,2017,11,22,11,1,0,0,15.980353,0
1,2017,11,22,11,2,0,0,11.505106,0
1,2017,11,22,11,3,0,0,20.543196,0
1,2017,11,22,12,0,0,0,16.341764,0
1,2017,11,22,12,1,0,0,18.80136,0
1,2017,11,22,12,2,0,0,19.593536,0
1,2017,11,22,12,3,0,0,20.069158,0
1,2017,11,22,13,0,0,0,18.769422,0
1,2017,11,22,13,1,0,0,21.017048,0
1,2017,11,22,13,2,0,0,25.238552,0
1,2017,11,22,13,3,0,0,30.638265,0
1,2017,11,22,14,0,0,0,28.771745,0
1,2017,11,22,14,1,0,0,24.806528,0
1,2017,11,22,14,2,0,0,24.560836,0
1,2017,11,22,14,3,0,0,25.309512,0
1,2017,11,22,15,0,0,0,24.822993,0
1,2017,11,22,15,1,0,0,26.730544,0
1,2017,11,22,15,2,0,0,19.423304,0
1,2017,11,22,15,3,0,0,15.506073,0
1,2017,11,22,16,0,0,0,14.909094,0
1,2017,11,22,16,1,0,0,8.391441,0
1,2017,11,22,16,2,0,0,18.013175,0
1,2017,11,22,16,3,0,0,19.48139,0
1,2017,11,22,17,0,0,0,15.558599,0
1,2017,11,22,17,1,0,0,14.451049,0
1,2017,11,22,17,2,0,0,9.579236,0
1,2017,11,22,17,3,0,0,10.812913,0
1,2017,11,22,18,0,0,0,15.818593,0
1,2017,11,22,18,1,0,0,8.970893,0
1,2017,11,22,18,2,0,0,15.260263,0
1,2017,11,22,18,3,0,0,13.049888,0
1,2017,11,22,19,0,0,0,16.852108,0
1,2017,11,22,19,1,0,0,23.288987,0
1,2017,11,22,19,2,0,0,11.390826,0
1,2017,11,22,19,3,0,0,8.538645,0
1,2017,11,22,20,0,0,0,14.287711,0
1,2017,11,22,20,1,0,0,13.47243,0
1,2017,11,22,20,2,0,0,13.417971,0
1,2017,11,22,20,3,0,0,13.96558,0
1,2017,11,22,21,0,0,0,14.087819,0
1,2017,11,22,21,1,0,0,14.087819,0
1,2017,11,22,21,2,0,0,9.252324,0
1,2017,11,22,21,3,0,0,12.2843,0
1,2017,11,22,22,0,0,0,23.509774,0
1,2017,11,22,22,1,0,0,14.193957,0
1,2017,11,22,22,2,0,0,13.221144,0
1,2017,11,22,22,3,0,0,9.502625,0
1,2017,11,22,23,0,0,0,7.113421,0
1,2017,11,22,23,1,0,0,9.462564,0
1,2017,11,22,23,2,0,0,6.560103,0
1,2017,11,22,23,3,0,0,10.347891,0
1,2017,11,23,0,0,0,0,14.821937,0
1,2017,11,23,0,1,0,0,16.571914,0
1,2017,11,23,0,2,0,0,11.574823,0
1,2017,11,23,0,3,0,0,5.591641,0
1,2017,11,23,1,0,0,0,7.767026,0
1,2017,11,23,1,1,0,0,12.005525,0
1,2017,11,23,1,2,0,0,10.761153,0
1,2017,11,23,1,3,0,0,10.761153,0
1,2017,11,23,2,0,0,0,8.453348,0
1,2017,11,23,2,1,0,0,4.991641,0
1,2017,11,23,2,2,0,0,6.9187,0
1,2017,11,23,2,3,0,0,5.794582,0
1,2017,11,23,3,0,0,0,4.991641,0
1,2017,11,23,3,1,0,0,7.525554,0
1,2017,11,23,3,2,0,0,9.742728,0
1,2017,11,23,3,3,0,0,9.742728,0
1,2017,11,23,4,0,0,0,7.525554,0
1,2017,11,23,4,1,0,0,4.991641,0
1,2017,11,23,4,2,0,0,4.991641,0
1,2017,11,23,4,3,0,0,4.991641,0
1,2017,11,23,5,0,0,0,4.991641,0
1,2017,11,23,5,1,0,0,4.991641,0
1,2017,11,23,5,2,0,0,4.991641,0
1,2017,11,23,5,3,0,0,5.886187,0
1,2017,11,23,6,0,0,0,7.228005,0
1,2017,11,23,6,1,0,0,7.683018,0
1,2017,11,23,6,2,0,0,13.561927,0
1,2017,11,23,6,3,0,0,9.765927,0
1,2017,11,23,7,0,0,0,7.487265,0
1,2017,11,23,7,1,0,0,12.977605,0
1,2017,11,23,7,2,0,0,12.56823,0
1,2017,11,23,7,3,0,0,24.3557,0
1,2017,11,23,8,0,0,0,12.821666,0
1,2017,11,23,8,1,0,0,13.436332,0
1,2017,11,23,8,2,0,0,13.831094,0
1,2017,11,23,8,3,0,0,6.487247,0
1,2017,11,23,9,0,0,0,8.943331,0
1,2017,11,23,9,1,0,0,14.098983,0
1,2017,11,23,9,2,0,0,14.957257,0
1,2017,11,23,9,3,0,0,19.049846,0
1,2017,11,23,10,0,0,0,25.870256,0
1,2017,11,23,10,1,0,0,26.785512,0
1,2017,11,23,10,2,0,0,29.078641,0
1,2017,11,23,10,3,0,0,32.340964,0
1,2017,11,23,11,0,0,0,30.080756,0
1,2017,11,23,11,1,0,0,20.677336,0
1,2017,11,23,11,2,0,0,18.770272,0
1,2017,11,23,11,3,0,0,24.570335,0
1,2017,11,23,12,0,0,0,23.378696,0
1,2017,11,23,12,1,0,0,27.934438,0
1,2017,11,23,12,2,0,0,28.187893,0
1,2017,11,23,12,3,0,0,26.272614,0
1,2017,11,23,13,0,0,0,22.875264,0
1,2017,11,23,13,1,0,0,27.518215,0
1,2017,11,23,13,2,0,0,25.879467,0
1,2017,11,23,13,3,0,0,27.21795,0
1,2017,11,23,14,0,0,0,26.049197,0
1,2017,11,23,14,1,0,0,23.202898,0
1,2017,11,23,14,2,0,0,20.410576,0
1,2017,11,23,14,3,0,0,18.442394,0
1,2017,11,23,15,0,0,0,16.209545,0
1,2017,11,23,15,1,0,0,19.906798,0
1,2017,11,23,15,2,0,0,20.576265,0
1,2017,11,23,15,3,0,0,12.064838,0
1,2017,11,23,16,0,0,0,9.855731,0
1,2017,11,23,16,1,0,0,13.478106,0
1,2017,11,23,16,2,0,0,14.413048,0
1,2017,11,23,16,3,0,0,15.432921,0
1,2017,11,23,17,0,0,0,15.365615,0
1,2017,11,23,17,1,0,0,14.02935,0
1,2017,11,23,17,2,0,0,13.132592,0
1,2017,11,23,17,3,0,0,21.272239,0
1,2017,11,23,18,0,0,0,26.522014,0
1,2017,11,23,18,1,0,0,11.681084,0
1,2017,11,23,18,2,0,0,18.747541,0
1,2017,11,23,18,3,0,0,21.520798,0
1,2017,11,23,19,0,0,0,19.950735,0
1,2017,11,23,19,1,0,0,14.501983,0
1,2017,11,23,19,2,0,0,12.727546,0
1,2017,11,23,19,3,0,0,19.289213,0
1,2017,11,23,20,0,0,0,16.194692,0
1,2017,11,23,20,1,0,0,11.951108,0
1,2017,11,23,20,2,0,0,18.643696,0
1,2017,11,23,20,3,0,0,24.247139,0
1,2017,11,23,21,0,0,0,22.602801,0
1,2017,11,23,21,1,0,0,18.610209,0
1,2017,11,23,21,2,0,0,13.216496,0
1,2017,11,23,21,3,0,0,12.22471,0
1,2017,11,23,22,0,0,0,12.696994,0
1,2017,11,23,22,1,0,0,10.424676,0
1,2017,11,23,22,2,0,0,21.551883,0
1,2017,11,23,22,3,0,0,21.449397,0
1,2017,11,23,23,0,0,0,9.190554,0
1,2017,11,23,23,1,0,0,15.317788,0
1,2017,11,23,23,2,0,0,23.719564,0
1,2017,11,23,23,3,0,0,13.558193,0
1,2017,11,24,0,0,0,0,19.646162,0
1,2017,11,24,0,1,0,0,31.253371,0
1,2017,11,24,0,2,0,0,19.973085,0
1,2017,11,24,0,3,0,0,13.824475,0
1,2017,11,24,1,0,0,0,14.710783,0
1,2017,11,24,1,1,0,0,11.821783,0
1,2017,11,24,1,2,0,0,14.166783,0
1,2017,11,24,1,3,0,0,9.661832,0
1,2017,11,24,2,0,0,0,13.345165,0
1,2017,11,24,2,1,0,0,9.827665,0
1,2017,11,24,2,2,0,0,7.560998,0
1,2017,11,24,2,3,0,0,5.577665,0
1,2017,11,24,3,0,0,0,5.577665,0
1,2017,11,24,3,1,0,0,5.577665,0
1,2017,11,24,3,2,0,0,5.577665,0
1,2017,11,24,3,3,0,0,5.577665,0
1,2017,11,24,4,0,0,0,5.577665,0
1,2017,11,24,4,1,0,0,5.577665,0
1,2017,11,24,4,2,0,0,5.577665,0
1,2017,11,24,4,3,0,0,5.577665,0
1,2017,11,24,5,0,0,0,5.577665,0
1,2017,11,24,5,1,0,0,5.577665,0
1,2017,11,24,5,2,0,0,5.577665,0
1,2017,11,24,5,3,0,0,5.577665,0
1,2017,11,24,6,0,0,0,6.971143,0
1,2017,11,24,6,1,0,0,11.23457,0
1,2017,11,24,6,2,0,0,14.463017,0
1,2017,11,24,6,3,0,0,18.075263,0
1,2017,11,24,7,0,0,0,11.320479,0
1,2017,11,24,7,1,0,0,13.133749,0
1,2017,11,24,7,2,0,0,6.981894,0
1,2017,11,24,7,3,0,0,8.216416,0
1,2017,11,24,8,0,0,0,15.809764,0
1,2017,11,24,8,1,0,0,14.190193,0
1,2017,11,24,8,2,0,0,7.971636,0
1,2017,11,24,8,3,0,0,9.925921,0
1,2017,11,24,9,0,0,0,13.609429,0
1,2017,11,24,9,1,0,0,25.26186,0
1,2017,11,24,9,2,0,0,29.769472,0
1,2017,11,24,9,3,0,0,31.325412,0
1,2017,11,24,10,0,0,0,27.075357,0
1,2017,11,24,10,1,0,0,23.224762,0
1,2017,11,24,10,2,0,0,16.09489,0
1,2017,11,24,10,3,0,0,13.337848,0
1,2017,11,24,11,0,0,0,19.004792,0
1,2017,11,24,11,1,0,0,20.366403,0
1,2017,11,24,11,2,0,0,21.346467,0
1,2017,11,24,11,3,0,0,27.414205,0
1,2017,11,24,12,0,0,0,29.014451,0
1,2017,11,24,12,1,0,0,21.635097,0
1,2017,11,24,12,2,0,0,18.323758,0
1,2017,11,24,12,3,0,0,16.707948,0
1,2017,11,24,13,0,0,0,18.329911,0
1,2017,11,24,13,1,0,0,22.469297,0
1,2017,11,24,13,2,0,0,25.183064,0
1,2017,11,24,13,3,0,0,31.65902,0
1,2017,11,24,14,0,0,0,43.453226,0
1,2017,11,24,14,1,0,0,35.811243,0
1,2017,11,24,14,2,0,0,25.449898,0
1,2017,11,24,14,3,0,0,22.076287,0
1,2017,11,24,15,0,0,0,26.124391,0
1,2017,11,24,15,1,0,0,23.936571,0
1,2017,11,24,15,2,0,0,32.215534,0
1,2017,11,24,15,3,0,0,31.282339,0
1,2017,11,24,16,0,0,0,15.418876,0
1,2017,11,24,16,1,0,0,12.630985,0
1,2017,11,24,16,2,0,0,21.797011,0
1,2017,11,24,16,3,0,0,28.299915,0
1,2017,11,24,17,0,0,0,29.041508,0
1,2017,11,24,17,1,0,0,13.919914,0
1,2017,11,24,17,2,0,0,13.620393,0
1,2017,11,24,17,3,0,0,7.907369,0
1,2017,11,24,18,0,0,0,11.362163,0
1,2017,11,24,18,1,0,0,17.217436,0
1,2017,11,24,18,2,0,0,18.517508,0
1,2017,11,24,18,3,0,0,14.27178,0
1,2017,11,24,19,0,0,0,13.141098,0
1,2017,11,24,19,1,0,0,16.794368,0
1,2017,11,24,19,2,0,0,21.061122,0
1,2017,11,24,19,3,0,0,22.983629,0
1,2017,11,24,20,0,0,0,16.570552,0
1,2017,11,24,20,1,0,0,19.589448,0
1,2017,11,24,20,2,0,0,11.901054,0
1,2017,11,24,20,3,0,0,18.46311,0
1,2017,11,24,21,0,0,0,22.667679,0
1,2017,11,24,21,1,0,0,19.859288,0
1,2017,11,24,21,2,0,0,25.241647,0
1,2017,11,24,21,3,0,0,19.264658,0
1,2017,11,24,22,0,0,0,23.674195,0
1,2017,11,24,22,1,0,0,23.287817,0
1,2017,11,24,22,2,0,0,20.402205,0
1,2017,11,24,22,3,0,0,27.067175,0
1,2017,11,24,23,0,0,0,21.18526,0
1,2017,11,24,23,1,0,0,11.159456,0
1,2017,11,24,23,2,0,0,14.00122,0
1,2017,11,24,23,3,0,0,28.408669,0
1,2017,11,25,0,0,0,0,28.373485,0
1,2017,11,25,0,1,0,0,23.016936,0
1,2017,11,25,0,2,0,0,19.533974,0
1,2017,11,25,0,3,0,0,22.215233,0
1,2017,11,25,1,0,0,0,21.142221,0
1,2017,11,25,1,1,0,0,24.332352,0
1,2017,11,25,1,2,0,0,16.686297,0
1,2017,11,25,1,3,0,0,16.890837,0
1,2017,11,25,2,0,0,0,10.95517,0
1,2017,11,25,2,1,0,0,19.378623,0
1,2017,11,25,2,2,0,0,19.373623,0
1,2017,11,25,2,3,0,0,13.829601,0
1,2017,11,25,3,0,0,0,22.153955,0
1,2017,11,25,3,1,0,0,13.116455,0
1,2017,11,25,3,2,0,0,8.192801,0
1,2017,11,25,3,3,0,0,14.782876,0
1,2017,11,25,4,0,0,0,12.861833,0
1,2017,11,25,4,1,0,0,8.913158,0
1,2017,11,25,4,2,0,0,8.913158,0
1,2017,11,25,4,3,0,0,4.99048,0
1,2017,11,25,5,0,0,0,6.522051,0
1,2017,11,25,5,1,0,0,5.536051,0
1,2017,11,25,5,2,0,0,5.123142,0
1,2017,11,25,5,3,0,0,15.158493,0
1,2017,11,25,6,0,0,0,19.572966,0
1,2017,11,25,6,1,0,0,20.27435,0
1,2017,11,25,6,2,0,0,13.838079,0
1,2017,11,25,6,3,0,0,4.005161,0
1,2017,11,25,7,0,0,0,4.483358,0
1,2017,11,25,7,1,0,0,6.878428,0
1,2017,11,25,7,2,0,0,7.106781,0
1,2017,11,25,7,3,0,0,14.24278,0
1,2017,11,25,8,0,0,0,23.7267,0
1,2017,11,25,8,1,0,0,28.417698,0
1,2017,11,25,8,2,0,0,15.046208,0
1,2017,11,25,8,3,0,0,22.633951,0
1,2017,11,25,9,0,0,0,7.824566,0
1,2017,11,25,9,1,0,0,6.379996,0
1,2017,11,25,9,2,0,0,7.028153,0
1,2017,11,25,9,3,0,0,7.512535,0
1,2017,11,25,10,0,0,0,9.012184,0
1,2017,11,25,10,1,0,0,17.010172,0
1,2017,11,25,10,2,0,0,26.286428,0
1,2017,11,25,10,3,0,0,19.305329,0
1,2017,11,25,11,0,0,0,14.693815,0
1,2017,11,25,11,1,0,0,13.018344,0
1,2017,11,25,11,2,0,0,12.735986,0
1,2017,11,25,11,3,0,0,21.801663,0
1,2017,11,25,12,0,0,0,18.25815,0
1,2017,11,25,12,1,0,0,11.91387,0
1,2017,11,25,12,2,0,0,12.98624,0
1,2017,11,25,12,3,0,0,20.175078,0
1,2017,11,25,13,0,0,0,12.977236,0
1,2017,11,25,13,1,0,0,7.62104,0
1,2017,11,25,13,2,0,0,14.329707,0
1,2017,11,25,13,3,0,0,22.304179,0
1,2017,11,25,14,0,0,0,16.644554,0
1,2017,11,25,14,1,0,0,14.915342,0
1,2017,11,25,14,2,0,0,25.604225,0
1,2017,11,25,14,3,0,0,27.364964,0
1,2017,11,25,15,0,0,0,22.659396,0
1,2017,11,25,15,1,0,0,16.760331,0
1,2017,11,25,15,2,0,0,19.45064,0
1,2017,11,25,15,3,0,0,24.437866,0
1,2017,11,25,16,0,0,0,21.876097,0
1,2017,11,25,16,1,0,0,14.104534,0
1,2017,11,25,16,2,0,0,12.880433,0
1,2017,11,25,16,3,0,0,20.874685,0
1,2017,11,25,17,0,0,0,19.477458,0
1,2017,11,25,17,1,0,0,22.835227,0
1,2017,11,25,17,2,0,0,22.143216,0
1,2017,11,25,17,3,0,0,18.543043,0
1,2017,11,25,18,0,0,0,16.580848,0
1,2017,11,25,18,1,0,0,15.328722,0
1,2017,11,25,18,2,0,0,18.233786,0
1,2017,11,25,18,3,0,0,18.372272,0
1,2017,11,25,19,0,0,0,27.847096,0
1,2017,11,25,19,1,0,0,21.784985,0
1,2017,11,25,19,2,0,0,23.800173,0
1,2017,11,25,19,3,0,0,17.498127,0
1,2017,11,25,20,0,0,0,14.232282,0
1,2017,11,25,20,1,0,0,15.198428,0
1,2017,11,25,20,2,0,0,18.322868,0
1,2017,11,25,20,3,0,0,18.61929,0
1,2017,11,25,21,0,0,0,17.561568,0
1,2017,11,25,21,1,0,0,18.211675,0
1,2017,11,25,21,2,0,0,19.071225,0
1,2017,11,25,21,3,0,0,18.184218,0
1,2017,11,25,22,0,0,0,23.22949,0
1,2017,11,25,22,1,0,0,19.898622,0
1,2017,11,25,22,2,0,0,18.913135,0
1,2017,11,25,22,3,0,0,24.096224,0
1,2017,11,25,23,0,0,0,11.570763,0
1,2017,11,25,23,1,0,0,15.033745,0
1,2017,11,25,23,2,0,0,17.145173,0
1,2017,11,25,23,3,0,0,15.872087,0
1,2017,11,26,0,0,0,0,14.056603,0
1,2017,11,26,0,1,0,0,15.799233,0
1,2017,11,26,0,2,0,0,17.233679,0
1,2017,11,26,0,3,0,0,21.307401,0
1,2017,11,26,1,0,0,0,20.317403,0
1,2017,11,26,1,1,0,0,25.880663,0
1,2017,11,26,1,2,0,0,31.190607,0
1,2017,11,26,1,3,0,0,35.698687,0
1,2017,11,26,2,0,0,0,34.453401,0
1,2017,11,26,2,1,0,0,22.861478,0
1,2017,11,26,2,2,0,0,24.660842,0
1,2017,11,26,2,3,0,0,20.26466,0
1,2017,11,26,3,0,0,0,6.946933,0
1,2017,11,26,3,1,0,0,14.023291,0
1,2017,11,26,3,2,0,0,11.969665,0
1,2017,11,26,3,3,0,0,3.386478,0
1,2017,11,26,4,0,0,0,6.282757,0
1,2017,11,26,4,1,0,0,6.728338,0
1,2017,11,26,4,2,0,0,9.211817,0
1,2017,11,26,4,3,0,0,11.915602,0
1,2017,11,26,5,0,0,0,16.171338,0
1,2017,11,26,5,1,0,0,18.119374,0
1,2017,11,26,5,2,0,0,11.185964,0
1,2017,11,26,5,3,0,0,11.560681,0
1,2017,11,26,6,0,0,0,3.621514,0
1,2017,11,26,6,1,0,0,3.054431,0
1,2017,11,26,6,2,0,0,4.781681,0
1,2017,11,26,6,3,0,0,6.678016,0
1,2017,11,26,7,0,0,0,6.639184,0
1,2017,11,26,7,1,0,0,5.735996,0
1,2017,11,26,7,2,0,0,8.740666,0
1,2017,11,26,7,3,0,0,8.769666,0
1,2017,11,26,8,0,0,0,5.396625,0
1,2017,11,26,8,1,0,0,5.606102,0
1,2017,11,26,8,2,0,0,15.092768,0
1,2017,11,26,8,3,0,0,6.111992,0
1,2017,11,26,9,0,0,0,14.586964,0
1,2017,11,26,9,1,0,0,14.549101,0
1,2017,11,26,9,2,0,0,15.771302,0
1,2017,11,26,9,3,0,0,15.962478,0
1,2017,11,26,10,0,0,0,13.233133,0
1,2017,11,26,10,1,0,0,13.628417,0
1,2017,11,26,10,2,0,0,13.924366,0
1,2017,11,26,10,3,0,0,11.848926,0
1,2017,11,26,11,0,0,0,6.704382,0
1,2017,11,26,11,1,0,0,10.416882,0
1,2017,11,26,11,2,0,0,18.246391,0
1,2017,11,26,11,3,0,0,28.265392,0
1,2017,11,26,12,0,0,0,26.728827,0
1,2017,11,26,12,1,0,0,15.0916,0
1,2017,11,26,12,2,0,0,16.173717,0
1,2017,11,26,12,3,0,0,19.437817,0
1,2017,11,26,13,0,0,0,16.636378,0
1,2017,11,26,13,1,0,0,22.471359,0
1,2017,11,26,13,2,0,0,15.524303,0
1,2017,11,26,13,3,0,0,17.46803,0
1,2017,11,26,14,0,0,0,25.300262,0
1,2017,11,26,14,1,0,0,22.277447,0
1,2017,11,26,14,2,0,0,23.246355,0
1,2017,11,26,14,3,0,0,28.971467,0
1,2017,11,26,15,0,0,0,21.349557,0
1,2017,11,26,15,1,0,0,21.864103,0
1,2017,11,26,15,2,0,0,18.858548,0
1,2017,11,26,15,3,0,0,18.377689,0
1,2017,11,26,16,0,0,0,13.556936,0
1,2017,11,26,16,1,0,0,14.227329,0
1,2017,11,26,16,2,0,0,15.443899,0
1,2017,11,26,16,3,0,0,23.519343,0
1,2017,11,26,17,0,0,0,13.760896,0
1,2017,11,26,17,1,0,0,16.5318,0
1,2017,11,26,17,2,0,0,20.704391,0
1,2017,11,26,17,3,0,0,23.58945,0
1,2017,11,26,18,0,0,0,15.637346,0
1,2017,11,26,18,1,0,0,12.388795,0
1,2017,11,26,18,2,0,0,11.095891,0
1,2017,11,26,18,3,0,0,19.938585,0
1,2017,11,26,19,0,0,0,19.768008,0
1,2017,11,26,19,1,0,0,17.589912,0
1,2017,11,26,19,2,0,0,14.054361,0
1,2017,11,26,19,3,0,0,16.056437,0
1,2017,11,26,20,0,0,0,11.529947,0
1,2017,11,26,20,1,0,0,10.151376,0
1,2017,11,26,20,2,0,0,15.321376,0
1,2017,11,26,20,3,0,0,19.811208,0
1,2017,11,26,21,0,0,0,21.426795,0
1,2017,11,26,21,1,0,0,12.796823,0
1,2017,11,26,21,2,0,0,8.156304,0
1,2017,11,26,21,3,0,0,14.795274,0
1,2017,11,26,22,0,0,0,13.935274,0
1,2017,11,26,22,1,0,0,11.750108,0
1,2017,11,26,22,2,0,0,15.821799,0
1,2017,11,26,22,3,0,0,20.405061,0
1,2017,11,26,23,0,0,0,13.918542,0
1,2017,11,26,23,1,0,0,16.219088,0
1,2017,11,26,23,2,0,0,10.326417,0
1,2017,11,26,23,3,0,0,17.733443,0
1,2017,11,27,0,0,0,0,8.769365,0
1,2017,11,27,0,1,0,0,7.552698,0
1,2017,11,27,0,2,0,0,7.500217,0
1,2017,11,27,0,3,0,0,3.562733,0
1,2017,11,27,1,0,0,0,3.062031,0
1,2017,11,27,1,1,0,0,3.0177,0
1,2017,11,27,1,2,0,0,3.348022,0
1,2017,11,27,1,3,0,0,12.080138,0
1,2017,11,27,2,0,0,0,16.006538,0
1,2017,11,27,2,1,0,0,11.0517,0
1,2017,11,27,2,2,0,0,10.6651,0
1,2017,11,27,2,3,0,0,8.908644,0
1,2017,11,27,3,0,0,0,11.283755,0
1,2017,11,27,3,1,0,0,3.0177,0
1,2017,11,27,3,2,0,0,6.536366,0
1,2017,11,27,3,3,0,0,7.0777,0
1,2017,11,27,4,0,0,0,7.0777,0
1,2017,11,27,4,1,0,0,7.0777,0
1,2017,11,27,4,2,0,0,3.559033,0
1,2017,11,27,4,3,0,0,3.0177,0
1,2017,11,27,5,0,0,0,6.0552,0
1,2017,11,27,5,1,0,0,6.0552,0
1,2017,11,27,5,2,0,0,6.054033,0
1,2017,11,27,5,3,0,0,6.4327,0
1,2017,11,27,6,0,0,0,6.4327,0
1,2017,11,27,6,1,0,0,6.4327,0
1,2017,11,27,6,2,0,0,4.611366,0
1,2017,11,27,6,3,0,0,4.520478,0
1,2017,11,27,7,0,0,0,9.669197,0
1,2017,11,27,7,1,0,0,18.487637,0
1,2017,11,27,7,2,0,0,12.098309,0
1,2017,11,27,7,3,0,0,7.520433,0
1,2017,11,27,8,0,0,0,3.675405,0
1,2017,11,27,8,1,0,0,9.477437,0
1,2017,11,27,8,2,0,0,13.190347,0
1,2017,11,27,8,3,0,0,17.746162,0
1,2017,11,27,9,0,0,0,17.590212,0
1,2017,11,27,9,1,0,0,16.171258,0
1,2017,11,27,9,2,0,0,18.302825,0
1,2017,11,27,9,3,0,0,18.103916,0
1,2017,11,27,10,0,0,0,18.661264,0
1,2017,11,27,10,1,0,0,15.353143,0
1,2017,11,27,10,2,0,0,17.259403,0
1,2017,11,27,10,3,0,0,19.458608,0
1,2017,11,27,11,0,0,0,24.113021,0
1,2017,11,27,11,1,0,0,23.971123,0
1,2017,11,27,11,2,0,0,19.291897,0
1,2017,11,27,11,3,0,0,27.80773,0
1,2017,11,27,12,0,0,0,32.831537,0
1,2017,11,27,12,1,0,0,24.625712,0
1,2017,11,27,12,2,0,0,23.830093,0
1,2017,11,27,12,3,0,0,25.51049,0
1,2017,11,27,13,0,0,0,25.736231,0
1,2017,11,27,13,1,0,0,27.33782,0
1,2017,11,27,13,2,0,0,27.327285,0
1,2017,11,27,13,3,0,0,26.318772,0
1,2017,11,27,14,0,0,0,24.208901,0
1,2017,11,27,14,1,0,0,25.615851,0
1,2017,11,27,14,2,0,0,27.735605,0
1,2017,11,27,14,3,0,0,24.729543,0
1,2017,11,27,15,0,0,0,20.094706,0
1,2017,11,27,15,1,0,0,22.660694,0
1,2017,11,27,15,2,0,0,17.842994,0
1,2017,11,27,15,3,0,0,10.598468,0
1,2017,11,27,16,0,0,0,10.42325,0
1,2017,11,27,16,1,0,0,20.851684,0
1,2017,11,27,16,2,0,0,17.465948,0
1,2017,11,27,16,3,0,0,7.805552,0
1,2017,11,27,17,0,0,0,10.074063,0
1,2017,11,27,17,1,0,0,11.587219,0
1,2017,11,27,17,2,0,0,12.911533,0
1,2017,11,27,17,3,0,0,11.763736,0
1,2017,11,27,18,0,0,0,9.432964,0
1,2017,11,27,18,1,0,0,12.472694,0
1,2017,11,27,18,2,0,0,12.70525,0
1,2017,11,27,18,3,0,0,16.041519,0
1,2017,11,27,19,0,0,0,7.994761,0
1,2017,11,27,19,1,0,0,11.251526,0
1,2017,11,27,19,2,0,0,15.161188,0
1,2017,11,27,19,3,0,0,16.081351,0
1,2017,11,27,20,0,0,0,15.412618,0
1,2017,11,27,20,1,0,0,16.545489,0
1,2017,11,27,20,2,0,0,19.4222,0
1,2017,11,27,20,3,0,0,10.397043,0
1,2017,11,27,21,0,0,0,18.950361,0
1,2017,11,27,21,1,0,0,17.317286,0
1,2017,11,27,21,2,0,0,9.076533,0
1,2017,11,27,21,3,0,0,11.749389,0
1,2017,11,27,22,0,0,0,17.871071,0
1,2017,11,27,22,1,0,0,12.118169,0
1,2017,11,27,22,2,0,0,9.03697,0
1,2017,11,27,22,3,0,0,13.147425,0
1,2017,11,27,23,0,0,0,12.991731,0
1,2017,11,27,23,1,0,0,8.86444,0
1,2017,11,27,23,2,0,0,9.311334,0
1,2017,11,27,23,3,0,0,16.48879,0
1,2017,11,28,0,0,0,0,14.258563,0
1,2017,11,28,0,1,0,0,5.543677,0
1,2017,11,28,0,2,0,0,5.543677,0
1,2017,11,28,0,3,0,0,9.099677,0
1,2017,11,28,1,0,0,0,9.904072,0
1,2017,11,28,1,1,0,0,7.89327,0
1,2017,11,28,1,2,0,0,6.36927,0
1,2017,11,28,1,3,0,0,10.448388,0
1,2017,11,28,2,0,0,0,13.1678,0
1,2017,11,28,2,1,0,0,10.901623,0
1,2017,11,28,2,2,0,0,6.36927,0
1,2017,11,28,2,3,0,0,6.36927,0
1,2017,11,28,3,0,0,0,6.36927,0
1,2017,11,28,3,1,0,0,6.36927,0
1,2017,11,28,3,2,0,0,6.36927,0
1,2017,11,28,3,3,0,0,6.36927,0
1,2017,11,28,4,0,0,0,6.36927,0
1,2017,11,28,4,1,0,0,6.36927,0
1,2017,11,28,4,2,0,0,6.36927,0
1,2017,11,28,4,3,0,0,6.36927,0
1,2017,11,28,5,0,0,0,6.36927,0
1,2017,11,28,5,1,0,0,6.36927,0
1,2017,11,28,5,2,0,0,6.36927,0
1,2017,11,28,5,3,0,0,6.36927,0
1,2017,11,28,6,0,0,0,6.36927,0
1,2017,11,28,6,1,0,0,6.632127,0
1,2017,11,28,6,2,0,0,8.340699,0
1,2017,11,28,6,3,0,0,7.987548,0
1,2017,11,28,7,0,0,0,9.390244,0
1,2017,11,28,7,1,0,0,8.523207,0
1,2017,11,28,7,2,0,0,4.303428,0
1,2017,11,28,7,3,0,0,6.032812,0
1,2017,11,28,8,0,0,0,13.361848,0
1,2017,11,28,8,1,0,0,16.880402,0
1,2017,11,28,8,2,0,0,10.002411,0
1,2017,11,28,8,3,0,0,10.463317,0
1,2017,11,28,9,0,0,0,10.469531,0
1,2017,11,28,9,1,0,0,16.364472,0
1,2017,11,28,9,2,0,0,14.376992,0
1,2017,11,28,9,3,0,0,11.671786,0
1,2017,11,28,10,0,0,0,15.86517,0
1,2017,11,28,10,1,0,0,16.635062,0
1,2017,11,28,10,2,0,0,14.456046,0
1,2017,11,28,10,3,0,0,15.584445,0
1,2017,11,28,11,0,0,0,16.460075,0
1,2017,11,28,11,1,0,0,28.634385,0
1,2017,11,28,11,2,0,0,21.895582,0
1,2017,11,28,11,3,0,0,18.705928,0
1,2017,11,28,12,0,0,0,18.674124,0
1,2017,11,28,12,1,0,0,21.069822,0
1,2017,11,28,12,2,0,0,16.895838,0
1,2017,11,28,12,3,0,0,16.922457,0
1,2017,11,28,13,0,0,0,16.868166,0
1,2017,11,28,13,1,0,0,15.529052,0
1,2017,11,28,13,2,0,0,15.949163,0
1,2017,11,28,13,3,0,0,17.004798,0
1,2017,11,28,14,0,0,0,25.327702,0
1,2017,11,28,14,1,0,0,25.873226,0
1,2017,11,28,14,2,0,0,31.866095,0
1,2017,11,28,14,3,0,0,36.240693,0
1,2017,11,28,15,0,0,0,29.422207,0
1,2017,11,28,15,1,0,0,19.334099,0
1,2017,11,28,15,2,0,0,15.946023,0
1,2017,11,28,15,3,0,0,16.000208,0
1,2017,11,28,16,0,0,0,24.255853,0
1,2017,11,28,16,1,0,0,39.043051,0
1,2017,11,28,16,2,0,0,19.579293,0
1,2017,11,28,16,3,0,0,11.39672,0
1,2017,11,28,17,0,0,0,17.396888,0
1,2017,11,28,17,1,0,0,23.704895,0
1,2017,11,28,17,2,0,0,14.614994,0
1,2017,11,28,17,3,0,0,11.565943,0
1,2017,11,28,18,0,0,0,11.638453,0
1,2017,11,28,18,1,0,0,11.069161,0
1,2017,11,28,18,2,0,0,14.773301,0
1,2017,11,28,18,3,0,0,19.099898,0
1,2017,11,28,19,0,0,0,23.88844,0
1,2017,11,28,19,1,0,0,16.626929,0
1,2017,11,28,19,2,0,0,12.783905,0
1,2017,11,28,19,3,0,0,18.740099,0
1,2017,11,28,20,0,0,0,18.019854,0
1,2017,11,28,20,1,0,0,22.088173,0
1,2017,11,28,20,2,0,0,17.544728,0
1,2017,11,28,20,3,0,0,13.327702,0
1,2017,11,28,21,0,0,0,11.869162,0
1,2017,11,28,21,1,0,0,14.448255,0
1,2017,11,28,21,2,0,0,17.125098,0
1,2017,11,28,21,3,0,0,14.661985,0
1,2017,11,28,22,0,0,0,14.997514,0
1,2017,11,28,22,1,0,0,7.830705,0
1,2017,11,28,22,2,0,0,7.344763,0
1,2017,11,28,22,3,0,0,9.438881,0
1,2017,11,28,23,0,0,0,15.6954,0
1,2017,11,28,23,1,0,0,16.891182,0
1,2017,11,28,23,2,0,0,11.002199,0
1,2017,11,28,23,3,0,0,6.477583,0
1,2017,11,29,0,0,0,0,6.704659,0
1,2017,11,29,0,1,0,0,7.15881,0
1,2017,11,29,0,2,0,0,7.15881,0
1,2017,11,29,0,3,0,0,7.15881,0
1,2017,11,29,1,0,0,0,7.15881,0
1,2017,11,29,1,1,0,0,10.717634,0
1,2017,11,29,1,2,0,0,9.099987,0
1,2017,11,29,1,3,0,0,10.647382,0
1,2017,11,29,2,0,0,0,8.110239,0
1,2017,11,29,2,1,0,0,7.15881,0
1,2017,11,29,2,2,0,0,7.15881,0
1,2017,11,29,2,3,0,0,7.15881,0
1,2017,11,29,3,0,0,0,8.423426,0
1,2017,11,29,3,1,0,0,10.004195,0
1,2017,11,29,3,2,0,0,7.15881,0
1,2017,11,29,3,3,0,0,18.40881,0
1,2017,11,29,4,0,0,0,11.210575,0
1,2017,11,29,4,1,0,0,8.847046,0
1,2017,11,29,4,2,0,0,7.15881,0
1,2017,11,29,4,3,0,0,10.217046,0
1,2017,11,29,5,0,0,0,15.026313,0
1,2017,11,29,5,1,0,0,17.11371,0
1,2017,11,29,5,2,0,0,10.487534,0
1,2017,11,29,5,3,0,0,10.487534,0
1,2017,11,29,6,0,0,0,7.380725,0
1,2017,11,29,6,1,0,0,7.15881,0
1,2017,11,29,6,2,0,0,8.92131,0
1,2017,11,29,6,3,0,0,9.032278,0
1,2017,11,29,7,0,0,0,11.983913,0
1,2017,11,29,7,1,0,0,11.301245,0
1,2017,11,29,7,2,0,0,6.745461,0
1,2017,11,29,7,3,0,0,10.689544,0
1,2017,11,29,8,0,0,0,15.941014,0
1,2017,11,29,8,1,0,0,13.910059,0
1,2017,11,29,8,2,0,0,14.045751,0
1,2017,11,29,8,3,0,0,14.865093,0
1,2017,11,29,9,0,0,0,14.061653,0
1,2017,11,29,9,1,0,0,20.372707,0
1,2017,11,29,9,2,0,0,18.469214,0
1,2017,11,29,9,3,0,0,16.737052,0
1,2017,11,29,10,0,0,0,13.693008,0
1,2017,11,29,10,1,0,0,23.680486,0
1,2017,11,29,10,2,0,0,21.388678,0
1,2017,11,29,10,3,0,0,14.742961,0
1,2017,11,29,11,0,0,0,18.30899,0
1,2017,11,29,11,1,0,0,17.804449,0
1,2017,11,29,11,2,0,0,20.383774,0
1,2017,11,29,11,3,0,0,25.071184,0
1,2017,11,29,12,0,0,0,25.489476,0
1,2017,11,29,12,1,0,0,27.685271,0
1,2017,11,29,12,2,0,0,24.769131,0
1,2017,11,29,12,3,0,0,22.168657,0
1,2017,11,29,13,0,0,0,31.746916,0
1,2017,11,29,13,1,0,0,36.839431,0
1,2017,11,29,13,2,0,0,41.912185,0
1,2017,11,29,13,3,0,0,29.138686,0
1,2017,11,29,14,0,0,0,38.010654,0
1,2017,11,29,14,1,0,0,36.778037,0
1,2017,11,29,14,2,0,0,27.320386,0
1,2017,11,29,14,3,0,0,21.435763,0
1,2017,11,29,15,0,0,0,14.437075,0
1,2017,11,29,15,1,0,0,14.28542,0
1,2017,11,29,15,2,0,0,16.46331,0
1,2017,11,29,15,3,0,0,16.774193,0
1,2017,11,29,16,0,0,0,18.255937,0
1,2017,11,29,16,1,0,0,21.238651,0
1,2017,11,29,16,2,0,0,21.173669,0
1,2017,11,29,16,3,0,0,20.351888,0
1,2017,11,29,17,0,0,0,13.907874,0
1,2017,11,29,17,1,0,0,14.954447,0
1,2017,11,29,17,2,0,0,17.566933,0
1,2017,11,29,17,3,0,0,16.621461,0
1,2017,11,29,18,0,0,0,17.417003,0
1,2017,11,29,18,1,0,0,13.821718,0
1,2017,11,29,18,2,0,0,10.91455,0
1,2017,11,29,18,3,0,0,13.858353,0
1,2017,11,29,19,0,0,0,23.600696,0
1,2017,11,29,19,1,0,0,20.962858,0
1,2017,11,29,19,2,0,0,17.291256,0
1,2017,11,29,19,3,0,0,16.460294,0
1,2017,11,29,20,0,0,0,15.880024,0
1,2017,11,29,20,1,0,0,22.03021,0
1,2017,11,29,20,2,0,0,18.786556,0
1,2017,11,29,20,3,0,0,13.236915,0
1,2017,11,29,21,0,0,0,12.735589,0
1,2017,11,29,21,1,0,0,10.934018,0
1,2017,11,29,21,2,0,0,14.14904,0
1,2017,11,29,21,3,0,0,12.987175,0
1,2017,11,29,22,0,0,0,11.20507,0
1,2017,11,29,22,1,0,0,19.049517,0
1,2017,11,29,22,2,0,0,10.345544,0
1,2017,11,29,22,3,0,0,15.428007,0
1,2017,11,29,23,0,0,0,16.015548,0
1,2017,11,29,23,1,0,0,13.098469,0
1,2017,11,29,23,2,0,0,11.253763,0
1,2017,11,29,23,3,0,0,13.956377,0
1,2017,11,30,0,0,0,0,18.450957,0
1,2017,11,30,0,1,0,0,8.527003,0
1,2017,11,30,0,2,0,0,10.873105,0
1,2017,11,30,0,3,0,0,10.873105,0
1,2017,11,30,1,0,0,0,10.873105,0
1,2017,11,30,1,1,0,0,10.042272,0
1,2017,11,30,1,2,0,0,19.918254,0
1,2017,11,30,1,3,0,0,18.54392,0
1,2017,11,30,2,0,0,0,10.932721,0
1,2017,11,30,2,1,0,0,15.461397,0
1,2017,11,30,2,2,0,0,15.774474,0
1,2017,11,30,2,3,0,0,10.211602,0
1,2017,11,30,3,0,0,0,8.144269,0
1,2017,11,30,3,1,0,0,8.650436,0
1,2017,11,30,3,2,0,0,9.775436,0
1,2017,11,30,3,3,0,0,6.962936,0
1,2017,11,30,4,0,0,0,11.932936,0
1,2017,11,30,4,1,0,0,7.672936,0
1,2017,11,30,4,2,0,0,13.373108,0
1,2017,11,30,4,3,0,0,18.2521,0
1,2017,11,30,5,0,0,0,17.309173,0
1,2017,11,30,5,1,0,0,11.180149,0
1,2017,11,30,5,2,0,0,11.180149,0
1,2017,11,30,5,3,0,0,6.962936,0
1,2017,11,30,6,0,0,0,6.962936,0
1,2017,11,30,6,1,0,0,7.552221,0
1,2017,11,30,6,2,0,0,9.96865,0
1,2017,11,30,6,3,0,0,11.678936,0
1,2017,11,30,7,0,0,0,10.359548,0
1,2017,11,30,7,1,0,0,8.610018,0
1,2017,11,30,7,2,0,0,5.600598,0
1,2017,11,30,7,3,0,0,11.357026,0
1,2017,11,30,8,0,0,0,18.606355,0
1,2017,11,30,8,1,0,0,7.496381,0
1,2017,11,30,8,2,0,0,5.080307,0
1,2017,11,30,8,3,0,0,8.147788,0
1,2017,11,30,9,0,0,0,12.237494,0
1,2017,11,30,9,1,0,0,24.546078,0
1,2017,11,30,9,2,0,0,20.639135,0
1,2017,11,30,9,3,0,0,16.256801,0
1,2017,11,30,10,0,0,0,18.144104,0
1,2017,11,30,10,1,0,0,26.266294,0
1,2017,11,30,10,2,0,0,26.908067,0
1,2017,11,30,10,3,0,0,20.230991,0
1,2017,11,30,11,0,0,0,25.011039,0
1,2017,11,30,11,1,0,0,12.337672,0
1,2017,11,30,11,2,0,0,21.544214,0
1,2017,11,30,11,3,0,0,19.785988,0
1,2017,11,30,12,0,0,0,19.486159,0
1,2017,11,30,12,1,0,0,19.038475,0
1,2017,11,30,12,2,0,0,23.039321,0
1,2017,11,30,12,3,0,0,24.298018,0
1,2017,11,30,13,0,0,0,25.829186,0
1,2017,11,30,13,1,0,0,27.968025,0
1,2017,11,30,13,2,0,0,30.139333,0
1,2017,11,30,13,3,0,0,28.263295,0
1,2017,11,30,14,0,0,0,26.52469,0
1,2017,11,30,14,1,0,0,24.846286,0
1,2017,11,30,14,2,0,0,30.187993,0
1,2017,11,30,14,3,0,0,32.654636,0
1,2017,11,30,15,0,0,0,30.172252,0
1,2017,11,30,15,1,0,0,24.787596,0
1,2017,11,30,15,2,0,0,25.590221,0
1,2017,11,30,15,3,0,0,19.192271,0
1,2017,11,30,16,0,0,0,18.22282,0
1,2017,11,30,16,1,0,0,22.011639,0
1,2017,11,30,16,2,0,0,19.75312,0
1,2017,11,30,16,3,0,0,20.038937,0
1,2017,11,30,17,0,0,0,20.600557,0
1,2017,11,30,17,1,0,0,19.085742,0
1,2017,11,30,17,2,0,0,18.907213,0
1,2017,11,30,17,3,0,0,25.660437,0
1,2017,11,30,18,0,0,0,18.019748,0
1,2017,11,30,18,1,0,0,25.219009,0
1,2017,11,30,18,2,0,0,28.528733,0
1,2017,11,30,18,3,0,0,11.45621,0
1,2017,11,30,19,0,0,0,11.372064,0
1,2017,11,30,19,1,0,0,13.843584,0
1,2017,11,30,19,2,0,0,29.50569,0
1,2017,11,30,19,3,0,0,19.703709,0
1,2017,11,30,20,0,0,0,19.882862,0
1,2017,11,30,20,1,0,0,20.50314,0
1,2017,11,30,20,2,0,0,22.275976,0
1,2017,11,30,20,3,0,0,30.150998,0
1,2017,11,30,21,0,0,0,22.389566,0
1,2017,11,30,21,1,0,0,23.342479,0
1,2017,11,30,21,2,0,0,30.85788,0
1,2017,11,30,21,3,0,0,28.907746,0
1,2017,11,30,22,0,0,0,15.713531,0
1,2017,11,30,22,1,0,0,15.453837,0
1,2017,11,30,22,2,0,0,14.655384,0
1,2017,11,30,22,3,0,0,15.149726,0
1,2017,11,30,23,0,0,0,18.216062,0
1,2017,11,30,23,1,0,0,17.095061,0
1,2017,11,30,23,2,0,0,18.6406,0
1,2017,11,30,23,3,0,0,20.907635,0
1,2017,12,1,0,0,0,0,22.955777,0
1,2017,12,1,0,1,0,0,14.647037,0
1,2017,12,1,0,2,0,0,16.321458,0
1,2017,12,1,0,3,0,0,10.156458,0
1,2017,12,1,1,0,0,0,8.536458,0
1,2017,12,1,1,1,0,0,8.536458,0
1,2017,12,1,1,2,0,0,10.61503,0
1,2017,12,1,1,3,0,0,8.56303,0
1,2017,12,1,2,0,0,0,7.19503,0
1,2017,12,1,2,1,0,0,5.670744,0
1,2017,12,1,2,2,0,0,8.262545,0
1,2017,12,1,2,3,0,0,9.049067,0
1,2017,12,1,3,0,0,0,14.03599,0
1,2017,12,1,3,1,0,0,14.476692,0
1,2017,12,1,3,2,0,0,13.427997,0
1,2017,12,1,3,3,0,0,5.116458,0
1,2017,12,1,4,0,0,0,8.980833,0
1,2017,12,1,4,1,0,0,11.557083,0
1,2017,12,1,4,2,0,0,14.22375,0
1,2017,12,1,4,3,0,0,13.425278,0
1,2017,12,1,5,0,0,0,6.005347,0
1,2017,12,1,5,1,0,0,5.116458,0
1,2017,12,1,5,2,0,0,5.116458,0
1,2017,12,1,5,3,0,0,5.116458,0
1,2017,12,1,6,0,0,0,5.116458,0
1,2017,12,1,6,1,0,0,5.545918,0
1,2017,12,1,6,2,0,0,14.206812,0
1,2017,12,1,6,3,0,0,14.931328,0
1,2017,12,1,7,0,0,0,6.990694,0
1,2017,12,1,7,1,0,0,5.059444,0
1,2017,12,1,7,2,0,0,4.479651,0
1,2017,12,1,7,3,0,0,11.720531,0
1,2017,12,1,8,0,0,0,12.988695,0
1,2017,12,1,8,1,0,0,6.70761,0
1,2017,12,1,8,2,0,0,12.364395,0
1,2017,12,1,8,3,0,0,6.735065,0
1,2017,12,1,9,0,0,0,11.03141,0
1,2017,12,1,9,1,0,0,12.551555,0
1,2017,12,1,9,2,0,0,23.244536,0
1,2017,12,1,9,3,0,0,24.562276,0
1,2017,12,1,10,0,0,0,21.257607,0
1,2017,12,1,10,1,0,0,15.065774,0
1,2017,12,1,10,2,0,0,20.082764,0
1,2017,12,1,10,3,0,0,19.123067,0
1,2017,12,1,11,0,0,0,12.262444,0
1,2017,12,1,11,1,0,0,9.510479,0
1,2017,12,1,11,2,0,0,8.075893,0
1,2017,12,1,11,3,0,0,3.002422,0
1,2017,12,2,0,0,0,0,6.76311,0
1,2017,12,2,0,1,0,0,14.610725,0
1,2017,12,2,0,2,0,0,9.515469,0
1,2017,12,2,0,3,0,0,16.431609,0
1,2017,12,2,1,0,0,0,11.03644,0
1,2017,12,2,1,1,0,0,10.10955,0
1,2017,12,2,1,2,0,0,18.745105,0
1,2017,12,2,1,3,0,0,12.13527,0
1,2017,12,2,2,0,0,0,10.1277,0
1,2017,12,2,2,1,0,0,15.968748,0
1,2017,12,2,2,2,0,0,5.600634,0
1,2017,12,2,2,3,0,0,8.520716,0
1,2017,12,2,3,0,0,0,9.310817,0
1,2017,12,2,3,1,0,0,7.540375,0
1,2017,12,2,3,2,0,0,11.519913,0
1,2017,12,2,3,3,0,0,13.719018,0
1,2017,12,2,4,0,0,0,13.887444,0
1,2017,12,2,4,1,0,0,15.051272,0
1,2017,12,2,4,2,0,0,15.791724,0
1,2017,12,2,4,3,0,0,19.268931,0
1,2017,12,2,5,0,0,0,10.110221,0
1,2017,12,2,5,1,0,0,6.058456,0
1,2017,12,2,5,2,0,0,1.231915,0
1,2017,12,2,5,3,0,0,3.142151,0
1,2017,12,2,6,0,0,0,5.051242,0
1,2017,12,2,6,1,0,0,3.142151,0
1,2017,12,2,6,2,0,0,0.278515,0
1,2017,12,2,6,3,0,0,0.278515,0
1,2017,12,2,7,0,0,0,6.456844,0
1,2017,12,2,7,1,0,0,9.698592,0
1,2017,12,2,7,2,0,0,8.5272,0
1,2017,12,2,7,3,0,0,8.885693,0
1,2017,12,2,8,0,0,0,6.594119,0
1,2017,12,2,8,1,0,0,3.596387,0
1,2017,12,2,8,2,0,0,4.706223,0
1,2017,12,2,8,3,0,0,2.013269,0
1,2017,12,2,9,0,0,0,3.381841,0
1,2017,12,2,9,1,0,0,6.61692,0
1,2017,12,2,9,2,0,0,12.048887,0
1,2017,12,2,9,3,0,0,10.268297,0
1,2017,12,2,10,0,0,0,10.35549,0
1,2017,12,2,10,1,0,0,14.288324,0
1,2017,12,2,10,2,0,0,12.48663,0
1,2017,12,2,10,3,0,0,10.731462,0
1,2017,12,2,11,0,0,0,14.271939,0
1,2017,12,2,11,1,0,0,17.026059,0
1,2017,12,2,11,2,0,0,21.037476,0
1,2017,12,2,11,3,0,0,23.182687,0
1,2017,12,2,12,0,0,0,33.818292,0
1,2017,12,2,12,1,0,0,20.478012,0
1,2017,12,2,12,2,0,0,11.991138,0
1,2017,12,2,12,3,0,0,16.594972,0
1,2017,12,2,13,0,0,0,15.291797,0
1,2017,12,2,13,1,0,0,22.213586,0
1,2017,12,2,13,2,0,0,20.476942,0
1,2017,12,2,13,3,0,0,25.414201,0
1,2017,12,2,14,0,0,0,18.396058,0
1,2017,12,2,14,1,0,0,13.529028,0
1,2017,12,2,14,2,0,0,26.776044,0
1,2017,12,2,14,3,0,0,29.144234,0
1,2017,12,2,15,0,0,0,28.204002,0
1,2017,12,2,15,1,0,0,21.867808,0
1,2017,12,2,15,2,0,0,25.258214,0
1,2017,12,2,15,3,0,0,26.781286,0
1,2017,12,2,16,0,0,0,29.617941,0
1,2017,12,2,16,1,0,0,30.031633,0
1,2017,12,2,16,2,0,0,16.134885,0
1,2017,12,2,16,3,0,0,12.737327,0
1,2017,12,2,17,0,0,0,12.168048,0
1,2017,12,2,17,1,0,0,10.689916,0
1,2017,12,2,17,2,0,0,17.127267,0
1,2017,12,2,17,3,0,0,19.129246,0
1,2017,12,2,18,0,0,0,12.544761,0
1,2017,12,2,18,1,0,0,16.985689,0
1,2017,12,2,18,2,0,0,16.840145,0
1,2017,12,2,18,3,0,0,21.71092,0
1,2017,12,2,19,0,0,0,15.555053,0
1,2017,12,2,19,1,0,0,25.9692,0
1,2017,12,2,19,2,0,0,28.035921,0
1,2017,12,2,19,3,0,0,7.150094,0
1,2017,12,2,20,0,0,0,3.619681,0
1,2017,12,2,20,1,0,0,7.819294,0
1,2017,12,2,20,2,0,0,13.26913,0
1,2017,12,2,20,3,0,0,24.419042,0
1,2017,12,2,21,0,0,0,23.488728,0
1,2017,12,2,21,1,0,0,24.852595,0
1,2017,12,2,21,2,0,0,25.586779,0
1,2017,12,2,21,3,0,0,16.010981,0
1,2017,12,2,22,0,0,0,24.779054,0
1,2017,12,2,22,1,0,0,22.133777,0
1,2017,12,2,22,2,0,0,16.617041,0
1,2017,12,2,22,3,0,0,17.029412,0
1,2017,12,2,23,0,0,0,18.465096,0
1,2017,12,2,23,1,0,0,11.290718,0
1,2017,12,2,23,2,0,0,22.445316,0
1,2017,12,2,23,3,0,0,13.855367,0
1,2017,12,3,0,0,0,0,20.909375,0
1,2017,12,3,0,1,0,0,17.700705,0
1,2017,12,3,0,2,0,0,27.959989,0
1,2017,12,3,0,3,0,0,26.705325,0
1,2017,12,3,1,0,0,0,26.076446,0
1,2017,12,3,1,1,0,0,26.727239,0
1,2017,12,3,1,2,0,0,27.355793,0
1,2017,12,3,1,3,0,0,25.528411,0
1,2017,12,3,2,0,0,0,16.732231,0
1,2017,12,3,2,1,0,0,15.653475,0
1,2017,12,3,2,2,0,0,17.57601,0
1,2017,12,3,2,3,0,0,17.298459,0
1,2017,12,3,3,0,0,0,20.243966,0
1,2017,12,3,3,1,0,0,18.225936,0
1,2017,12,3,3,2,0,0,17.714136,0
1,2017,12,3,3,3,0,0,25.426452,0
1,2017,12,3,4,0,0,0,15.799812,0
1,2017,12,3,4,1,0,0,26.318019,0
1,2017,12,3,4,2,0,0,34.325291,0
1,2017,12,3,4,3,0,0,18.119711,0
1,2017,12,3,5,0,0,0,20.340676,0
1,2017,12,3,5,1,0,0,14.323483,0
1,2017,12,3,5,2,0,0,4.54765,0
1,2017,12,3,5,3,0,0,4.54765,0
1,2017,12,3,6,0,0,0,8.090816,0
1,2017,12,3,6,1,0,0,8.744558,0
1,2017,12,3,6,2,0,0,6.874821,0
1,2017,12,3,6,3,0,0,3.360433,0
1,2017,12,3,7,0,0,0,3.17324,0
1,2017,12,3,7,1,0,0,3.17324,0
1,2017,12,3,7,2,0,0,2.742334,0
1,2017,12,3,7,3,0,0,3.905821,0
1,2017,12,3,8,0,0,0,6.859662,0
1,2017,12,3,8,1,0,0,7.040742,0
1,2017,12,3,8,2,0,0,11.93847,0
1,2017,12,3,8,3,0,0,10.228915,0
1,2017,12,3,9,0,0,0,11.895221,0
1,2017,12,3,9,1,0,0,14.163327,0
1,2017,12,3,9,2,0,0,10.283858,0
1,2017,12,3,9,3,0,0,7.986983,0
1,2017,12,3,10,0,0,0,8.00979,0
1,2017,12,3,10,1,0,0,8.062895,0
1,2017,12,3,10,2,0,0,8.937083,0
1,2017,12,3,10,3,0,0,12.736121,0
1,2017,12,3,11,0,0,0,10.015017,0
1,2017,12,3,11,1,0,0,8.717276,0
1,2017,12,3,11,2,0,0,9.428484,0
1,2017,12,3,11,3,0,0,11.039323,0
1,2017,12,3,12,0,0,0,6.69267,0
1,2017,12,3,12,1,0,0,15.662729,0
1,2017,12,3,12,2,0,0,18.011596,0
1,2017,12,3,12,3,0,0,20.471829,0
1,2017,12,3,13,0,0,0,15.591998,0
1,2017,12,3,13,1,0,0,12.495927,0
1,2017,12,3,13,2,0,0,25.636315,0
1,2017,12,3,13,3,0,0,24.538075,0
1,2017,12,3,14,0,0,0,17.136946,0
1,2017,12,3,14,1,0,0,12.947546,0
1,2017,12,3,14,2,0,0,16.035223,0
1,2017,12,3,14,3,0,0,23.664005,0
1,2017,12,3,15,0,0,0,19.658266,0
1,2017,12,3,15,1,0,0,17.968506,0
1,2017,12,3,15,2,0,0,24.622019,0
1,2017,12,3,15,3,0,0,21.902523,0
1,2017,12,3,16,0,0,0,12.346277,0
1,2017,12,3,16,1,0,0,19.077629,0
1,2017,12,3,16,2,0,0,18.756502,0
1,2017,12,3,16,3,0,0,20.912154,0
1,2017,12,3,17,0,0,0,27.540582,0
1,2017,12,3,17,1,0,0,17.45068,0
1,2017,12,3,17,2,0,0,18.369116,0
1,2017,12,3,17,3,0,0,23.940858,0
1,2017,12,3,18,0,0,0,18.00795,0
1,2017,12,3,18,1,0,0,15.159482,0
1,2017,12,3,18,2,0,0,16.875376,0
1,2017,12,3,18,3,0,0,16.06204,0
1,2017,12,3,19,0,0,0,21.329748,0
1,2017,12,3,19,1,0,0,19.258981,0
1,2017,12,3,19,2,0,0,19.357816,0
1,2017,12,3,19,3,0,0,11.542597,0
1,2017,12,3,20,0,0,0,16.39909,0
1,2017,12,3,20,1,0,0,26.001174,0
1,2017,12,3,20,2,0,0,18.905471,0
1,2017,12,3,20,3,0,0,18.976474,0
1,2017,12,3,21,0,0,0,22.276036,0
1,2017,12,3,21,1,0,0,23.153364,0
1,2017,12,3,21,2,0,0,21.670856,0
1,2017,12,3,21,3,0,0,24.07516,0
1,2017,12,3,22,0,0,0,22.520609,0
1,2017,12,3,22,1,0,0,23.234066,0
1,2017,12,3,22,2,0,0,24.736881,0
1,2017,12,3,22,3,0,0,17.137875,0
1,2017,12,3,23,0,0,0,17.617514,0
1,2017,12,3,23,1,0,0,18.781726,0
1,2017,12,3,23,2,0,0,14.052053,0
1,2017,12,3,23,3,0,0,13.063515,0
1,2017,12,4,0,0,0,0,14.759839,0
1,2017,12,4,0,1,0,0,18.557354,0
1,2017,12,4,0,2,0,0,14.713136,0
1,2017,12,4,0,3,0,0,15.184056,0
1,2017,12,4,1,0,0,0,3.12105,0
1,2017,12,4,1,1,0,0,5.24105,0
1,2017,12,4,1,2,0,0,9.022618,0
1,2017,12,4,1,3,0,0,9.752814,0
1,2017,12,4,2,0,0,0,8.343381,0
1,2017,12,4,2,1,0,0,12.96206,0
1,2017,12,4,2,2,0,0,12.107807,0
1,2017,12,4,2,3,0,0,10.220703,0
1,2017,12,4,3,0,0,0,10.163617,0
1,2017,12,4,3,1,0,0,5.085398,0
1,2017,12,4,3,2,0,0,3.12105,0
1,2017,12,4,3,3,0,0,3.12105,0
1,2017,12,4,4,0,0,0,3.12105,0
1,2017,12,4,4,1,0,0,3.12105,0
1,2017,12,4,4,2,0,0,3.12105,0
1,2017,12,4,4,3,0,0,3.12105,0
1,2017,12,4,5,0,0,0,3.12105,0
1,2017,12,4,5,1,0,0,3.12105,0
1,2017,12,4,5,2,0,0,3.12105,0
1,2017,12,4,5,3,0,0,7.645533,0
1,2017,12,4,6,0,0,0,10.035188,0
1,2017,12,4,6,1,0,0,5.112429,0
1,2017,12,4,6,2,0,0,5.40105,0
1,2017,12,4,6,3,0,0,3.819019,0
1,2017,12,4,7,0,0,0,3.915458,0
1,2017,12,4,7,1,0,0,12.322388,0
1,2017,12,4,7,2,0,0,7.077519,0
1,2017,12,4,7,3,0,0,6.252356,0
1,2017,12,4,8,0,0,0,6.332418,0
1,2017,12,4,8,1,0,0,8.192418,0
1,2017,12,4,8,2,0,0,5.870426,0
1,2017,12,4,8,3,0,0,5.870426,0
1,2017,12,4,9,0,0,0,11.993631,0
1,2017,12,4,9,1,0,0,14.148778,0
1,2017,12,4,9,2,0,0,14.376195,0
1,2017,12,4,9,3,0,0,22.868516,0
1,2017,12,4,10,0,0,0,11.001836,0
1,2017,12,4,10,1,0,0,14.671386,0
1,2017,12,4,10,2,0,0,15.610694,0
1,2017,12,4,10,3,0,0,20.867764,0
1,2017,12,4,11,0,0,0,29.129273,0
1,2017,12,4,11,1,0,0,25.71579,0
1,2017,12,4,11,2,0,0,18.880037,0
1,2017,12,4,11,3,0,0,25.894477,0
1,2017,12,4,12,0,0,0,25.124286,0
1,2017,12,4,12,1,0,0,16.992008,0
1,2017,12,4,12,2,0,0,18.491801,0
1,2017,12,4,12,3,0,0,23.945582,0
1,2017,12,4,13,0,0,0,23.107205,0
1,2017,12,4,13,1,0,0,30.001504,0
1,2017,12,4,13,2,0,0,18.206177,0
1,2017,12,4,13,3,0,0,25.452848,0
1,2017,12,4,14,0,0,0,24.889411,0
1,2017,12,4,14,1,0,0,25.19207,0
1,2017,12,4,14,2,0,0,36.667415,0
1,2017,12,4,14,3,0,0,15.703666,0
1,2017,12,4,15,0,0,0,17.80575,0
1,2017,12,4,15,1,0,0,12.986565,0
1,2017,12,4,15,2,0,0,20.8302,0
1,2017,12,4,15,3,0,0,20.437787,0
1,2017,12,4,16,0,0,0,19.085547,0
1,2017,12,4,16,1,0,0,24.926183,0
1,2017,12,4,16,2,0,0,15.818078,0
1,2017,12,4,16,3,0,0,9.77479,0
1,2017,12,4,17,0,0,0,14.101771,0
1,2017,12,4,17,1,0,0,9.411392,0
1,2017,12,4,17,2,0,0,10.57028,0
1,2017,12,4,17,3,0,0,12.903649,0
1,2017,12,4,18,0,0,0,11.389673,0
1,2017,12,4,18,1,0,0,19.388804,0
1,2017,12,4,18,2,0,0,20.064777,0
1,2017,12,4,18,3,0,0,20.90412,0
1,2017,12,4,19,0,0,0,21.606088,0
1,2017,12,4,19,1,0,0,13.272231,0
1,2017,12,4,19,2,0,0,9.242765,0
1,2017,12,4,19,3,0,0,12.284996,0
1,2017,12,4,20,0,0,0,23.991773,0
1,2017,12,4,20,1,0,0,13.408964,0
1,2017,12,4,20,2,0,0,10.42409,0
1,2017,12,4,20,3,0,0,13.451218,0
1,2017,12,4,21,0,0,0,16.698478,0
1,2017,12,4,21,1,0,0,14.499023,0
1,2017,12,4,21,2,0,0,6.352182,0
1,2017,12,4,21,3,0,0,5.816519,0
1,2017,12,4,22,0,0,0,8.736712,0
1,2017,12,4,22,1,0,0,15.208101,0
1,2017,12,4,22,2,0,0,13.463312,0
1,2017,12,4,22,3,0,0,7.475557,0
1,2017,12,4,23,0,0,0,26.314543,0
1,2017,12,4,23,1,0,0,19.439229,0
1,2017,12,4,23,2,0,0,18.873991,0
1,2017,12,4,23,3,0,0,8.978165,0
1,2017,12,5,0,0,0,0,9.595303,0
1,2017,12,5,0,1,0,0,5.912386,0
1,2017,12,5,0,2,0,0,4.069053,0
1,2017,12,5,0,3,0,0,6.125417,0
1,2017,12,5,1,0,0,0,18.294011,0
1,2017,12,5,1,1,0,0,12.443128,0
1,2017,12,5,1,2,0,0,14.470855,0
1,2017,12,5,1,3,0,0,6.514685,0
1,2017,12,5,2,0,0,0,4.466813,0
1,2017,12,5,2,1,0,0,4.466813,0
1,2017,12,5,2,2,0,0,4.466813,0
1,2017,12,5,2,3,0,0,8.070449,0
1,2017,12,5,3,0,0,0,11.089572,0
1,2017,12,5,3,1,0,0,9.798988,0
1,2017,12,5,3,2,0,0,5.408241,0
1,2017,12,5,3,3,0,0,4.466813,0
1,2017,12,5,4,0,0,0,4.466813,0
1,2017,12,5,4,1,0,0,4.466813,0
1,2017,12,5,4,2,0,0,4.466813,0
1,2017,12,5,4,3,0,0,4.466813,0
1,2017,12,5,5,0,0,0,6.181722,0
1,2017,12,5,5,1,0,0,7.324994,0
1,2017,12,5,5,2,0,0,7.324994,0
1,2017,12,5,5,3,0,0,7.324994,0
1,2017,12,5,6,0,0,0,4.657358,0
1,2017,12,5,6,1,0,0,5.819994,0
1,2017,12,5,6,2,0,0,5.403631,0
1,2017,12,5,6,3,0,0,7.561575,0
1,2017,12,5,7,0,0,0,10.226778,0
1,2017,12,5,7,1,0,0,10.32906,0
1,2017,12,5,7,2,0,0,7.477123,0
1,2017,12,5,7,3,0,0,12.517366,0
1,2017,12,5,8,0,0,0,16.924276,0
1,2017,12,5,8,1,0,0,11.349325,0
1,2017,12,5,8,2,0,0,8.068035,0
1,2017,12,5,8,3,0,0,8.36651,0
1,2017,12,5,9,0,0,0,12.964551,0
1,2017,12,5,9,1,0,0,15.402127,0
1,2017,12,5,9,2,0,0,14.187032,0
1,2017,12,5,9,3,0,0,13.212111,0
1,2017,12,5,10,0,0,0,17.796027,0
1,2017,12,5,10,1,0,0,19.888913,0
1,2017,12,5,10,2,0,0,17.722752,0
1,2017,12,5,10,3,0,0,23.266307,0
1,2017,12,5,11,0,0,0,13.458014,0
1,2017,12,5,11,1,0,0,21.438032,0
1,2017,12,5,11,2,0,0,19.954811,0
1,2017,12,5,11,3,0,0,15.914494,0
1,2017,12,5,12,0,0,0,19.704884,0
1,2017,12,5,12,1,0,0,19.157778,0
1,2017,12,5,12,2,0,0,17.862176,0
1,2017,12,5,12,3,0,0,29.971343,0
1,2017,12,5,13,0,0,0,25.388306,0
1,2017,12,5,13,1,0,0,26.907454,0
1,2017,12,5,13,2,0,0,24.475521,0
1,2017,12,5,13,3,0,0,21.731917,0
1,2017,12,5,14,0,0,0,25.724298,0
1,2017,12,5,14,1,0,0,25.38592,0
1,2017,12,5,14,2,0,0,21.733859,0
1,2017,12,5,14,3,0,0,23.569007,0
1,2017,12,5,15,0,0,0,24.60221,0
1,2017,12,5,15,1,0,0,21.892252,0
1,2017,12,5,15,2,0,0,21.072436,0
1,2017,12,5,15,3,0,0,17.88103,0
1,2017,12,5,16,0,0,0,29.546737,0
1,2017,12,5,16,1,0,0,21.058414,0
1,2017,12,5,16,2,0,0,15.503183,0
1,2017,12,5,16,3,0,0,24.389398,0
1,2017,12,5,17,0,0,0,21.250848,0
1,2017,12,5,17,1,0,0,15.405106,0
1,2017,12,5,17,2,0,0,12.594049,0
1,2017,12,5,17,3,0,0,21.345915,0
1,2017,12,5,18,0,0,0,24.485535,0
1,2017,12,5,18,1,0,0,12.313637,0
1,2017,12,5,18,2,0,0,8.359985,0
1,2017,12,5,18,3,0,0,13.530649,0
1,2017,12,5,19,0,0,0,15.214444,0
1,2017,12,5,19,1,0,0,12.651621,0
1,2017,12,5,19,2,0,0,32.761717,0
1,2017,12,5,19,3,0,0,32.599318,0
1,2017,12,5,20,0,0,0,34.925774,0
1,2017,12,5,20,1,0,0,21.357674,0
1,2017,12,5,20,2,0,0,22.68497,0
1,2017,12,5,20,3,0,0,22.268168,0
1,2017,12,5,21,0,0,0,25.942207,0
1,2017,12,5,21,1,0,0,33.567604,0
1,2017,12,5,21,2,0,0,33.23407,0
1,2017,12,5,21,3,0,0,20.103796,0
1,2017,12,5,22,0,0,0,16.016378,0
1,2017,12,5,22,1,0,0,14.588517,0
1,2017,12,5,22,2,0,0,10.167748,0
1,2017,12,5,22,3,0,0,14.145748,0
1,2017,12,5,23,0,0,0,16.838303,0
1,2017,12,5,23,1,0,0,21.572075,0
1,2017,12,5,23,2,0,0,18.786965,0
1,2017,12,5,23,3,0,0,25.203121,0
1,2017,12,6,0,0,0,0,16.142743,0
1,2017,12,6,0,1,0,0,18.971003,0
1,2017,12,6,0,2,0,0,17.490003,0
1,2017,12,6,0,3,0,0,11.257638,0
1,2017,12,6,1,0,0,0,25.081451,0
1,2017,12,6,1,1,0,0,11.700544,0
1,2017,12,6,1,2,0,0,9.310886,0
1,2017,12,6,1,3,0,0,6.586136,0
1,2017,12,6,2,0,0,0,6.586136,0
1,2017,12,6,2,1,0,0,6.586136,0
1,2017,12,6,2,2,0,0,7.927045,0
1,2017,12,6,2,3,0,0,10.608863,0
1,2017,12,6,3,0,0,0,7.122499,0
1,2017,12,6,3,1,0,0,6.586136,0
1,2017,12,6,3,2,0,0,6.586136,0
1,2017,12,6,3,3,0,0,7.221969,0
1,2017,12,6,4,0,0,0,16.123636,0
1,2017,12,6,4,1,0,0,12.64804,0
1,2017,12,6,4,2,0,0,13.900421,0
1,2017,12,6,4,3,0,0,8.536612,0
1,2017,12,6,5,0,0,0,6.586136,0
1,2017,12,6,5,1,0,0,6.586136,0
1,2017,12,6,5,2,0,0,6.586136,0
1,2017,12,6,5,3,0,0,6.491086,0
1,2017,12,6,6,0,0,0,5.908312,0
1,2017,12,6,6,1,0,0,5.908312,0
1,2017,12,6,6,2,0,0,5.908312,0
1,2017,12,6,6,3,0,0,7.453653,0
1,2017,12,6,7,0,0,0,12.552375,0
1,2017,12,6,7,1,0,0,10.939,0
1,2017,12,6,7,2,0,0,19.205659,0
1,2017,12,6,7,3,0,0,18.944417,0
1,2017,12,6,8,0,0,0,15.844233,0
1,2017,12,6,8,1,0,0,22.523515,0
1,2017,12,6,8,2,0,0,17.383874,0
1,2017,12,6,8,3,0,0,18.535327,0
1,2017,12,6,9,0,0,0,11.029867,0
1,2017,12,6,9,1,0,0,20.843199,0
1,2017,12,6,9,2,0,0,29.544414,0
1,2017,12,6,9,3,0,0,35.772651,0
1,2017,12,6,10,0,0,0,32.404228,0
1,2017,12,6,10,1,0,0,25.532359,0
1,2017,12,6,10,2,0,0,26.041316,0
1,2017,12,6,10,3,0,0,26.038963,0
1,2017,12,6,11,0,0,0,22.051455,0
1,2017,12,6,11,1,0,0,28.096736,0
1,2017,12,6,11,2,0,0,26.643319,0
1,2017,12,6,11,3,0,0,30.279031,0
1,2017,12,6,12,0,0,0,28.96329,0
1,2017,12,6,12,1,0,0,42.916916,0
1,2017,12,6,12,2,0,0,43.858399,0
1,2017,12,6,12,3,0,0,31.775364,0
1,2017,12,6,13,0,0,0,17.527388,0
1,2017,12,6,13,1,0,0,17.031559,0
1,2017,12,6,13,2,0,0,18.739423,0
1,2017,12,6,13,3,0,0,18.79555,0
1,2017,12,6,14,0,0,0,30.945264,0
1,2017,12,6,14,1,0,0,32.960219,0
1,2017,12,6,14,2,0,0,16.675662,0
1,2017,12,6,14,3,0,0,12.819621,0
1,2017,12,6,15,0,0,0,10.847106,0
1,2017,12,6,15,1,0,0,13.842251,0
1,2017,12,6,15,2,0,0,27.059404,0
1,2017,12,6,15,3,0,0,23.982469,0
1,2017,12,6,16,0,0,0,22.182779,0
1,2017,12,6,16,1,0,0,18.285249,0
1,2017,12,6,16,2,0,0,16.342128,0
1,2017,12,6,16,3,0,0,19.123691,0
1,2017,12,6,17,0,0,0,14.819402,0
1,2017,12,6,17,1,0,0,15.422325,0
1,2017,12,6,17,2,0,0,23.972418,0
1,2017,12,6,17,3,0,0,21.251346,0
1,2017,12,6,18,0,0,0,13.288907,0
1,2017,12,6,18,1,0,0,23.459489,0
1,2017,12,6,18,2,0,0,19.479326,0
1,2017,12,6,18,3,0,0,18.5782,0
1,2017,12,6,19,0,0,0,17.272944,0
1,2017,12,6,19,1,0,0,10.229451,0
1,2017,12,6,19,2,0,0,19.646132,0
1,2017,12,6,19,3,0,0,15.980546,0
1,2017,12,6,20,0,0,0,6.912432,0
1,2017,12,6,20,1,0,0,18.544104,0
1,2017,12,6,20,2,0,0,21.43395,0
1,2017,12,6,20,3,0,0,20.515552,0
1,2017,12,6,21,0,0,0,14.862038,0
1,2017,12,6,21,1,0,0,4.042922,0
1,2017,12,6,21,2,0,0,10.318765,0
1,2017,12,6,21,3,0,0,26.194431,0
1,2017,12,6,22,0,0,0,9.867364,0
1,2017,12,6,22,1,0,0,14.558269,0
1,2017,12,6,22,2,0,0,10.073101,0
1,2017,12,6,22,3,0,0,8.205275,0
1,2017,12,6,23,0,0,0,4.893275,0
1,2017,12,6,23,1,0,0,8.524585,0
1,2017,12,6,23,2,0,0,11.49936,0
1,2017,12,6,23,3,0,0,4.254115,0
1,2017,12,7,0,0,0,0,4.254115,0
1,2017,12,7,0,1,0,0,16.404115,0
1,2017,12,7,0,2,0,0,9.771715,0
1,2017,12,7,0,3,0,0,21.026515,0
1,2017,12,7,1,0,0,0,24.827395,0
1,2017,12,7,1,1,0,0,23.641482,0
1,2017,12,7,1,2,0,0,8.543466,0
1,2017,12,7,1,3,0,0,6.444115,0
1,2017,12,7,2,0,0,0,10.824115,0
1,2017,12,7,2,1,0,0,9.104115,0
1,2017,12,7,2,2,0,0,10.254948,0
1,2017,12,7,2,3,0,0,14.474948,0
1,2017,12,7,3,0,0,0,8.342448,0
1,2017,12,7,3,1,0,0,4.254115,0
1,2017,12,7,3,2,0,0,4.254115,0
1,2017,12,7,3,3,0,0,4.254115,0
1,2017,12,7,4,0,0,0,4.254115,0
1,2017,12,7,4,1,0,0,4.254115,0
1,2017,12,7,4,2,0,0,4.254115,0
1,2017,12,7,4,3,0,0,4.254115,0
1,2017,12,7,5,0,0,0,4.524378,0
1,2017,12,7,5,1,0,0,8.308062,0
1,2017,12,7,5,2,0,0,8.308062,0
1,2017,12,7,5,3,0,0,6.145957,0
1,2017,12,7,6,0,0,0,4.671198,0
1,2017,12,7,6,1,0,0,13.042031,0
1,2017,12,7,6,2,0,0,12.318698,0
1,2017,12,7,6,3,0,0,13.623574,0
1,2017,12,7,7,0,0,0,12.230541,0
1,2017,12,7,7,1,0,0,8.30575,0
1,2017,12,7,7,2,0,0,4.171023,0
1,2017,12,7,7,3,0,0,5.273164,0
1,2017,12,7,8,0,0,0,5.481848,0
1,2017,12,7,8,1,0,0,6.297972,0
1,2017,12,7,8,2,0,0,12.171739,0
1,2017,12,7,8,3,0,0,14.891476,0
1,2017,12,7,9,0,0,0,12.305085,0
1,2017,12,7,9,1,0,0,17.448581,0
1,2017,12,7,9,2,0,0,21.182611,0
1,2017,12,7,9,3,0,0,21.430537,0
1,2017,12,7,10,0,0,0,33.644036,0
1,2017,12,7,10,1,0,0,38.567644,0
1,2017,12,7,10,2,0,0,26.819508,0
1,2017,12,7,10,3,0,0,28.018252,0
1,2017,12,7,11,0,0,0,26.724347,0
1,2017,12,7,11,1,0,0,14.58711,0
1,2017,12,7,11,2,0,0,15.113794,0
1,2017,12,7,11,3,0,0,15.972951,0
1,2017,12,7,12,0,0,0,23.509222,0
1,2017,12,7,12,1,0,0,21.211599,0
1,2017,12,7,12,2,0,0,24.58452,0
1,2017,12,7,12,3,0,0,22.192496,0
1,2017,12,7,13,0,0,0,24.147392,0
1,2017,12,7,13,1,0,0,23.113819,0
1,2017,12,7,13,2,0,0,16.231648,0
1,2017,12,7,13,3,0,0,18.785173,0
1,2017,12,7,14,0,0,0,12.005581,0
1,2017,12,7,14,1,0,0,11.327088,0
1,2017,12,7,14,2,0,0,14.585935,0
1,2017,12,7,14,3,0,0,18.149997,0
1,2017,12,7,15,0,0,0,16.832158,0
1,2017,12,7,15,1,0,0,12.475665,0
1,2017,12,7,15,2,0,0,14.326023,0
1,2017,12,7,15,3,0,0,19.574455,0
1,2017,12,7,16,0,0,0,27.459336,0
1,2017,12,7,16,1,0,0,27.60822,0
1,2017,12,7,16,2,0,0,24.00532,0
1,2017,12,7,16,3,0,0,19.064692,0
1,2017,12,7,17,0,0,0,25.608539,0
1,2017,12,7,17,1,0,0,31.350289,0
1,2017,12,7,17,2,0,0,14.212395,0
1,2017,12,7,17,3,0,0,15.926106,0
1,2017,12,7,18,0,0,0,14.529594,0
1,2017,12,7,18,1,0,0,27.202166,0
1,2017,12,7,18,2,0,0,26.515532,0
1,2017,12,7,18,3,0,0,23.519359,0
1,2017,12,7,19,0,0,0,29.463758,0
1,2017,12,7,19,1,0,0,30.707899,0
1,2017,12,7,19,2,0,0,20.110421,0
1,2017,12,7,19,3,0,0,19.02062,0
1,2017,12,7,20,0,0,0,18.680368,0
1,2017,12,7,20,1,0,0,25.210641,0
1,2017,12,7,20,2,0,0,19.801571,0
1,2017,12,7,20,3,0,0,9.730742,0
1,2017,12,7,21,0,0,0,8.186091,0
1,2017,12,7,21,1,0,0,26.437322,0
1,2017,12,7,21,2,0,0,18.719951,0
1,2017,12,7,21,3,0,0,22.183398,0
1,2017,12,7,22,0,0,0,22.135214,0
1,2017,12,7,22,1,0,0,20.532714,0
1,2017,12,7,22,2,0,0,24.077047,0
1,2017,12,7,22,3,0,0,24.900199,0
1,2017,12,7,23,0,0,0,24.720292,0
1,2017,12,7,23,1,0,0,21.580852,0
1,2017,12,7,23,2,0,0,10.351199,0
1,2017,12,7,23,3,0,0,6.625864,0
1,2017,12,8,0,0,0,0,6.980216,0
1,2017,12,8,0,1,0,0,9.044288,0
1,2017,12,8,0,2,0,0,5.646788,0
1,2017,12,8,0,3,0,0,5.646788,0
1,2017,12,8,1,0,0,0,6.572875,0
1,2017,12,8,1,1,0,0,10.277223,0
1,2017,12,8,1,2,0,0,7.190267,0
1,2017,12,8,1,3,0,0,11.179011,0
1,2017,12,8,2,0,0,0,16.029914,0
1,2017,12,8,2,1,0,0,14.600454,0
1,2017,12,8,2,2,0,0,7.41601,0
1,2017,12,8,2,3,0,0,6.47101,0
1,2017,12,8,3,0,0,0,7.980659,0
1,2017,12,8,3,1,0,0,10.999957,0
1,2017,12,8,3,2,0,0,10.999957,0
1,2017,12,8,3,3,0,0,11.771957,0
1,2017,12,8,4,0,0,0,12.444519,0
1,2017,12,8,4,1,0,0,10.33101,0
1,2017,12,8,4,2,0,0,10.33101,0
1,2017,12,8,4,3,0,0,9.55901,0
1,2017,12,8,5,0,0,0,6.47101,0
1,2017,12,8,5,1,0,0,6.47101,0
1,2017,12,8,5,2,0,0,6.47101,0
1,2017,12,8,5,3,0,0,6.47101,0
1,2017,12,8,6,0,0,0,11.79601,0
1,2017,12,8,6,1,0,0,6.47101,0
1,2017,12,8,6,2,0,0,6.47101,0
1,2017,12,8,6,3,0,0,6.229073,0
1,2017,12,8,7,0,0,0,6.050142,0
1,2017,12,8,7,1,0,0,10.985393,0
1,2017,12,8,7,2,0,0,13.630946,0
1,2017,12,8,7,3,0,0,12.240451,0
1,2017,12,8,8,0,0,0,12.126301,0
1,2017,12,8,8,1,0,0,13.835363,0
1,2017,12,8,8,2,0,0,19.525464,0
1,2017,12,8,8,3,0,0,19.440476,0
1,2017,12,8,9,0,0,0,16.444398,0
1,2017,12,8,9,1,0,0,15.650055,0
1,2017,12,8,9,2,0,0,17.39467,0
1,2017,12,8,9,3,0,0,20.684342,0
1,2017,12,8,10,0,0,0,32.193729,0
1,2017,12,8,10,1,0,0,31.866896,0
1,2017,12,8,10,2,0,0,12.979311,0
1,2017,12,8,10,3,0,0,15.417473,0
1,2017,12,8,11,0,0,0,14.963962,0
1,2017,12,8,11,1,0,0,16.385262,0
1,2017,12,8,11,2,0,0,14.179844,0
1,2017,12,8,11,3,0,0,14.277313,0
1,2017,12,8,12,0,0,0,21.766503,0
1,2017,12,8,12,1,0,0,27.899408,0
1,2017,12,8,12,2,0,0,20.851898,0
1,2017,12,8,12,3,0,0,30.498017,0
1,2017,12,8,13,0,0,0,34.732913,0
1,2017,12,8,13,1,0,0,30.427291,0
1,2017,12,8,13,2,0,0,27.551778,0
1,2017,12,8,13,3,0,0,23.076049,0
1,2017,12,8,14,0,0,0,20.710998,0
1,2017,12,8,14,1,0,0,18.391008,0
1,2017,12,8,14,2,0,0,27.141739,0
1,2017,12,8,14,3,0,0,32.611707,0
1,2017,12,8,15,0,0,0,26.140016,0
1,2017,12,8,15,1,0,0,23.323874,0
1,2017,12,8,15,2,0,0,18.83075,0
1,2017,12,8,15,3,0,0,11.310496,0
1,2017,12,8,16,0,0,0,12.308963,0
1,2017,12,8,16,1,0,0,22.574177,0
1,2017,12,8,16,2,0,0,22.179074,0
1,2017,12,8,16,3,0,0,22.118163,0
1,2017,12,8,17,0,0,0,26.116593,0
1,2017,12,8,17,1,0,0,21.100746,0
1,2017,12,8,17,2,0,0,23.088041,0
1,2017,12,8,17,3,0,0,18.950594,0
1,2017,12,8,18,0,0,0,28.650561,0
1,2017,12,8,18,1,0,0,28.761832,0
1,2017,12,8,18,2,0,0,20.164976,0
1,2017,12,8,18,3,0,0,26.888796,0
1,2017,12,8,19,0,0,0,27.589912,0
1,2017,12,8,19,1,0,0,24.016419,0
1,2017,12,8,19,2,0,0,24.364331,0
1,2017,12,8,19,3,0,0,23.849361,0
1,2017,12,8,20,0,0,0,22.396368,0
1,2017,12,8,20,1,0,0,20.450641,0
1,2017,12,8,20,2,0,0,22.508463,0
1,2017,12,8,20,3,0,0,22.787386,0
1,2017,12,8,21,0,0,0,19.927272,0
1,2017,12,8,21,1,0,0,23.282959,0
1,2017,12,8,21,2,0,0,31.42657,0
1,2017,12,8,21,3,0,0,28.694849,0
1,2017,12,8,22,0,0,0,22.805138,0
1,2017,12,8,22,1,0,0,35.986497,0
1,2017,12,8,22,2,0,0,23.454073,0
1,2017,12,8,22,3,0,0,22.26785,0
1,2017,12,8,23,0,0,0,13.402588,0
1,2017,12,8,23,1,0,0,21.67529,0
1,2017,12,8,23,2,0,0,20.980812,0
1,2017,12,8,23,3,0,0,25.940064,0
1,2017,12,9,0,0,0,0,20.07017,0
1,2017,12,9,0,1,0,0,22.185619,0
1,2017,12,9,0,2,0,0,12.189057,0
1,2017,12,9,0,3,0,0,14.827523,0
1,2017,12,9,1,0,0,0,18.961098,0
1,2017,12,9,1,1,0,0,29.794322,0
1,2017,12,9,1,2,0,0,25.18154,0
1,2017,12,9,1,3,0,0,20.397164,0
1,2017,12,9,2,0,0,0,22.83799,0
1,2017,12,9,2,1,0,0,22.104036,0
1,2017,12,9,2,2,0,0,18.961024,0
1,2017,12,9,2,3,0,0,17.751493,0
1,2017,12,9,3,0,0,0,13.476676,0
1,2017,12,9,3,1,0,0,15.172057,0
1,2017,12,9,3,2,0,0,13.173649,0
1,2017,12,9,3,3,0,0,11.533881,0
1,2017,12,9,4,0,0,0,9.583881,0
1,2017,12,9,4,1,0,0,8.388362,0
1,2017,12,9,4,2,0,0,14.641997,0
1,2017,12,9,4,3,0,0,16.724578,0
1,2017,12,9,5,0,0,0,14.462232,0
1,2017,12,9,5,1,0,0,9.333207,0
1,2017,12,9,5,2,0,0,6.205158,0
1,2017,12,9,5,3,0,0,4.119793,0
1,2017,12,9,6,0,0,0,6.738793,0
1,2017,12,9,6,1,0,0,5.904706,0
1,2017,12,9,6,2,0,0,9.703047,0
1,2017,12,9,6,3,0,0,9.361265,0
1,2017,12,9,7,0,0,0,10.339403,0
1,2017,12,9,7,1,0,0,7.206815,0
1,2017,12,9,7,2,0,0,5.537441,0
1,2017,12,9,7,3,0,0,3.325526,0
1,2017,12,9,8,0,0,0,11.753564,0
1,2017,12,9,8,1,0,0,9.370592,0
1,2017,12,9,8,2,0,0,8.301568,0
1,2017,12,9,8,3,0,0,7.300201,0
1,2017,12,9,9,0,0,0,8.379345,0
1,2017,12,9,9,1,0,0,10.318448,0
1,2017,12,9,9,2,0,0,13.956346,0
1,2017,12,9,9,3,0,0,11.455026,0
1,2017,12,9,10,0,0,0,12.099737,0
1,2017,12,9,10,1,0,0,11.084303,0
1,2017,12,9,10,2,0,0,15.165839,0
1,2017,12,9,10,3,0,0,17.261499,0
1,2017,12,9,11,0,0,0,16.344834,0
1,2017,12,9,11,1,0,0,17.060164,0
1,2017,12,9,11,2,0,0,32.572413,0
1,2017,12,9,11,3,0,0,35.289231,0
1,2017,12,9,12,0,0,0,27.943932,0
1,2017,12,9,12,1,0,0,33.058783,0
1,2017,12,9,12,2,0,0,31.864841,0
1,2017,12,9,12,3,0,0,34.227905,0
1,2017,12,9,13,0,0,0,29.810818,0
1,2017,12,9,13,1,0,0,22.955168,0
1,2017,12,9,13,2,0,0,22.262739,0
1,2017,12,9,13,3,0,0,27.941059,0
1,2017,12,9,14,0,0,0,23.616161,0
1,2017,12,9,14,1,0,0,15.235356,0
1,2017,12,9,14,2,0,0,23.524842,0
1,2017,12,9,14,3,0,0,31.307347,0
1,2017,12,9,15,0,0,0,24.000422,0
1,2017,12,9,15,1,0,0,30.220327,0
1,2017,12,9,15,2,0,0,29.679363,0
1,2017,12,9,15,3,0,0,25.80869,0
1,2017,12,9,16,0,0,0,25.665652,0
1,2017,12,9,16,1,0,0,20.245873,0
1,2017,12,9,16,2,0,0,23.02638,0
1,2017,12,9,16,3,0,0,19.57134,0
1,2017,12,9,17,0,0,0,13.254441,0
1,2017,12,9,17,1,0,0,9.636063,0
1,2017,12,9,17,2,0,0,16.711641,0
1,2017,12,9,17,3,0,0,26.903925,0
1,2017,12,9,18,0,0,0,17.737032,0
1,2017,12,9,18,1,0,0,19.446149,0
1,2017,12,9,18,2,0,0,23.342636,0
1,2017,12,9,18,3,0,0,20.917893,0
1,2017,12,9,19,0,0,0,13.073373,0
1,2017,12,9,19,1,0,0,20.830485,0
1,2017,12,9,19,2,0,0,18.408369,0
1,2017,12,9,19,3,0,0,14.262717,0
1,2017,12,9,20,0,0,0,14.15699,0
1,2017,12,9,20,1,0,0,14.726728,0
1,2017,12,9,20,2,0,0,15.38318,0
1,2017,12,9,20,3,0,0,18.087164,0
1,2017,12,9,21,0,0,0,26.63305,0
1,2017,12,9,21,1,0,0,19.544567,0
1,2017,12,9,21,2,0,0,18.442914,0
1,2017,12,9,21,3,0,0,25.527716,0
1,2017,12,9,22,0,0,0,21.596888,0
1,2017,12,9,22,1,0,0,16.870165,0
1,2017,12,9,22,2,0,0,15.383668,0
1,2017,12,9,22,3,0,0,25.590469,0
1,2017,12,9,23,0,0,0,25.361161,0
1,2017,12,9,23,1,0,0,24.520472,0
1,2017,12,9,23,2,0,0,18.968891,0
1,2017,12,9,23,3,0,0,17.096843,0
1,2017,12,10,0,0,0,0,14.642289,0
1,2017,12,10,0,1,0,0,28.137364,0
1,2017,12,10,0,2,0,0,25.21742,0
1,2017,12,10,0,3,0,0,29.427311,0
1,2017,12,10,1,0,0,0,21.792951,0
1,2017,12,10,1,1,0,0,27.487306,0
1,2017,12,10,1,2,0,0,28.618003,0
1,2017,12,10,1,3,0,0,37.797814,0
1,2017,12,10,2,0,0,0,18.336275,0
1,2017,12,10,2,1,0,0,18.322853,0
1,2017,12,10,2,2,0,0,27.095594,0
1,2017,12,10,2,3,0,0,23.570237,0
1,2017,12,10,3,0,0,0,17.062916,0
1,2017,12,10,3,1,0,0,13.94684,0
1,2017,12,10,3,2,0,0,15.155558,0
1,2017,12,10,3,3,0,0,18.343548,0
1,2017,12,10,4,0,0,0,25.792511,0
1,2017,12,10,4,1,0,0,21.6823,0
1,2017,12,10,4,2,0,0,26.13589,0
1,2017,12,10,4,3,0,0,17.879234,0
1,2017,12,10,5,0,0,0,24.151126,0
1,2017,12,10,5,1,0,0,20.508743,0
1,2017,12,10,5,2,0,0,9.527071,0
1,2017,12,10,5,3,0,0,8.924571,0
1,2017,12,10,6,0,0,0,21.570454,0
1,2017,12,10,6,1,0,0,23.47016,0
1,2017,12,10,6,2,0,0,12.422934,0
1,2017,12,10,6,3,0,0,4.324447,0
1,2017,12,10,7,0,0,0,3.448276,0
1,2017,12,10,7,1,0,0,3.141827,0
1,2017,12,10,7,2,0,0,9.158027,0
1,2017,12,10,7,3,0,0,18.286639,0
1,2017,12,10,8,0,0,0,7.746639,0
1,2017,12,10,8,1,0,0,7.433507,0
1,2017,12,10,8,2,0,0,9.801223,0
1,2017,12,10,8,3,0,0,6.514853,0
1,2017,12,10,9,0,0,0,4.64365,0
1,2017,12,10,9,1,0,0,7.434944,0
1,2017,12,10,9,2,0,0,4.139944,0
1,2017,12,10,9,3,0,0,6.643465,0
1,2017,12,10,10,0,0,0,10.565158,0
1,2017,12,10,10,1,0,0,16.855163,0
1,2017,12,10,10,2,0,0,14.464122,0
1,2017,12,10,10,3,0,0,16.120182,0
1,2017,12,10,11,0,0,0,14.745675,0
1,2017,12,10,11,1,0,0,8.745847,0
1,2017,12,10,11,2,0,0,11.351789,0
1,2017,12,10,11,3,0,0,12.450756,0
1,2017,12,10,12,0,0,0,11.42712,0
1,2017,12,10,12,1,0,0,16.613269,0
1,2017,12,10,12,2,0,0,15.199141,0
1,2017,12,10,12,3,0,0,17.363057,0
1,2017,12,10,13,0,0,0,17.608155,0
1,2017,12,10,13,1,0,0,24.579055,0
1,2017,12,10,13,2,0,0,19.963525,0
1,2017,12,10,13,3,0,0,16.113951,0
1,2017,12,10,14,0,0,0,23.68363,0
1,2017,12,10,14,1,0,0,24.73437,0
1,2017,12,10,14,2,0,0,37.493356,0
1,2017,12,10,14,3,0,0,26.642798,0
1,2017,12,10,15,0,0,0,20.587955,0
1,2017,12,10,15,1,0,0,20.083007,0
1,2017,12,10,15,2,0,0,21.367392,0
1,2017,12,10,15,3,0,0,21.322975,0
1,2017,12,10,16,0,0,0,10.518418,0
1,2017,12,10,16,1,0,0,7.930457,0
1,2017,12,10,16,2,0,0,11.883478,0
1,2017,12,10,16,3,0,0,25.509283,0
1,2017,12,10,17,0,0,0,29.402322,0
1,2017,12,10,17,1,0,0,29.431064,0
1,2017,12,10,17,2,0,0,29.989909,0
1,2017,12,10,17,3,0,0,26.141198,0
1,2017,12,10,18,0,0,0,23.807813,0
1,2017,12,10,18,1,0,0,17.354952,0
1,2017,12,10,18,2,0,0,14.121381,0
1,2017,12,10,18,3,0,0,14.151389,0
1,2017,12,10,19,0,0,0,25.618741,0
1,2017,12,10,19,1,0,0,15.436742,0
1,2017,12,10,19,2,0,0,14.15475,0
1,2017,12,10,19,3,0,0,15.964171,0
1,2017,12,10,20,0,0,0,28.93581,0
1,2017,12,10,20,1,0,0,13.250615,0
1,2017,12,10,20,2,0,0,22.769086,0
1,2017,12,10,20,3,0,0,18.434316,0
1,2017,12,10,21,0,0,0,21.600337,0
1,2017,12,10,21,1,0,0,20.371378,0
1,2017,12,10,21,2,0,0,13.318009,0
1,2017,12,10,21,3,0,0,21.542918,0
1,2017,12,10,22,0,0,0,14.057701,0
1,2017,12,10,22,1,0,0,14.594659,0
1,2017,12,10,22,2,0,0,12.064133,0
1,2017,12,10,22,3,0,0,9.593083,0
1,2017,12,10,23,0,0,0,5.650017,0
1,2017,12,10,23,1,0,0,9.141082,0
1,2017,12,10,23,2,0,0,11.895373,0
1,2017,12,10,23,3,0,0,20.513946,0
1,2017,12,11,0,0,0,0,20.991813,0
1,2017,12,11,0,1,0,0,15.249781,0
1,2017,12,11,0,2,0,0,10.64591,0
1,2017,12,11,0,3,0,0,9.666722,0
1,2017,12,11,1,0,0,0,15.316837,0
1,2017,12,11,1,1,0,0,10.071952,0
1,2017,12,11,1,2,0,0,9.167988,0
1,2017,12,11,1,3,0,0,6.856223,0
1,2017,12,11,2,0,0,0,3.973674,0
1,2017,12,11,2,1,0,0,4.063689,0
1,2017,12,11,2,2,0,0,12.730356,0
1,2017,12,11,2,3,0,0,4.158693,0
1,2017,12,11,3,0,0,0,4.19324,0
1,2017,12,11,3,1,0,0,4.19324,0
1,2017,12,11,3,2,0,0,4.19324,0
1,2017,12,11,3,3,0,0,6.40874,0
1,2017,12,11,4,0,0,0,9.619971,0
1,2017,12,11,4,1,0,0,14.034971,0
1,2017,12,11,4,2,0,0,14.034971,0
1,2017,12,11,4,3,0,0,11.819471,0
1,2017,12,11,5,0,0,0,5.544673,0
1,2017,12,11,5,1,0,0,3.759935,0
1,2017,12,11,5,2,0,0,6.496778,0
1,2017,12,11,5,3,0,0,12.513093,0
1,2017,12,11,6,0,0,0,3.900888,0
1,2017,12,11,6,1,0,0,5.874221,0
1,2017,12,11,6,2,0,0,7.545947,0
1,2017,12,11,6,3,0,0,7.207755,0
1,2017,12,11,7,0,0,0,7.102655,0
1,2017,12,11,7,1,0,0,7.756491,0
1,2017,12,11,7,2,0,0,3.148908,0
1,2017,12,11,7,3,0,0,5.284749,0
1,2017,12,11,8,0,0,0,13.394976,0
1,2017,12,11,8,1,0,0,18.537185,0
1,2017,12,11,8,2,0,0,19.341807,0
1,2017,12,11,8,3,0,0,14.967041,0
1,2017,12,11,9,0,0,0,11.325739,0
1,2017,12,11,9,1,0,0,12.51404,0
1,2017,12,11,9,2,0,0,11.845887,0
1,2017,12,11,9,3,0,0,24.426224,0
1,2017,12,11,10,0,0,0,27.05294,0
1,2017,12,11,10,1,0,0,21.587131,0
1,2017,12,11,10,2,0,0,23.073208,0
1,2017,12,11,10,3,0,0,25.500244,0
1,2017,12,11,11,0,0,0,25.600725,0
1,2017,12,11,11,1,0,0,37.827137,0
1,2017,12,11,11,2,0,0,37.276381,0
1,2017,12,11,11,3,0,0,39.608077,0
1,2017,12,11,12,0,0,0,39.873802,0
1,2017,12,11,12,1,0,0,39.873258,0
1,2017,12,11,12,2,0,0,35.618378,0
1,2017,12,11,12,3,0,0,28.554682,0
1,2017,12,11,13,0,0,0,25.286918,0
1,2017,12,11,13,1,0,0,28.988563,0
1,2017,12,11,13,2,0,0,27.086813,0
1,2017,12,11,13,3,0,0,25.954937,0
1,2017,12,11,14,0,0,0,23.883338,0
1,2017,12,11,14,1,0,0,18.813277,0
1,2017,12,11,14,2,0,0,13.878744,0
1,2017,12,11,14,3,0,0,21.785325,0
1,2017,12,11,15,0,0,0,17.768425,0
1,2017,12,11,15,1,0,0,20.14256,0
1,2017,12,11,15,2,0,0,18.385945,0
1,2017,12,11,15,3,0,0,25.911411,0
1,2017,12,11,16,0,0,0,28.539796,0
1,2017,12,11,16,1,0,0,16.665169,0
1,2017,12,11,16,2,0,0,18.222759,0
1,2017,12,11,16,3,0,0,28.921113,0
1,2017,12,11,17,0,0,0,20.357998,0
1,2017,12,11,17,1,0,0,15.962578,0
1,2017,12,11,17,2,0,0,12.688223,0
1,2017,12,11,17,3,0,0,11.3797,0
1,2017,12,11,18,0,0,0,12.2737,0
1,2017,12,11,18,1,0,0,20.18542,0
1,2017,12,11,18,2,0,0,18.903913,0
1,2017,12,11,18,3,0,0,16.210097,0
1,2017,12,11,19,0,0,0,13.215979,0
1,2017,12,11,19,1,0,0,13.436448,0
1,2017,12,11,19,2,0,0,12.171883,0
1,2017,12,11,19,3,0,0,13.687873,0
1,2017,12,11,20,0,0,0,9.846224,0
1,2017,12,11,20,1,0,0,9.005669,0
1,2017,12,11,20,2,0,0,14.789031,0
1,2017,12,11,20,3,0,0,18.192017,0
1,2017,12,11,21,0,0,0,26.795725,0
1,2017,12,11,21,1,0,0,19.480519,0
1,2017,12,11,21,2,0,0,15.175777,0
1,2017,12,11,21,3,0,0,11.128192,0
1,2017,12,11,22,0,0,0,19.055616,0
1,2017,12,11,22,1,0,0,20.05083,0
1,2017,12,11,22,2,0,0,24.559976,0
1,2017,12,11,22,3,0,0,22.843422,0
1,2017,12,11,23,0,0,0,24.329493,0
1,2017,12,11,23,1,0,0,22.672827,0
1,2017,12,11,23,2,0,0,13.601251,0
1,2017,12,11,23,3,0,0,15.406969,0
1,2017,12,12,0,0,0,0,4.941533,0
1,2017,12,12,0,1,0,0,4.941533,0
1,2017,12,12,0,2,0,0,8.896533,0
1,2017,12,12,0,3,0,0,17.827181,0
1,2017,12,12,1,0,0,0,15.913477,0
1,2017,12,12,1,1,0,0,9.13894,0
1,2017,12,12,1,2,0,0,4.941533,0
1,2017,12,12,1,3,0,0,4.941533,0
1,2017,12,12,2,0,0,0,9.439576,0
1,2017,12,12,2,1,0,0,17.469142,0
1,2017,12,12,2,2,0,0,5.585881,0
1,2017,12,12,2,3,0,0,4.941533,0
1,2017,12,12,3,0,0,0,4.941533,0
1,2017,12,12,3,1,0,0,4.941533,0
1,2017,12,12,3,2,0,0,6.435819,0
1,2017,12,12,3,3,0,0,9.42439,0
1,2017,12,12,4,0,0,0,9.42439,0
1,2017,12,12,4,1,0,0,4.941533,0
1,2017,12,12,4,2,0,0,4.941533,0
1,2017,12,12,4,3,0,0,4.941533,0
1,2017,12,12,5,0,0,0,6.260442,0
1,2017,12,12,5,1,0,0,8.238806,0
1,2017,12,12,5,2,0,0,8.238806,0
1,2017,12,12,5,3,0,0,9.274595,0
1,2017,12,12,6,0,0,0,13.747627,0
1,2017,12,12,6,1,0,0,15.085954,0
1,2017,12,12,6,2,0,0,9.474501,0
1,2017,12,12,6,3,0,0,7.414848,0
1,2017,12,12,7,0,0,0,9.873647,0
1,2017,12,12,7,1,0,0,12.562374,0
1,2017,12,12,7,2,0,0,15.736347,0
1,2017,12,12,7,3,0,0,17.330238,0
1,2017,12,12,8,0,0,0,15.625589,0
1,2017,12,12,8,1,0,0,7.460339,0
1,2017,12,12,8,2,0,0,7.201759,0
1,2017,12,12,8,3,0,0,13.301597,0
1,2017,12,12,9,0,0,0,11.505431,0
1,2017,12,12,9,1,0,0,8.072686,0
1,2017,12,12,9,2,0,0,14.823295,0
1,2017,12,12,9,3,0,0,18.605692,0
1,2017,12,12,10,0,0,0,19.330783,0
1,2017,12,12,10,1,0,0,21.787714,0
1,2017,12,12,10,2,0,0,20.658099,0
1,2017,12,12,10,3,0,0,22.194346,0
1,2017,12,12,11,0,0,0,29.346397,0
1,2017,12,12,11,1,0,0,22.969003,0
1,2017,12,12,11,2,0,0,17.51524,0
1,2017,12,12,11,3,0,0,13.149376,0
1,2017,12,12,12,0,0,0,19.955451,0
1,2017,12,12,12,1,0,0,25.004121,0
1,2017,12,12,12,2,0,0,22.327952,0
1,2017,12,12,12,3,0,0,20.632317,0
1,2017,12,12,13,0,0,0,24.192062,0
1,2017,12,12,13,1,0,0,19.071294,0
1,2017,12,12,13,2,0,0,19.128196,0
1,2017,12,12,13,3,0,0,18.557554,0
1,2017,12,12,14,0,0,0,29.494241,0
1,2017,12,12,14,1,0,0,25.563197,0
1,2017,12,12,14,2,0,0,14.821176,0
1,2017,12,12,14,3,0,0,22.96257,0
1,2017,12,12,15,0,0,0,34.714617,0
1,2017,12,12,15,1,0,0,26.722272,0
1,2017,12,12,15,2,0,0,16.904327,0
1,2017,12,12,15,3,0,0,13.015211,0
1,2017,12,12,16,0,0,0,15.879495,0
1,2017,12,12,16,1,0,0,23.796931,0
1,2017,12,12,16,2,0,0,31.94411,0
1,2017,12,12,16,3,0,0,25.445066,0
1,2017,12,12,17,0,0,0,19.445485,0
1,2017,12,12,17,1,0,0,24.316561,0
1,2017,12,12,17,2,0,0,22.667522,0
1,2017,12,12,17,3,0,0,18.902816,0
1,2017,12,12,18,0,0,0,18.976701,0
1,2017,12,12,18,1,0,0,29.091075,0
1,2017,12,12,18,2,0,0,22.497865,0
1,2017,12,12,18,3,0,0,13.136274,0
1,2017,12,12,19,0,0,0,8.369281,0
1,2017,12,12,19,1,0,0,5.367007,0
1,2017,12,12,19,2,0,0,12.503949,0
1,2017,12,12,19,3,0,0,21.192684,0
1,2017,12,12,20,0,0,0,16.033294,0
1,2017,12,12,20,1,0,0,10.003505,0
1,2017,12,12,20,2,0,0,13.299112,0
1,2017,12,12,20,3,0,0,14.538253,0
1,2017,12,12,21,0,0,0,14.23038,0
1,2017,12,12,21,1,0,0,12.174176,0
1,2017,12,12,21,2,0,0,14.522541,0
1,2017,12,12,21,3,0,0,19.926171,0
1,2017,12,12,22,0,0,0,22.049652,0
1,2017,12,12,22,1,0,0,18.698594,0
1,2017,12,12,22,2,0,0,13.91562,0
1,2017,12,12,22,3,0,0,14.351487,0
1,2017,12,12,23,0,0,0,10.951269,0
1,2017,12,12,23,1,0,0,13.177936,0
1,2017,12,12,23,2,0,0,12.411158,0
1,2017,12,12,23,3,0,0,15.134846,0
1,2017,12,13,0,0,0,0,22.645874,0
1,2017,12,13,0,1,0,0,13.269623,0
1,2017,12,13,0,2,0,0,27.125065,0
1,2017,12,13,0,3,0,0,18.607304,0
1,2017,12,13,1,0,0,0,5.830664,0
1,2017,12,13,1,1,0,0,9.350189,0
1,2017,12,13,1,2,0,0,11.746709,0
1,2017,12,13,1,3,0,0,9.849384,0
1,2017,12,13,2,0,0,0,10.221311,0
1,2017,12,13,2,1,0,0,6.18305,0
1,2017,12,13,2,2,0,0,6.063474,0
1,2017,12,13,2,3,0,0,5.825507,0
1,2017,12,13,3,0,0,0,6.100179,0
1,2017,12,13,3,1,0,0,6.100179,0
1,2017,12,13,3,2,0,0,6.100179,0
1,2017,12,13,3,3,0,0,6.100179,0
1,2017,12,13,4,0,0,0,7.731429,0
1,2017,12,13,4,1,0,0,10.993929,0
1,2017,12,13,4,2,0,0,10.993929,0
1,2017,12,13,4,3,0,0,7.731429,0
1,2017,12,13,5,0,0,0,12.104512,0
1,2017,12,13,5,1,0,0,17.480461,0
1,2017,12,13,5,2,0,0,9.725736,0
1,2017,12,13,5,3,0,0,8.685377,0
1,2017,12,13,6,0,0,0,11.223348,0
1,2017,12,13,6,1,0,0,13.923121,0
1,2017,12,13,6,2,0,0,11.787121,0
1,2017,12,13,6,3,0,0,8.875413,0
1,2017,12,13,7,0,0,0,11.741061,0
1,2017,12,13,7,1,0,0,10.272939,0
1,2017,12,13,7,2,0,0,10.075143,0
1,2017,12,13,7,3,0,0,6.941983,0
1,2017,12,13,8,0,0,0,9.92502,0
1,2017,12,13,8,1,0,0,10.484743,0
1,2017,12,13,8,2,0,0,9.621357,0
1,2017,12,13,8,3,0,0,8.706584,0
1,2017,12,13,9,0,0,0,5.016675,0
1,2017,12,13,9,1,0,0,6.281066,0
1,2017,12,13,9,2,0,0,9.904459,0
1,2017,12,13,9,3,0,0,12.741032,0
1,2017,12,13,10,0,0,0,23.212562,0
1,2017,12,13,10,1,0,0,26.158095,0
1,2017,12,13,10,2,0,0,24.799608,0
1,2017,12,13,10,3,0,0,16.374426,0
1,2017,12,13,11,0,0,0,19.289713,0
1,2017,12,13,11,1,0,0,29.722313,0
1,2017,12,13,11,2,0,0,25.252544,0
1,2017,12,13,11,3,0,0,23.732602,0
1,2017,12,13,12,0,0,0,26.33452,0
1,2017,12,13,12,1,0,0,24.369631,0
1,2017,12,13,12,2,0,0,25.56705,0
1,2017,12,13,12,3,0,0,23.568765,0
1,2017,12,13,13,0,0,0,27.170839,0
1,2017,12,13,13,1,0,0,24.597665,0
1,2017,12,13,13,2,0,0,23.381582,0
1,2017,12,13,13,3,0,0,24.380285,0
1,2017,12,13,14,0,0,0,19.280864,0
1,2017,12,13,14,1,0,0,19.122861,0
1,2017,12,13,14,2,0,0,20.864959,0
1,2017,12,13,14,3,0,0,17.292327,0
1,2017,12,13,15,0,0,0,18.066073,0
1,2017,12,13,15,1,0,0,25.961117,0
1,2017,12,13,15,2,0,0,32.823883,0
1,2017,12,13,15,3,0,0,26.738975,0
1,2017,12,13,16,0,0,0,23.365024,0
1,2017,12,13,16,1,0,0,20.092446,0
1,2017,12,13,16,2,0,0,30.042345,0
1,2017,12,13,16,3,0,0,22.073626,0
1,2017,12,13,17,0,0,0,23.845792,0
1,2017,12,13,17,1,0,0,20.049303,0
1,2017,12,13,17,2,0,0,12.416849,0
1,2017,12,13,17,3,0,0,16.270578,0
1,2017,12,13,18,0,0,0,17.12477,0
1,2017,12,13,18,1,0,0,18.487437,0
1,2017,12,13,18,2,0,0,21.341471,0
1,2017,12,13,18,3,0,0,18.067421,0
1,2017,12,13,19,0,0,0,17.792138,0
1,2017,12,13,19,1,0,0,21.740958,0
1,2017,12,13,19,2,0,0,20.18843,0
1,2017,12,13,19,3,0,0,16.797805,0
1,2017,12,13,20,0,0,0,17.198632,0
1,2017,12,13,20,1,0,0,18.181525,0
1,2017,12,13,20,2,0,0,19.674268,0
1,2017,12,13,20,3,0,0,12.844753,0
1,2017,12,13,21,0,0,0,17.515211,0
1,2017,12,13,21,1,0,0,23.844829,0
1,2017,12,13,21,2,0,0,25.705643,0
1,2017,12,13,21,3,0,0,26.95573,0
1,2017,12,13,22,0,0,0,21.596408,0
1,2017,12,13,22,1,0,0,17.261939,0
1,2017,12,13,22,2,0,0,20.414269,0
1,2017,12,13,22,3,0,0,16.394425,0
1,2017,12,13,23,0,0,0,12.170677,0
1,2017,12,13,23,1,0,0,8.242839,0
1,2017,12,13,23,2,0,0,8.848553,0
1,2017,12,13,23,3,0,0,9.483291,0
1,2017,12,14,0,0,0,0,8.983196,0
1,2017,12,14,0,1,0,0,17.987482,0
1,2017,12,14,0,2,0,0,4.932362,0
1,2017,12,14,0,3,0,0,9.204594,0
1,2017,12,14,1,0,0,0,9.179314,0
1,2017,12,14,1,1,0,0,10.430125,0
1,2017,12,14,1,2,0,0,7.973909,0
1,2017,12,14,1,3,0,0,7.387024,0
1,2017,12,14,2,0,0,0,12.147153,0
1,2017,12,14,2,1,0,0,17.17751,0
1,2017,12,14,2,2,0,0,15.523681,0
1,2017,12,14,2,3,0,0,13.305778,0
1,2017,12,14,3,0,0,0,6.452309,0
1,2017,12,14,3,1,0,0,10.558909,0
1,2017,12,14,3,2,0,0,14.548909,0
1,2017,12,14,3,3,0,0,8.563909,0
1,2017,12,14,4,0,0,0,4.061537,0
1,2017,12,14,4,1,0,0,3.719956,0
1,2017,12,14,4,2,0,0,3.719956,0
1,2017,12,14,4,3,0,0,5.874122,0
1,2017,12,14,5,0,0,0,6.657456,0
1,2017,12,14,5,1,0,0,6.657456,0
1,2017,12,14,5,2,0,0,6.657456,0
1,2017,12,14,5,3,0,0,10.794021,0
1,2017,12,14,6,0,0,0,19.961825,0
1,2017,12,14,6,1,0,0,19.635687,0
1,2017,12,14,6,2,0,0,5.78221,0
1,2017,12,14,6,3,0,0,12.169367,0
1,2017,12,14,7,0,0,0,10.421774,0
1,2017,12,14,7,1,0,0,12.903448,0
1,2017,12,14,7,2,0,0,10.733249,0
1,2017,12,14,7,3,0,0,7.180711,0
1,2017,12,14,8,0,0,0,6.345562,0
1,2017,12,14,8,1,0,0,6.555161,0
1,2017,12,14,8,2,0,0,7.613652,0
1,2017,12,14,8,3,0,0,9.830091,0
1,2017,12,14,9,0,0,0,9.963948,0
1,2017,12,14,9,1,0,0,7.901487,0
1,2017,12,14,9,2,0,0,10.987147,0
1,2017,12,14,9,3,0,0,16.602744,0
1,2017,12,14,10,0,0,0,17.400867,0
1,2017,12,14,10,1,0,0,21.25972,0
1,2017,12,14,10,2,0,0,23.223315,0
1,2017,12,14,10,3,0,0,38.977494,0
1,2017,12,14,11,0,0,0,15.867845,0
1,2017,12,14,11,1,0,0,19.81273,0
1,2017,12,14,11,2,0,0,20.369768,0
1,2017,12,14,11,3,0,0,20.778838,0
1,2017,12,14,12,0,0,0,22.130497,0
1,2017,12,14,12,1,0,0,19.191721,0
1,2017,12,14,12,2,0,0,17.487388,0
1,2017,12,14,12,3,0,0,17.162838,0
1,2017,12,14,13,0,0,0,23.817217,0
1,2017,12,14,13,1,0,0,33.825317,0
1,2017,12,14,13,2,0,0,31.859579,0
1,2017,12,14,13,3,0,0,27.368083,0
1,2017,12,14,14,0,0,0,29.072666,0
1,2017,12,14,14,1,0,0,20.696515,0
1,2017,12,14,14,2,0,0,21.951356,0
1,2017,12,14,14,3,0,0,34.776848,0
1,2017,12,14,15,0,0,0,29.484347,0
1,2017,12,14,15,1,0,0,24.843076,0
1,2017,12,14,15,2,0,0,17.021038,0
1,2017,12,14,15,3,0,0,18.343528,0
1,2017,12,14,16,0,0,0,31.299725,0
1,2017,12,14,16,1,0,0,40.714228,0
1,2017,12,14,16,2,0,0,37.227756,0
1,2017,12,14,16,3,0,0,22.567053,0
1,2017,12,14,17,0,0,0,19.621843,0
1,2017,12,14,17,1,0,0,27.741843,0
1,2017,12,14,17,2,0,0,34.593515,0
1,2017,12,14,17,3,0,0,29.774402,0
1,2017,12,14,18,0,0,0,15.374823,0
1,2017,12,14,18,1,0,0,11.988582,0
1,2017,12,14,18,2,0,0,20.47867,0
1,2017,12,14,18,3,0,0,28.287799,0
1,2017,12,14,19,0,0,0,27.370303,0
1,2017,12,14,19,1,0,0,15.55346,0
1,2017,12,14,19,2,0,0,32.396375,0
1,2017,12,14,19,3,0,0,32.584013,0
1,2017,12,14,20,0,0,0,26.386983,0
1,2017,12,14,20,1,0,0,18.525217,0
1,2017,12,14,20,2,0,0,15.9707,0
1,2017,12,14,20,3,0,0,20.876734,0
1,2017,12,14,21,0,0,0,18.96777,0
1,2017,12,14,21,1,0,0,18.963389,0
1,2017,12,14,21,2,0,0,16.117879,0
1,2017,12,14,21,3,0,0,17.133846,0
1,2017,12,14,22,0,0,0,22.096479,0
1,2017,12,14,22,1,0,0,19.20706,0
1,2017,12,14,22,2,0,0,8.288751,0
1,2017,12,14,22,3,0,0,13.645609,0
1,2017,12,14,23,0,0,0,10.305029,0
1,2017,12,14,23,1,0,0,16.227865,0
1,2017,12,14,23,2,0,0,16.959666,0
1,2017,12,14,23,3,0,0,18.930969,0
1,2017,12,15,0,0,0,0,28.334239,0
1,2017,12,15,0,1,0,0,25.089392,0
1,2017,12,15,0,2,0,0,5.640902,0
1,2017,12,15,0,3,0,0,15.67282,0
1,2017,12,15,1,0,0,0,10.302998,0
1,2017,12,15,1,1,0,0,16.924762,0
1,2017,12,15,1,2,0,0,11.96888,0
1,2017,12,15,1,3,0,0,5.48888,0
1,2017,12,15,2,0,0,0,5.48888,0
1,2017,12,15,2,1,0,0,5.48888,0
1,2017,12,15,2,2,0,0,8.705547,0
1,2017,12,15,2,3,0,0,15.13888,0
1,2017,12,15,3,0,0,0,15.13888,0
1,2017,12,15,3,1,0,0,6.132213,0
1,2017,12,15,3,2,0,0,11.25688,0
1,2017,12,15,3,3,0,0,14.14088,0
1,2017,12,15,4,0,0,0,5.48888,0
1,2017,12,15,4,1,0,0,5.48888,0
1,2017,12,15,4,2,0,0,5.48888,0
1,2017,12,15,4,3,0,0,5.48888,0
1,2017,12,15,5,0,0,0,5.48888,0
1,2017,12,15,5,1,0,0,5.48888,0
1,2017,12,15,5,2,0,0,5.48888,0
1,2017,12,15,5,3,0,0,5.48888,0
1,2017,12,15,6,0,0,0,5.779547,0
1,2017,12,15,6,1,0,0,7.66888,0
1,2017,12,15,6,2,0,0,7.66888,0
1,2017,12,15,6,3,0,0,7.378213,0
1,2017,12,15,7,0,0,0,5.48888,0
1,2017,12,15,7,1,0,0,9.281607,0
1,2017,12,15,7,2,0,0,10.433635,0
1,2017,12,15,7,3,0,0,11.164191,0
1,2017,12,15,8,0,0,0,11.292472,0
1,2017,12,15,8,1,0,0,11.728564,0
1,2017,12,15,8,2,0,0,6.344513,0
1,2017,12,15,8,3,0,0,6.813769,0
1,2017,12,15,9,0,0,0,9.587774,0
1,2017,12,15,9,1,0,0,9.946584,0
1,2017,12,15,9,2,0,0,12.837467,0
1,2017,12,15,9,3,0,0,23.261298,0
1,2017,12,15,10,0,0,0,20.96085,0
1,2017,12,15,10,1,0,0,21.398146,0
1,2017,12,15,10,2,0,0,21.516716,0
1,2017,12,15,10,3,0,0,20.468723,0
1,2017,12,15,11,0,0,0,30.991701,0
1,2017,12,15,11,1,0,0,33.152225,0
1,2017,12,15,11,2,0,0,31.0182,0
1,2017,12,15,11,3,0,0,36.843609,0
1,2017,12,15,12,0,0,0,30.243879,0
1,2017,12,15,12,1,0,0,23.442038,0
1,2017,12,15,12,2,0,0,26.263299,0
1,2017,12,15,12,3,0,0,33.301608,0
1,2017,12,15,13,0,0,0,33.934982,0
1,2017,12,15,13,1,0,0,23.722579,0
1,2017,12,15,13,2,0,0,19.749845,0
1,2017,12,15,13,3,0,0,23.15568,0
1,2017,12,15,14,0,0,0,26.000943,0
1,2017,12,15,14,1,0,0,32.502589,0
1,2017,12,15,14,2,0,0,27.653591,0
1,2017,12,15,14,3,0,0,19.940378,0
1,2017,12,15,15,0,0,0,18.537043,0
1,2017,12,15,15,1,0,0,12.484039,0
1,2017,12,15,15,2,0,0,15.863354,0
1,2017,12,15,15,3,0,0,17.727624,0
1,2017,12,15,16,0,0,0,22.463345,0
1,2017,12,15,16,1,0,0,27.432225,0
1,2017,12,15,16,2,0,0,25.162969,0
1,2017,12,15,16,3,0,0,18.930754,0
1,2017,12,15,17,0,0,0,13.489349,0
1,2017,12,15,17,1,0,0,16.896065,0
1,2017,12,15,17,2,0,0,16.077881,0
1,2017,12,15,17,3,0,0,19.65756,0
1,2017,12,15,18,0,0,0,21.621875,0
1,2017,12,15,18,1,0,0,14.074833,0
1,2017,12,15,18,2,0,0,12.719987,0
1,2017,12,15,18,3,0,0,26.125585,0
1,2017,12,15,19,0,0,0,23.219433,0
1,2017,12,15,19,1,0,0,16.793639,0
1,2017,12,15,19,2,0,0,8.963891,0
1,2017,12,15,19,3,0,0,9.479092,0
1,2017,12,15,20,0,0,0,8.864406,0
1,2017,12,15,20,1,0,0,17.063189,0
1,2017,12,15,20,2,0,0,17.895319,0
1,2017,12,15,20,3,0,0,24.184746,0
1,2017,12,15,21,0,0,0,19.474733,0
1,2017,12,15,21,1,0,0,18.470908,0
1,2017,12,15,21,2,0,0,13.942689,0
1,2017,12,15,21,3,0,0,21.204615,0
1,2017,12,15,22,0,0,0,19.291456,0
1,2017,12,15,22,1,0,0,24.044614,0
1,2017,12,15,22,2,0,0,22.474977,0
1,2017,12,15,22,3,0,0,16.924589,0
1,2017,12,15,23,0,0,0,9.071791,0
1,2017,12,15,23,1,0,0,10.80403,0
1,2017,12,15,23,2,0,0,16.950186,0
1,2017,12,15,23,3,0,0,15.239572,0
1,2017,12,16,0,0,0,0,19.837785,0
1,2017,12,16,0,1,0,0,5.534512,0
1,2017,12,16,0,2,0,0,22.513153,0
1,2017,12,16,0,3,0,0,19.212314,0
1,2017,12,16,1,0,0,0,14.052988,0
1,2017,12,16,1,1,0,0,15.178505,0
1,2017,12,16,1,2,0,0,21.856104,0
1,2017,12,16,1,3,0,0,29.733591,0
1,2017,12,16,2,0,0,0,18.295,0
1,2017,12,16,2,1,0,0,12.248921,0
1,2017,12,16,2,2,0,0,17.180044,0
1,2017,12,16,2,3,0,0,23.570857,0
1,2017,12,16,3,0,0,0,20.51185,0
1,2017,12,16,3,1,0,0,19.105473,0
1,2017,12,16,3,2,0,0,14.897447,0
1,2017,12,16,3,3,0,0,13.56821,0
1,2017,12,16,4,0,0,0,18.98762,0
1,2017,12,16,4,1,0,0,17.65069,0
1,2017,12,16,4,2,0,0,22.238734,0
1,2017,12,16,4,3,0,0,16.180002,0
1,2017,12,16,5,0,0,0,14.095007,0
1,2017,12,16,5,1,0,0,10.726727,0
1,2017,12,16,5,2,0,0,8.824875,0
1,2017,12,16,5,3,0,0,6.85064,0
1,2017,12,16,6,0,0,0,10.257236,0
1,2017,12,16,6,1,0,0,11.832236,0
1,2017,12,16,6,2,0,0,10.318194,0
1,2017,12,16,6,3,0,0,4.579577,0
1,2017,12,16,7,0,0,0,6.889577,0
1,2017,12,16,7,1,0,0,11.81791,0
1,2017,12,16,7,2,0,0,5.605695,0
1,2017,12,16,7,3,0,0,4.242852,0
1,2017,12,16,8,0,0,0,10.047498,0
1,2017,12,16,8,1,0,0,18.267356,0
1,2017,12,16,8,2,0,0,11.023353,0
1,2017,12,16,8,3,0,0,2.434321,0
1,2017,12,16,9,0,0,0,4.789428,0
1,2017,12,16,9,1,0,0,9.460131,0
1,2017,12,16,9,2,0,0,8.565349,0
1,2017,12,16,9,3,0,0,7.265862,0
1,2017,12,16,10,0,0,0,8.582656,0
1,2017,12,16,10,1,0,0,10.57392,0
1,2017,12,16,10,2,0,0,10.654086,0
1,2017,12,16,10,3,0,0,12.32478,0
1,2017,12,16,11,0,0,0,19.373952,0
1,2017,12,16,11,1,0,0,18.019801,0
1,2017,12,16,11,2,0,0,6.907718,0
1,2017,12,16,11,3,0,0,11.045852,0
1,2017,12,16,12,0,0,0,14.390148,0
1,2017,12,16,12,1,0,0,16.326163,0
1,2017,12,16,12,2,0,0,15.910906,0
1,2017,12,16,12,3,0,0,10.02067,0
1,2017,12,16,13,0,0,0,20.455421,0
1,2017,12,16,13,1,0,0,15.218703,0
1,2017,12,16,13,2,0,0,13.446262,0
1,2017,12,16,13,3,0,0,12.799425,0
1,2017,12,16,14,0,0,0,15.30378,0
1,2017,12,16,14,1,0,0,18.725956,0
1,2017,12,16,14,2,0,0,26.158911,0
1,2017,12,16,14,3,0,0,18.406992,0
1,2017,12,16,15,0,0,0,16.010002,0
1,2017,12,16,15,1,0,0,22.233034,0
1,2017,12,16,15,2,0,0,29.270269,0
1,2017,12,16,15,3,0,0,31.311042,0
1,2017,12,16,16,0,0,0,29.197731,0
1,2017,12,16,16,1,0,0,21.57004,0
1,2017,12,16,16,2,0,0,24.318143,0
1,2017,12,16,16,3,0,0,27.238665,0
1,2017,12,16,17,0,0,0,17.9799,0
1,2017,12,16,17,1,0,0,22.250655,0
1,2017,12,16,17,2,0,0,20.102763,0
1,2017,12,16,17,3,0,0,10.996759,0
1,2017,12,16,18,0,0,0,16.114341,0
1,2017,12,16,18,1,0,0,17.388643,0
1,2017,12,16,18,2,0,0,22.973536,0
1,2017,12,16,18,3,0,0,22.149712,0
1,2017,12,16,19,0,0,0,25.349516,0
1,2017,12,16,19,1,0,0,28.466122,0
1,2017,12,16,19,2,0,0,15.283051,0
1,2017,12,16,19,3,0,0,13.979474,0
1,2017,12,16,20,0,0,0,12.297877,0
1,2017,12,16,20,1,0,0,12.345865,0
1,2017,12,16,20,2,0,0,17.936397,0
1,2017,12,16,20,3,0,0,17.8028,0
1,2017,12,16,21,0,0,0,21.155123,0
1,2017,12,16,21,1,0,0,27.842306,0
1,2017,12,16,21,2,0,0,29.985673,0
1,2017,12,16,21,3,0,0,22.950304,0
1,2017,12,16,22,0,0,0,25.151274,0
1,2017,12,16,22,1,0,0,24.855425,0
1,2017,12,16,22,2,0,0,24.277643,0
1,2017,12,16,22,3,0,0,23.823277,0
1,2017,12,16,23,0,0,0,22.562345,0
1,2017,12,16,23,1,0,0,26.55295,0
1,2017,12,16,23,2,0,0,27.280145,0
1,2017,12,16,23,3,0,0,18.484865,0
1,2017,12,17,0,0,0,0,20.688391,0
1,2017,12,17,0,1,0,0,21.571157,0
1,2017,12,17,0,2,0,0,14.982702,0
1,2017,12,17,0,3,0,0,27.826399,0
1,2017,12,17,1,0,0,0,22.627055,0
1,2017,12,17,1,1,0,0,28.742746,0
1,2017,12,17,1,2,0,0,22.68121,0
1,2017,12,17,1,3,0,0,17.54971,0
1,2017,12,17,2,0,0,0,18.658567,0
1,2017,12,17,2,1,0,0,20.3059,0
1,2017,12,17,2,2,0,0,27.881992,0
1,2017,12,17,2,3,0,0,37.078608,0
1,2017,12,17,3,0,0,0,19.866018,0
1,2017,12,17,3,1,0,0,24.481215,0
1,2017,12,17,3,2,0,0,4.882374,0
1,2017,12,17,3,3,0,0,4.255232,0
1,2017,12,17,4,0,0,0,15.544593,0
1,2017,12,17,4,1,0,0,9.635293,0
1,2017,12,17,4,2,0,0,4.39802,0
1,2017,12,17,4,3,0,0,8.987052,0
1,2017,12,17,5,0,0,0,18.541196,0
1,2017,12,17,5,1,0,0,17.793066,0
1,2017,12,17,5,2,0,0,7.931218,0
1,2017,12,17,5,3,0,0,20.551753,0
1,2017,12,17,6,0,0,0,24.20445,0
1,2017,12,17,6,1,0,0,9.018083,0
1,2017,12,17,6,2,0,0,4.798379,0
1,2017,12,17,6,3,0,0,4.798379,0
1,2017,12,17,7,0,0,0,11.365732,0
1,2017,12,17,7,1,0,0,17.549352,0
1,2017,12,17,7,2,0,0,17.940816,0
1,2017,12,17,7,3,0,0,8.927361,0
1,2017,12,17,8,0,0,0,14.281446,0
1,2017,12,17,8,1,0,0,13.103763,0
1,2017,12,17,8,2,0,0,8.048012,0
1,2017,12,17,8,3,0,0,15.337985,0
1,2017,12,17,9,0,0,0,22.738999,0
1,2017,12,17,9,1,0,0,20.454744,0
1,2017,12,17,9,2,0,0,12.982501,0
1,2017,12,17,9,3,0,0,12.931131,0
1,2017,12,17,10,0,0,0,7.231151,0
1,2017,12,17,10,1,0,0,9.867085,0
1,2017,12,17,10,2,0,0,13.284932,0
1,2017,12,17,10,3,0,0,17.070598,0
1,2017,12,17,11,0,0,0,16.247743,0
1,2017,12,17,11,1,0,0,6.330445,0
1,2017,12,17,11,2,0,0,7.972243,0
1,2017,12,17,11,3,0,0,11.167143,0
1,2017,12,17,12,0,0,0,16.251658,0
1,2017,12,17,12,1,0,0,17.919488,0
1,2017,12,17,12,2,0,0,23.352567,0
1,2017,12,17,12,3,0,0,15.155757,0
1,2017,12,17,13,0,0,0,10.967056,0
1,2017,12,17,13,1,0,0,11.30473,0
1,2017,12,17,13,2,0,0,10.064114,0
1,2017,12,17,13,3,0,0,19.662597,0
1,2017,12,17,14,0,0,0,19.373631,0
1,2017,12,17,14,1,0,0,25.664388,0
1,2017,12,17,14,2,0,0,27.29103,0
1,2017,12,17,14,3,0,0,24.165903,0
1,2017,12,17,15,0,0,0,26.582714,0
1,2017,12,17,15,1,0,0,19.307049,0
1,2017,12,17,15,2,0,0,15.463401,0
1,2017,12,17,15,3,0,0,27.807776,0
1,2017,12,17,16,0,0,0,24.269515,0
1,2017,12,17,16,1,0,0,19.409443,0
1,2017,12,17,16,2,0,0,25.665997,0
1,2017,12,17,16,3,0,0,28.240006,0
1,2017,12,17,17,0,0,0,22.418445,0
1,2017,12,17,17,1,0,0,30.457622,0
1,2017,12,17,17,2,0,0,19.132112,0
1,2017,12,17,17,3,0,0,11.349301,0
1,2017,12,17,18,0,0,0,9.858101,0
1,2017,12,17,18,1,0,0,8.016586,0
1,2017,12,17,18,2,0,0,8.935847,0
1,2017,12,17,18,3,0,0,19.05196,0
1,2017,12,17,19,0,0,0,19.913961,0
1,2017,12,17,19,1,0,0,18.15969,0
1,2017,12,17,19,2,0,0,18.875415,0
1,2017,12,17,19,3,0,0,15.478925,0
1,2017,12,17,20,0,0,0,14.090416,0
1,2017,12,17,20,1,0,0,20.349677,0
1,2017,12,17,20,2,0,0,15.757338,0
1,2017,12,17,20,3,0,0,13.211697,0
1,2017,12,17,21,0,0,0,11.833238,0
1,2017,12,17,21,1,0,0,9.929748,0
1,2017,12,17,21,2,0,0,8.167896,0
1,2017,12,17,21,3,0,0,12.035059,0
1,2017,12,17,22,0,0,0,8.570216,0
1,2017,12,17,22,1,0,0,12.086529,0
1,2017,12,17,22,2,0,0,23.779043,0
1,2017,12,17,22,3,0,0,26.068214,0
1,2017,12,17,23,0,0,0,19.787886,0
1,2017,12,17,23,1,0,0,15.564227,0
1,2017,12,17,23,2,0,0,11.042798,0
1,2017,12,17,23,3,0,0,13.984053,0
1,2017,12,18,0,0,0,0,19.942806,0
1,2017,12,18,0,1,0,0,16.612491,0
1,2017,12,18,0,2,0,0,7.716221,0
1,2017,12,18,0,3,0,0,3.643721,0
1,2017,12,18,1,0,0,0,3.963598,0
1,2017,12,18,1,1,0,0,7.478347,0
1,2017,12,18,1,2,0,0,8.828409,0
1,2017,12,18,1,3,0,0,7.333087,0
1,2017,12,18,2,0,0,0,3.379372,0
1,2017,12,18,2,1,0,0,3.379372,0
1,2017,12,18,2,2,0,0,3.379372,0
1,2017,12,18,2,3,0,0,5.823817,0
1,2017,12,18,3,0,0,0,3.773551,0
1,2017,12,18,3,1,0,0,6.417126,0
1,2017,12,18,3,2,0,0,10.840821,0
1,2017,12,18,3,3,0,0,10.840821,0
1,2017,12,18,4,0,0,0,8.383213,0
1,2017,12,18,4,1,0,0,3.467995,0
1,2017,12,18,4,2,0,0,3.467995,0
1,2017,12,18,4,3,0,0,3.467995,0
1,2017,12,18,5,0,0,0,3.467995,0
1,2017,12,18,5,1,0,0,3.467995,0
1,2017,12,18,5,2,0,0,3.467995,0
1,2017,12,18,5,3,0,0,3.467995,0
1,2017,12,18,6,0,0,0,3.467995,0
1,2017,12,18,6,1,0,0,5.270995,0
1,2017,12,18,6,2,0,0,12.482995,0
1,2017,12,18,6,3,0,0,12.482995,0
1,2017,12,18,7,0,0,0,8.689995,0
1,2017,12,18,7,1,0,0,5.642995,0
1,2017,12,18,7,2,0,0,5.642995,0
1,2017,12,18,7,3,0,0,5.642995,0
1,2017,12,18,8,0,0,0,6.752407,0
1,2017,12,18,8,1,0,0,11.19698,0
1,2017,12,18,8,2,0,0,8.291925,0
1,2017,12,18,8,3,0,0,3.491648,0
1,2017,12,18,9,0,0,0,6.87945,0
1,2017,12,18,9,1,0,0,13.986861,0
1,2017,12,18,9,2,0,0,13.138802,0
1,2017,12,18,9,3,0,0,15.118282,0
1,2017,12,18,10,0,0,0,16.136603,0
1,2017,12,18,10,1,0,0,17.330311,0
1,2017,12,18,10,2,0,0,18.902152,0
1,2017,12,18,10,3,0,0,18.393721,0
1,2017,12,18,11,0,0,0,25.344182,0
1,2017,12,18,11,1,0,0,23.930124,0
1,2017,12,18,11,2,0,0,28.033137,0
1,2017,12,18,11,3,0,0,30.45031,0
1,2017,12,18,12,0,0,0,24.313968,0
1,2017,12,18,12,1,0,0,17.016891,0
1,2017,12,18,12,2,0,0,20.23858,0
1,2017,12,18,12,3,0,0,29.955768,0
1,2017,12,18,13,0,0,0,31.236568,0
1,2017,12,18,13,1,0,0,26.733103,0
1,2017,12,18,13,2,0,0,26.464482,0
1,2017,12,18,13,3,0,0,38.036086,0
1,2017,12,18,14,0,0,0,35.945116,0
1,2017,12,18,14,1,0,0,25.737171,0
1,2017,12,18,14,2,0,0,25.605917,0
1,2017,12,18,14,3,0,0,29.454164,0
1,2017,12,18,15,0,0,0,30.774295,0
1,2017,12,18,15,1,0,0,16.555821,0
1,2017,12,18,15,2,0,0,26.011117,0
1,2017,12,18,15,3,0,0,29.724405,0
1,2017,12,18,16,0,0,0,22.44974,0
1,2017,12,18,16,1,0,0,17.051459,0
1,2017,12,18,16,2,0,0,19.386115,0
1,2017,12,18,16,3,0,0,22.071684,0
1,2017,12,18,17,0,0,0,17.898467,0
1,2017,12,18,17,1,0,0,17.405556,0
1,2017,12,18,17,2,0,0,20.371012,0
1,2017,12,18,17,3,0,0,24.015463,0
1,2017,12,18,18,0,0,0,16.554791,0
1,2017,12,18,18,1,0,0,23.96489,0
1,2017,12,18,18,2,0,0,16.99575,0
1,2017,12,18,18,3,0,0,9.522373,0
1,2017,12,18,19,0,0,0,11.751725,0
1,2017,12,18,19,1,0,0,16.941818,0
1,2017,12,18,19,2,0,0,19.767244,0
1,2017,12,18,19,3,0,0,25.322505,0
1,2017,12,18,20,0,0,0,13.654753,0
1,2017,12,18,20,1,0,0,12.203426,0
1,2017,12,18,20,2,0,0,17.802555,0
1,2017,12,18,20,3,0,0,15.737942,0
1,2017,12,18,21,0,0,0,12.558883,0
1,2017,12,18,21,1,0,0,12.447215,0
1,2017,12,18,21,2,0,0,14.06111,0
1,2017,12,18,21,3,0,0,22.201052,0
1,2017,12,18,22,0,0,0,23.343491,0
1,2017,12,18,22,1,0,0,18.315677,0
1,2017,12,18,22,2,0,0,14.437159,0
1,2017,12,18,22,3,0,0,16.36402,0
1,2017,12,18,23,0,0,0,23.505857,0
1,2017,12,18,23,1,0,0,21.152049,0
1,2017,12,18,23,2,0,0,21.289397,0
1,2017,12,18,23,3,0,0,14.527389,0
1,2017,12,19,0,0,0,0,17.709737,0
1,2017,12,19,0,1,0,0,17.712148,0
1,2017,12,19,0,2,0,0,9.750021,0
1,2017,12,19,0,3,0,0,6.225997,0
1,2017,12,19,1,0,0,0,5.336552,0
1,2017,12,19,1,1,0,0,5.336552,0
1,2017,12,19,1,2,0,0,5.336552,0
1,2017,12,19,1,3,0,0,11.580823,0
1,2017,12,19,2,0,0,0,12.779566,0
1,2017,12,19,2,1,0,0,8.849263,0
1,2017,12,19,2,2,0,0,6.884111,0
1,2017,12,19,2,3,0,0,6.884111,0
1,2017,12,19,3,0,0,0,6.884111,0
1,2017,12,19,3,1,0,0,11.019945,0
1,2017,12,19,3,2,0,0,15.746611,0
1,2017,12,19,3,3,0,0,15.155778,0
1,2017,12,19,4,0,0,0,6.884111,0
1,2017,12,19,4,1,0,0,6.884111,0
1,2017,12,19,4,2,0,0,6.884111,0
1,2017,12,19,4,3,0,0,6.884111,0
1,2017,12,19,5,0,0,0,6.884111,0
1,2017,12,19,5,1,0,0,5.852405,0
1,2017,12,19,5,2,0,0,6.000108,0
1,2017,12,19,5,3,0,0,10.313219,0
1,2017,12,19,6,0,0,0,10.313219,0
1,2017,12,19,6,1,0,0,9.649663,0
1,2017,12,19,6,2,0,0,10.246552,0
1,2017,12,19,6,3,0,0,5.914052,0
1,2017,12,19,7,0,0,0,7.839052,0
1,2017,12,19,7,1,0,0,5.336552,0
1,2017,12,19,7,2,0,0,5.336552,0
1,2017,12,19,7,3,0,0,13.265927,0
1,2017,12,19,8,0,0,0,16.93562,0
1,2017,12,19,8,1,0,0,16.082945,0
1,2017,12,19,8,2,0,0,9.222682,0
1,2017,12,19,8,3,0,0,5.004448,0
1,2017,12,19,9,0,0,0,5.787779,0
1,2017,12,19,9,1,0,0,9.127219,0
1,2017,12,19,9,2,0,0,8.982894,0
1,2017,12,19,9,3,0,0,15.214201,0
1,2017,12,19,10,0,0,0,12.755886,0
1,2017,12,19,10,1,0,0,18.003266,0
1,2017,12,19,10,2,0,0,13.822079,0
1,2017,12,19,10,3,0,0,12.487109,0
1,2017,12,19,11,0,0,0,28.416067,0
1,2017,12,19,11,1,0,0,21.575166,0
1,2017,12,19,11,2,0,0,18.80088,0
1,2017,12,19,11,3,0,0,12.167455,0
1,2017,12,19,12,0,0,0,21.392216,0
1,2017,12,19,12,1,0,0,24.796001,0
1,2017,12,19,12,2,0,0,21.497726,0
1,2017,12,19,12,3,0,0,20.920108,0
1,2017,12,19,13,0,0,0,24.340479,0
1,2017,12,19,13,1,0,0,24.664706,0
1,2017,12,19,13,2,0,0,27.243894,0
1,2017,12,19,13,3,0,0,24.077276,0
1,2017,12,19,14,0,0,0,24.650473,0
1,2017,12,19,14,1,0,0,19.692768,0
1,2017,12,19,14,2,0,0,31.458679,0
1,2017,12,19,14,3,0,0,29.286292,0
1,2017,12,19,15,0,0,0,23.643916,0
1,2017,12,19,15,1,0,0,17.006241,0
1,2017,12,19,15,2,0,0,28.15282,0
1,2017,12,19,15,3,0,0,25.314987,0
1,2017,12,19,16,0,0,0,19.527583,0
1,2017,12,19,16,1,0,0,18.456223,0
1,2017,12,19,16,2,0,0,22.728803,0
1,2017,12,19,16,3,0,0,25.098297,0
1,2017,12,19,17,0,0,0,20.912343,0
1,2017,12,19,17,1,0,0,14.346564,0
1,2017,12,19,17,2,0,0,9.063755,0
1,2017,12,19,17,3,0,0,16.831331,0
1,2017,12,19,18,0,0,0,22.6184,0
1,2017,12,19,18,1,0,0,7.820741,0
1,2017,12,19,18,2,0,0,8.110312,0
1,2017,12,19,18,3,0,0,5.648863,0
1,2017,12,19,19,0,0,0,8.649683,0
1,2017,12,19,19,1,0,0,14.59084,0
1,2017,12,19,19,2,0,0,14.492217,0
1,2017,12,19,19,3,0,0,13.494126,0
1,2017,12,19,20,0,0,0,21.476338,0
1,2017,12,19,20,1,0,0,16.300707,0
1,2017,12,19,20,2,0,0,24.28378,0
1,2017,12,19,20,3,0,0,18.616353,0
1,2017,12,19,21,0,0,0,16.051471,0
1,2017,12,19,21,1,0,0,15.280154,0
1,2017,12,19,21,2,0,0,17.369748,0
1,2017,12,19,21,3,0,0,11.959309,0
1,2017,12,19,22,0,0,0,7.643476,0
1,2017,12,19,22,1,0,0,11.150142,0
1,2017,12,19,22,2,0,0,18.236017,0
1,2017,12,19,22,3,0,0,10.767213,0
1,2017,12,19,23,0,0,0,11.426758,0
1,2017,12,19,23,1,0,0,8.80621,0
1,2017,12,19,23,2,0,0,9.013483,0
1,2017,12,19,23,3,0,0,14.854016,0
1,2017,12,20,0,0,0,0,12.280205,0
1,2017,12,20,0,1,0,0,15.033255,0
1,2017,12,20,0,2,0,0,9.330958,0
1,2017,12,20,0,3,0,0,7.792265,0
1,2017,12,20,1,0,0,0,16.944837,0
1,2017,12,20,1,1,0,0,15.981143,0
1,2017,12,20,1,2,0,0,6.579057,0
1,2017,12,20,1,3,0,0,7.079057,0
1,2017,12,20,2,0,0,0,19.988267,0
1,2017,12,20,2,1,0,0,24.371377,0
1,2017,12,20,2,2,0,0,20.047526,0
1,2017,12,20,2,3,0,0,15.638432,0
1,2017,12,20,3,0,0,0,8.102345,0
1,2017,12,20,3,1,0,0,5.869886,0
1,2017,12,20,3,2,0,0,5.869886,0
1,2017,12,20,3,3,0,0,8.523219,0
1,2017,12,20,4,0,0,0,15.819886,0
1,2017,12,20,4,1,0,0,15.156552,0
1,2017,12,20,4,2,0,0,6.35394,0
1,2017,12,20,4,3,0,0,13.130696,0
1,2017,12,20,5,0,0,0,13.130696,0
1,2017,12,20,5,1,0,0,8.533897,0
1,2017,12,20,5,2,0,0,5.469363,0
1,2017,12,20,5,3,0,0,10.728467,0
1,2017,12,20,6,0,0,0,13.944656,0
1,2017,12,20,6,1,0,0,13.205708,0
1,2017,12,20,6,2,0,0,16.27556,0
1,2017,12,20,6,3,0,0,14.826529,0
1,2017,12,20,7,0,0,0,13.905261,0
1,2017,12,20,7,1,0,0,10.082697,0
1,2017,12,20,7,2,0,0,8.549751,0
1,2017,12,20,7,3,0,0,10.84916,0
1,2017,12,20,8,0,0,0,12.711592,0
1,2017,12,20,8,1,0,0,11.905979,0
1,2017,12,20,8,2,0,0,6.684403,0
1,2017,12,20,8,3,0,0,9.890664,0
1,2017,12,20,9,0,0,0,11.297573,0
1,2017,12,20,9,1,0,0,9.200718,0
1,2017,12,20,9,2,0,0,6.074391,0
1,2017,12,20,9,3,0,0,6.166093,0
1,2017,12,20,10,0,0,0,13.545453,0
1,2017,12,20,10,1,0,0,24.039308,0
1,2017,12,20,10,2,0,0,26.094269,0
1,2017,12,20,10,3,0,0,17.577537,0
1,2017,12,20,11,0,0,0,22.645964,0
1,2017,12,20,11,1,0,0,19.686111,0
1,2017,12,20,11,2,0,0,13.856883,0
1,2017,12,20,11,3,0,0,13.21743,0
1,2017,12,20,12,0,0,0,16.89449,0
1,2017,12,20,12,1,0,0,19.799172,0
1,2017,12,20,12,2,0,0,27.185123,0
1,2017,12,20,12,3,0,0,26.534071,0
1,2017,12,20,13,0,0,0,23.898572,0
1,2017,12,20,13,1,0,0,24.546362,0
1,2017,12,20,13,2,0,0,32.095552,0
1,2017,12,20,13,3,0,0,39.437165,0
1,2017,12,20,14,0,0,0,39.011322,0
1,2017,12,20,14,1,0,0,22.808165,0
1,2017,12,20,14,2,0,0,31.054342,0
1,2017,12,20,14,3,0,0,28.467449,0
1,2017,12,20,15,0,0,0,16.467809,0
1,2017,12,20,15,1,0,0,20.798219,0
1,2017,12,20,15,2,0,0,23.773907,0
1,2017,12,20,15,3,0,0,17.740093,0
1,2017,12,20,16,0,0,0,12.339902,0
1,2017,12,20,16,1,0,0,15.042328,0
1,2017,12,20,16,2,0,0,16.796606,0
1,2017,12,20,16,3,0,0,13.024412,0
1,2017,12,20,17,0,0,0,14.305736,0
1,2017,12,20,17,1,0,0,13.877992,0
1,2017,12,20,17,2,0,0,12.449406,0
1,2017,12,20,17,3,0,0,11.387532,0
1,2017,12,20,18,0,0,0,14.958877,0
1,2017,12,20,18,1,0,0,21.360619,0
1,2017,12,20,18,2,0,0,17.212533,0
1,2017,12,20,18,3,0,0,17.764333,0
1,2017,12,20,19,0,0,0,14.660938,0
1,2017,12,20,19,1,0,0,8.448578,0
1,2017,12,20,19,2,0,0,11.755468,0
1,2017,12,20,19,3,0,0,17.069418,0
1,2017,12,20,20,0,0,0,19.829654,0
1,2017,12,20,20,1,0,0,6.734829,0
1,2017,12,20,20,2,0,0,4.116272,0
1,2017,12,20,20,3,0,0,3.464932,0
1,2017,12,20,21,0,0,0,3.666103,0
1,2017,12,20,21,1,0,0,3.914513,0
1,2017,12,20,21,2,0,0,4.574457,0
1,2017,12,20,21,3,0,0,6.717767,0
1,2017,12,20,22,0,0,0,18.10181,0
1,2017,12,20,22,1,0,0,13.848602,0
1,2017,12,20,22,2,0,0,14.296845,0
1,2017,12,20,22,3,0,0,18.656515,0
1,2017,12,20,23,0,0,0,8.812116,0
1,2017,12,20,23,1,0,0,8.762936,0
1,2017,12,20,23,2,0,0,11.904042,0
1,2017,12,20,23,3,0,0,11.904042,0
1,2017,12,21,0,0,0,0,11.904042,0
1,2017,12,21,0,1,0,0,12.446072,0
1,2017,12,21,0,2,0,0,13.226972,0
1,2017,12,21,0,3,0,0,12.186723,0
1,2017,12,21,1,0,0,0,11.729486,0
1,2017,12,21,1,1,0,0,9.201236,0
1,2017,12,21,1,2,0,0,10.913418,0
1,2017,12,21,1,3,0,0,13.163691,0
1,2017,12,21,2,0,0,0,15.1146,0
1,2017,12,21,2,1,0,0,10.438236,0
1,2017,12,21,2,2,0,0,10.438236,0
1,2017,12,21,2,3,0,0,8.878236,0
1,2017,12,21,3,0,0,0,16.575168,0
1,2017,12,21,3,1,0,0,30.130024,0
1,2017,12,21,3,2,0,0,24.16718,0
1,2017,12,21,3,3,0,0,13.990573,0
1,2017,12,21,4,0,0,0,5.758236,0
1,2017,12,21,4,1,0,0,5.758236,0
1,2017,12,21,4,2,0,0,8.252973,0
1,2017,12,21,4,3,0,0,7.2135,0
1,2017,12,21,5,0,0,0,5.758236,0
1,2017,12,21,5,1,0,0,9.474099,0
1,2017,12,21,5,2,0,0,12.725478,0
1,2017,12,21,5,3,0,0,8.545133,0
1,2017,12,21,6,0,0,0,5.758236,0
1,2017,12,21,6,1,0,0,5.758236,0
1,2017,12,21,6,2,0,0,5.758236,0
1,2017,12,21,6,3,0,0,9.363394,0
1,2017,12,21,7,0,0,0,11.599921,0
1,2017,12,21,7,1,0,0,9.851921,0
1,2017,12,21,7,2,0,0,12.697997,0
1,2017,12,21,7,3,0,0,15.693103,0
1,2017,12,21,8,0,0,0,14.121924,0
1,2017,12,21,8,1,0,0,9.661349,0
1,2017,12,21,8,2,0,0,12.210473,0
1,2017,12,21,8,3,0,0,11.353951,0
1,2017,12,21,9,0,0,0,6.849306,0
1,2017,12,21,9,1,0,0,16.976321,0
1,2017,12,21,9,2,0,0,15.589824,0
1,2017,12,21,9,3,0,0,25.680933,0
1,2017,12,21,10,0,0,0,25.10634,0
1,2017,12,21,10,1,0,0,15.459748,0
1,2017,12,21,10,2,0,0,16.154882,0
1,2017,12,21,10,3,0,0,25.660967,0
1,2017,12,21,11,0,0,0,26.173471,0
1,2017,12,21,11,1,0,0,20.729455,0
1,2017,12,21,11,2,0,0,28.448158,0
1,2017,12,21,11,3,0,0,29.518298,0
1,2017,12,21,12,0,0,0,21.651783,0
1,2017,12,21,12,1,0,0,22.086701,0
1,2017,12,21,12,2,0,0,17.08352,0
1,2017,12,21,12,3,0,0,20.332012,0
1,2017,12,21,13,0,0,0,22.012641,0
1,2017,12,21,13,1,0,0,22.007198,0
1,2017,12,21,13,2,0,0,26.575515,0
1,2017,12,21,13,3,0,0,31.473641,0
1,2017,12,21,14,0,0,0,16.698629,0
1,2017,12,21,14,1,0,0,18.211087,0
1,2017,12,21,14,2,0,0,25.76408,0
1,2017,12,21,14,3,0,0,38.320154,0
1,2017,12,21,15,0,0,0,42.778448,0
1,2017,12,21,15,1,0,0,35.27192,0
1,2017,12,21,15,2,0,0,33.869264,0
1,2017,12,21,15,3,0,0,27.121423,0
1,2017,12,21,16,0,0,0,25.002331,0
1,2017,12,21,16,1,0,0,19.541906,0
1,2017,12,21,16,2,0,0,14.32966,0
1,2017,12,21,16,3,0,0,16.83621,0
1,2017,12,21,17,0,0,0,13.542159,0
1,2017,12,21,17,1,0,0,9.835412,0
1,2017,12,21,17,2,0,0,10.70611,0
1,2017,12,21,17,3,0,0,16.326349,0
1,2017,12,21,18,0,0,0,27.257939,0
1,2017,12,21,18,1,0,0,22.974491,0
1,2017,12,21,18,2,0,0,27.702544,0
1,2017,12,21,18,3,0,0,29.605012,0
1,2017,12,21,19,0,0,0,25.467404,0
1,2017,12,21,19,1,0,0,26.897099,0
1,2017,12,21,19,2,0,0,15.259661,0
1,2017,12,21,19,3,0,0,17.274098,0
1,2017,12,21,20,0,0,0,19.765881,0
1,2017,12,21,20,1,0,0,22.949215,0
1,2017,12,21,20,2,0,0,24.734008,0
1,2017,12,21,20,3,0,0,14.601138,0
1,2017,12,21,21,0,0,0,16.321749,0
1,2017,12,21,21,1,0,0,19.159491,0
1,2017,12,21,21,2,0,0,21.865163,0
1,2017,12,21,21,3,0,0,13.743944,0
1,2017,12,21,22,0,0,0,21.044953,0
1,2017,12,21,22,1,0,0,30.423829,0
1,2017,12,21,22,2,0,0,24.102768,0
1,2017,12,21,22,3,0,0,12.356587,0
1,2017,12,21,23,0,0,0,13.153634,0
1,2017,12,21,23,1,0,0,13.766848,0
1,2017,12,21,23,2,0,0,19.237,0
1,2017,12,21,23,3,0,0,22.052751,0
1,2017,12,22,0,0,0,0,13.216325,0
1,2017,12,22,0,1,0,0,17.927325,0
1,2017,12,22,0,2,0,0,11.373127,0
1,2017,12,22,0,3,0,0,15.440593,0
1,2017,12,22,1,0,0,0,19.641849,0
1,2017,12,22,1,1,0,0,8.108275,0
1,2017,12,22,1,2,0,0,8.108275,0
1,2017,12,22,1,3,0,0,8.118103,0
1,2017,12,22,2,0,0,0,21.010701,0
1,2017,12,22,2,1,0,0,15.087223,0
1,2017,12,22,2,2,0,0,7.061854,0
1,2017,12,22,2,3,0,0,5.16697,0
1,2017,12,22,3,0,0,0,5.16697,0
1,2017,12,22,3,1,0,0,5.798113,0
1,2017,12,22,3,2,0,0,15.264113,0
1,2017,12,22,3,3,0,0,20.304113,0
1,2017,12,22,4,0,0,0,13.851542,0
1,2017,12,22,4,1,0,0,5.72697,0
1,2017,12,22,4,2,0,0,5.16697,0
1,2017,12,22,4,3,0,0,5.16697,0
1,2017,12,22,5,0,0,0,5.16697,0
1,2017,12,22,5,1,0,0,5.16697,0
1,2017,12,22,5,2,0,0,12.570128,0
1,2017,12,22,5,3,0,0,8.583812,0
1,2017,12,22,6,0,0,0,5.16697,0
1,2017,12,22,6,1,0,0,5.16697,0
1,2017,12,22,6,2,0,0,5.16697,0
1,2017,12,22,6,3,0,0,5.16697,0
1,2017,12,22,7,0,0,0,5.16697,0
1,2017,12,22,7,1,0,0,5.16697,0
1,2017,12,22,7,2,0,0,5.16697,0
1,2017,12,22,7,3,0,0,5.115028,0
1,2017,12,22,8,0,0,0,17.863373,0
1,2017,12,22,8,1,0,0,16.135456,0
1,2017,12,22,8,2,0,0,22.304344,0
1,2017,12,22,8,3,0,0,13.310383,0
1,2017,12,22,9,0,0,0,7.267176,0
1,2017,12,22,9,1,0,0,3.887008,0
1,2017,12,22,9,2,0,0,13.877622,0
1,2017,12,22,9,3,0,0,6.548021,0
1,2017,12,22,10,0,0,0,8.104247,0
1,2017,12,22,10,1,0,0,14.256319,0
1,2017,12,22,10,2,0,0,13.929203,0
1,2017,12,22,10,3,0,0,17.691694,0
1,2017,12,22,11,0,0,0,18.589524,0
1,2017,12,22,11,1,0,0,25.824488,0
1,2017,12,22,11,2,0,0,21.677223,0
1,2017,12,22,11,3,0,0,16.304232,0
1,2017,12,22,12,0,0,0,15.864135,0
1,2017,12,22,12,1,0,0,15.364339,0
1,2017,12,22,12,2,0,0,25.826263,0
1,2017,12,22,12,3,0,0,25.587311,0
1,2017,12,22,13,0,0,0,23.027783,0
1,2017,12,22,13,1,0,0,21.163573,0
1,2017,12,22,13,2,0,0,19.544548,0
1,2017,12,22,13,3,0,0,20.569775,0
1,2017,12,22,14,0,0,0,25.24043,0
1,2017,12,22,14,1,0,0,28.734423,0
1,2017,12,22,14,2,0,0,27.959311,0
1,2017,12,22,14,3,0,0,33.313567,0
1,2017,12,22,15,0,0,0,36.729671,0
1,2017,12,22,15,1,0,0,31.062773,0
1,2017,12,22,15,2,0,0,33.175716,0
1,2017,12,22,15,3,0,0,33.551574,0
1,2017,12,22,16,0,0,0,29.660451,0
1,2017,12,22,16,1,0,0,28.516622,0
1,2017,12,22,16,2,0,0,17.258215,0
1,2017,12,22,16,3,0,0,12.817232,0
1,2017,12,22,17,0,0,0,22.143585,0
1,2017,12,22,17,1,0,0,21.938304,0
1,2017,12,22,17,2,0,0,29.525182,0
1,2017,12,22,17,3,0,0,24.087453,0
1,2017,12,22,18,0,0,0,22.038823,0
1,2017,12,22,18,1,0,0,22.173945,0
1,2017,12,22,18,2,0,0,19.619419,0
1,2017,12,22,18,3,0,0,21.629813,0
1,2017,12,22,19,0,0,0,17.203804,0
1,2017,12,22,19,1,0,0,15.886088,0
1,2017,12,22,19,2,0,0,18.095688,0
1,2017,12,22,19,3,0,0,10.277615,0
1,2017,12,22,20,0,0,0,17.112954,0
1,2017,12,22,20,1,0,0,19.13076,0
1,2017,12,22,20,2,0,0,18.60049,0
1,2017,12,22,20,3,0,0,17.682242,0
1,2017,12,22,21,0,0,0,10.752167,0
1,2017,12,22,21,1,0,0,16.001136,0
1,2017,12,22,21,2,0,0,26.564521,0
1,2017,12,22,21,3,0,0,28.963311,0
1,2017,12,22,22,0,0,0,30.441889,0
1,2017,12,22,22,1,0,0,31.390388,0
1,2017,12,22,22,2,0,0,19.221192,0
1,2017,12,22,22,3,0,0,20.675808,0
1,2017,12,22,23,0,0,0,18.67663,0
1,2017,12,22,23,1,0,0,18.9873,0
1,2017,12,22,23,2,0,0,11.827881,0
1,2017,12,22,23,3,0,0,10.539261,0
1,2017,12,23,0,0,0,0,25.147019,0
1,2017,12,23,0,1,0,0,12.841606,0
1,2017,12,23,0,2,0,0,11.639878,0
1,2017,12,23,0,3,0,0,18.154594,0
1,2017,12,23,1,0,0,0,14.868077,0
1,2017,12,23,1,1,0,0,13.135118,0
1,2017,12,23,1,2,0,0,18.953238,0
1,2017,12,23,1,3,0,0,17.336325,0
1,2017,12,23,2,0,0,0,17.073133,0
1,2017,12,23,2,1,0,0,17.720862,0
1,2017,12,23,2,2,0,0,20.28816,0
1,2017,12,23,2,3,0,0,12.990046,0
1,2017,12,23,3,0,0,0,12.969202,0
1,2017,12,23,3,1,0,0,5.428293,0
1,2017,12,23,3,2,0,0,9.226626,0
1,2017,12,23,3,3,0,0,17.847543,0
1,2017,12,23,4,0,0,0,21.194181,0
1,2017,12,23,4,1,0,0,18.123674,0
1,2017,12,23,4,2,0,0,23.25007,0
1,2017,12,23,4,3,0,0,13.55781,0
1,2017,12,23,5,0,0,0,7.367078,0
1,2017,12,23,5,1,0,0,10.058301,0
1,2017,12,23,5,2,0,0,11.546439,0
1,2017,12,23,5,3,0,0,9.507059,0
1,2017,12,23,6,0,0,0,9.674059,0
1,2017,12,23,6,1,0,0,12.145118,0
1,2017,12,23,6,2,0,0,18.79885,0
1,2017,12,23,6,3,0,0,4.032225,0
1,2017,12,23,7,0,0,0,7.99437,0
1,2017,12,23,7,1,0,0,16.616753,0
1,2017,12,23,7,2,0,0,23.411753,0
1,2017,12,23,7,3,0,0,6.624052,0
1,2017,12,23,8,0,0,0,5.935158,0
1,2017,12,23,8,1,0,0,4.025958,0
1,2017,12,23,8,2,0,0,3.356653,0
1,2017,12,23,8,3,0,0,9.84602,0
1,2017,12,23,9,0,0,0,9.1578,0
1,2017,12,23,9,1,0,0,12.350555,0
1,2017,12,23,9,2,0,0,6.887484,0
1,2017,12,23,9,3,0,0,9.541242,0
1,2017,12,23,10,0,0,0,13.190744,0
1,2017,12,23,10,1,0,0,15.204336,0
1,2017,12,23,10,2,0,0,9.997256,0
1,2017,12,23,10,3,0,0,8.915936,0
1,2017,12,23,11,0,0,0,12.244552,0
1,2017,12,23,11,1,0,0,8.366533,0
1,2017,12,23,11,2,0,0,7.358699,0
1,2017,12,23,11,3,0,0,16.027753,0
1,2017,12,23,12,0,0,0,11.442506,0
1,2017,12,23,12,1,0,0,12.565998,0
1,2017,12,23,12,2,0,0,14.535053,0
1,2017,12,23,12,3,0,0,16.289827,0
1,2017,12,23,13,0,0,0,17.274164,0
1,2017,12,23,13,1,0,0,15.465353,0
1,2017,12,23,13,2,0,0,18.191236,0
1,2017,12,23,13,3,0,0,23.231404,0
1,2017,12,23,14,0,0,0,17.318306,0
1,2017,12,23,14,1,0,0,21.142394,0
1,2017,12,23,14,2,0,0,15.716797,0
1,2017,12,23,14,3,0,0,21.88476,0
1,2017,12,23,15,0,0,0,14.774603,0
1,2017,12,23,15,1,0,0,21.185113,0
1,2017,12,23,15,2,0,0,13.842411,0
1,2017,12,23,15,3,0,0,15.587451,0
1,2017,12,23,16,0,0,0,23.294066,0
1,2017,12,23,16,1,0,0,19.273841,0
1,2017,12,23,16,2,0,0,21.791486,0
1,2017,12,23,16,3,0,0,24.545199,0
1,2017,12,23,17,0,0,0,26.531449,0
1,2017,12,23,17,1,0,0,21.965034,0
1,2017,12,23,17,2,0,0,24.667585,0
1,2017,12,23,17,3,0,0,19.439025,0
1,2017,12,23,18,0,0,0,17.407212,0
1,2017,12,23,18,1,0,0,27.575904,0
1,2017,12,23,18,2,0,0,32.756388,0
1,2017,12,23,18,3,0,0,22.186022,0
1,2017,12,23,19,0,0,0,21.73334,0
1,2017,12,23,19,1,0,0,10.501444,0
1,2017,12,23,19,2,0,0,14.310746,0
1,2017,12,23,19,3,0,0,21.69899,0
1,2017,12,23,20,0,0,0,21.112499,0
1,2017,12,23,20,1,0,0,9.505282,0
1,2017,12,23,20,2,0,0,14.815462,0
1,2017,12,23,20,3,0,0,18.441079,0
1,2017,12,23,21,0,0,0,22.536059,0
1,2017,12,23,21,1,0,0,14.694433,0
1,2017,12,23,21,2,0,0,18.780908,0
1,2017,12,23,21,3,0,0,15.193851,0
1,2017,12,23,22,0,0,0,10.769144,0
1,2017,12,23,22,1,0,0,15.853034,0
1,2017,12,23,22,2,0,0,16.256246,0
1,2017,12,23,22,3,0,0,19.793157,0
1,2017,12,23,23,0,0,0,18.034454,0
1,2017,12,23,23,1,0,0,24.165701,0
1,2017,12,23,23,2,0,0,26.230738,0
1,2017,12,23,23,3,0,0,22.183521,0
1,2017,12,24,0,0,0,0,13.369821,0
1,2017,12,24,0,1,0,0,29.645642,0
1,2017,12,24,0,2,0,0,16.609382,0
1,2017,12,24,0,3,0,0,12.807011,0
1,2017,12,24,1,0,0,0,13.526021,0
1,2017,12,24,1,1,0,0,22.892275,0
1,2017,12,24,1,2,0,0,11.782591,0
1,2017,12,24,1,3,0,0,5.442884,0
1,2017,12,24,2,0,0,0,8.949884,0
1,2017,12,24,2,1,0,0,13.751172,0
1,2017,12,24,2,2,0,0,26.209203,0
1,2017,12,24,2,3,0,0,27.662598,0
1,2017,12,24,3,0,0,0,27.255768,0
1,2017,12,24,3,1,0,0,24.33287,0
1,2017,12,24,3,2,0,0,24.927604,0
1,2017,12,24,3,3,0,0,12.388682,0
1,2017,12,24,4,0,0,0,8.81278,0
1,2017,12,24,4,1,0,0,7.83878,0
1,2017,12,24,4,2,0,0,14.292626,0
1,2017,12,24,4,3,0,0,9.521767,0
1,2017,12,24,5,0,0,0,6.05628,0
1,2017,12,24,5,1,0,0,14.11628,0
1,2017,12,24,5,2,0,0,12.654221,0
1,2017,12,24,5,3,0,0,11.989757,0
1,2017,12,24,6,0,0,0,4.114529,0
1,2017,12,24,6,1,0,0,4.008398,0
1,2017,12,24,6,2,0,0,14.846485,0
1,2017,12,24,6,3,0,0,21.149485,0
1,2017,12,24,7,0,0,0,12.403833,0
1,2017,12,24,7,1,0,0,15.966015,0
1,2017,12,24,7,2,0,0,3.180848,0
1,2017,12,24,7,3,0,0,3.065024,0
1,2017,12,24,8,0,0,0,3.926647,0
1,2017,12,24,8,1,0,0,3.999781,0
1,2017,12,24,8,2,0,0,2.912555,0
1,2017,12,24,8,3,0,0,11.176048,0
1,2017,12,24,9,0,0,0,9.185498,0
1,2017,12,24,9,1,0,0,5.757816,0
1,2017,12,24,9,2,0,0,7.538043,0
1,2017,12,24,9,3,0,0,2.680806,0
1,2017,12,24,10,0,0,0,3.97028,0
1,2017,12,24,10,1,0,0,9.609754,0
1,2017,12,24,10,2,0,0,9.87668,0
1,2017,12,24,10,3,0,0,4.216145,0
1,2017,12,24,11,0,0,0,3.518729,0
1,2017,12,24,11,1,0,0,5.207428,0
1,2017,12,24,11,2,0,0,8.998437,0
1,2017,12,24,11,3,0,0,4.723019,0
1,2017,12,24,12,0,0,0,3.417079,0
1,2017,12,24,12,1,0,0,9.058581,0
1,2017,12,24,12,2,0,0,7.155244,0
1,2017,12,24,12,3,0,0,7.918671,0
1,2017,12,24,13,0,0,0,9.902172,0
1,2017,12,24,13,1,0,0,13.169961,0
1,2017,12,24,13,2,0,0,14.586528,0
1,2017,12,24,13,3,0,0,12.813237,0
1,2017,12,24,14,0,0,0,7.334916,0
1,2017,12,24,14,1,0,0,12.937201,0
1,2017,12,24,14,2,0,0,19.636893,0
1,2017,12,24,14,3,0,0,24.655652,0
1,2017,12,24,15,0,0,0,19.549182,0
1,2017,12,24,15,1,0,0,21.546445,0
1,2017,12,24,15,2,0,0,26.791631,0
1,2017,12,24,15,3,0,0,25.17155,0
1,2017,12,24,16,0,0,0,20.675831,0
1,2017,12,24,16,1,0,0,16.864258,0
1,2017,12,24,16,2,0,0,17.715015,0
1,2017,12,24,16,3,0,0,27.373761,0
1,2017,12,24,17,0,0,0,27.49087,0
1,2017,12,24,17,1,0,0,23.581426,0
1,2017,12,24,17,2,0,0,21.755166,0
1,2017,12,24,17,3,0,0,10.44096,0
1,2017,12,24,18,0,0,0,19.599201,0
1,2017,12,24,18,1,0,0,20.045504,0
1,2017,12,24,18,2,0,0,16.450222,0
1,2017,12,24,18,3,0,0,18.846396,0
1,2017,12,24,19,0,0,0,13.671119,0
1,2017,12,24,19,1,0,0,7.906591,0
1,2017,12,24,19,2,0,0,8.674091,0
1,2017,12,24,19,3,0,0,9.584475,0
1,2017,12,24,20,0,0,0,7.957179,0
1,2017,12,24,20,1,0,0,16.978206,0
1,2017,12,24,20,2,0,0,21.18389,0
1,2017,12,24,20,3,0,0,6.694857,0
1,2017,12,24,21,0,0,0,13.950523,0
1,2017,12,24,21,1,0,0,10.379622,0
1,2017,12,24,21,2,0,0,13.835196,0
1,2017,12,24,21,3,0,0,10.927207,0
1,2017,12,24,22,0,0,0,15.058673,0
1,2017,12,24,22,1,0,0,20.361377,0
1,2017,12,24,22,2,0,0,23.673691,0
1,2017,12,24,22,3,0,0,13.022375,0
1,2017,12,24,23,0,0,0,8.271859,0
1,2017,12,24,23,1,0,0,14.271523,0
1,2017,12,24,23,2,0,0,5.789913,0
1,2017,12,24,23,3,0,0,2.473731,0
1,2017,12,25,0,0,0,0,12.922192,0
1,2017,12,25,0,1,0,0,15.247496,0
1,2017,12,25,0,2,0,0,20.495993,0
1,2017,12,25,0,3,0,0,14.5621,0
1,2017,12,25,1,0,0,0,11.28621,0
1,2017,12,25,1,1,0,0,3.454631,0
1,2017,12,25,1,2,0,0,12.809436,0
1,2017,12,25,1,3,0,0,19.494371,0
1,2017,12,25,2,0,0,0,20.730086,0
1,2017,12,25,2,1,0,0,9.185831,0
1,2017,12,25,2,2,0,0,10.413905,0
1,2017,12,25,2,3,0,0,11.046205,0
1,2017,12,25,3,0,0,0,19.20195,0
1,2017,12,25,3,1,0,0,16.05394,0
1,2017,12,25,3,2,0,0,9.797152,0
1,2017,12,25,3,3,0,0,11.235413,0
1,2017,12,25,4,0,0,0,6.504761,0
1,2017,12,25,4,1,0,0,11.954438,0
1,2017,12,25,4,2,0,0,14.712503,0
1,2017,12,25,4,3,0,0,5.377341,0
1,2017,12,25,5,0,0,0,3.454761,0
1,2017,12,25,5,1,0,0,3.454761,0
1,2017,12,25,5,2,0,0,3.454761,0
1,2017,12,25,5,3,0,0,8.636579,0
1,2017,12,25,6,0,0,0,11.720769,0
1,2017,12,25,6,1,0,0,13.693891,0
1,2017,12,25,6,2,0,0,6.867804,0
1,2017,12,25,6,3,0,0,3.454761,0
1,2017,12,25,7,0,0,0,3.454761,0
1,2017,12,25,7,1,0,0,7.739978,0
1,2017,12,25,7,2,0,0,12.114543,0
1,2017,12,25,7,3,0,0,12.918927,0
1,2017,12,25,8,0,0,0,8.442336,0
1,2017,12,25,8,1,0,0,2.693591,0
1,2017,12,25,8,2,0,0,2.174392,0
1,2017,12,25,8,3,0,0,2.222291,0
1,2017,12,25,9,0,0,0,2.432291,0
1,2017,12,25,9,1,0,0,2.797916,0
1,2017,12,25,9,2,0,0,6.355729,0
1,2017,12,25,9,3,0,0,6.355729,0
1,2017,12,25,10,0,0,0,1.644791,0
1,2017,12,25,10,1,0,0,1.644791,0
1,2017,12,25,10,2,0,0,1.644791,0
1,2017,12,25,10,3,0,0,1.644791,0
1,2017,12,25,11,0,0,0,1.644791,0
1,2017,12,25,11,1,0,0,1.644791,0
1,2017,12,25,11,2,0,0,1.644791,0
1,2017,12,25,11,3,0,0,1.644791,0
1,2017,12,25,12,0,0,0,5.860846,0
1,2017,12,25,12,1,0,0,7.288624,0
1,2017,12,25,12,2,0,0,7.008874,0
1,2017,12,25,12,3,0,0,4.120083,0
1,2017,12,25,13,0,0,0,2.552583,0
1,2017,12,25,13,1,0,0,9.250542,0
1,2017,12,25,13,2,0,0,11.174269,0
1,2017,12,25,13,3,0,0,10.423206,0
1,2017,12,25,14,0,0,0,11.414962,0
1,2017,12,25,14,1,0,0,7.47212,0
1,2017,12,25,14,2,0,0,9.26068,0
1,2017,12,25,14,3,0,0,18.358537,0
1,2017,12,25,15,0,0,0,13.405753,0
1,2017,12,25,15,1,0,0,10.096813,0
1,2017,12,25,15,2,0,0,18.673266,0
1,2017,12,25,15,3,0,0,17.524566,0
1,2017,12,25,16,0,0,0,15.810766,0
1,2017,12,25,16,1,0,0,6.192192,0
1,2017,12,25,16,2,0,0,8.019568,0
1,2017,12,25,16,3,0,0,6.840872,0
1,2017,12,25,17,0,0,0,5.599855,0
1,2017,12,25,17,1,0,0,5.509397,0
1,2017,12,25,17,2,0,0,6.031205,0
1,2017,12,25,17,3,0,0,13.771347,0
1,2017,12,25,18,0,0,0,7.324031,0
1,2017,12,25,18,1,0,0,9.067698,0
1,2017,12,25,18,2,0,0,10.595097,0
1,2017,12,25,18,3,0,0,10.189097,0
1,2017,12,25,19,0,0,0,7.209911,0
1,2017,12,25,19,1,0,0,20.516549,0
1,2017,12,25,19,2,0,0,10.381178,0
1,2017,12,25,19,3,0,0,16.766573,0
1,2017,12,25,20,0,0,0,5.871128,0
1,2017,12,25,20,1,0,0,11.548545,0
1,2017,12,25,20,2,0,0,19.535601,0
1,2017,12,25,20,3,0,0,21.82842,0
1,2017,12,25,21,0,0,0,21.888332,0
1,2017,12,25,21,1,0,0,12.972553,0
1,2017,12,25,21,2,0,0,6.749174,0
1,2017,12,25,21,3,0,0,2.44473,0
1,2017,12,25,22,0,0,0,10.161396,0
1,2017,12,25,22,1,0,0,12.886362,0
1,2017,12,25,22,2,0,0,23.366545,0
1,2017,12,25,22,3,0,0,24.749238,0
1,2017,12,25,23,0,0,0,19.289397,0
1,2017,12,25,23,1,0,0,21.419266,0
1,2017,12,25,23,2,0,0,24.09731,0
1,2017,12,25,23,3,0,0,30.309516,0
1,2017,12,26,0,0,0,0,18.934893,0
1,2017,12,26,0,1,0,0,7.596836,0
1,2017,12,26,0,2,0,0,9.865257,0
1,2017,12,26,0,3,0,0,7.378189,0
1,2017,12,26,1,0,0,0,11.813903,0
1,2017,12,26,1,1,0,0,7.417969,0
1,2017,12,26,1,2,0,0,22.674993,0
1,2017,12,26,1,3,0,0,24.84351,0
1,2017,12,26,2,0,0,0,26.361303,0
1,2017,12,26,2,1,0,0,26.447456,0
1,2017,12,26,2,2,0,0,6.251046,0
1,2017,12,26,2,3,0,0,4.421046,0
1,2017,12,26,3,0,0,0,4.421046,0
1,2017,12,26,3,1,0,0,9.773773,0
1,2017,12,26,3,2,0,0,14.821849,0
1,2017,12,26,3,3,0,0,11.476394,0
1,2017,12,26,4,0,0,0,4.785485,0
1,2017,12,26,4,1,0,0,4.990148,0
1,2017,12,26,4,2,0,0,6.008679,0
1,2017,12,26,4,3,0,0,13.835603,0
1,2017,12,26,5,0,0,0,5.297141,0
1,2017,12,26,5,1,0,0,11.33906,0
1,2017,12,26,5,2,0,0,10.961537,0
1,2017,12,26,5,3,0,0,12.425952,0
1,2017,12,26,6,0,0,0,14.091909,0
1,2017,12,26,6,1,0,0,14.091909,0
1,2017,12,26,6,2,0,0,11.426377,0
1,2017,12,26,6,3,0,0,4.861537,0
1,2017,12,26,7,0,0,0,16.663498,0
1,2017,12,26,7,1,0,0,11.529184,0
1,2017,12,26,7,2,0,0,10.229184,0
1,2017,12,26,7,3,0,0,7.724282,0
1,2017,12,26,8,0,0,0,4.736668,0
1,2017,12,26,8,1,0,0,4.425218,0
1,2017,12,26,8,2,0,0,9.59438,0
1,2017,12,26,8,3,0,0,3.608193,0
1,2017,12,26,9,0,0,0,2.957308,0
1,2017,12,26,9,1,0,0,7.151196,0
1,2017,12,26,9,2,0,0,15.2418,0
1,2017,12,26,9,3,0,0,6.613372,0
1,2017,12,26,10,0,0,0,2.878331,0
1,2017,12,26,10,1,0,0,2.788704,0
1,2017,12,26,10,2,0,0,8.3537,0
1,2017,12,26,10,3,0,0,15.327072,0
1,2017,12,26,11,0,0,0,11.994103,0
1,2017,12,26,11,1,0,0,9.18191,0
1,2017,12,26,11,2,0,0,13.219746,0
1,2017,12,26,11,3,0,0,13.439844,0
1,2017,12,26,12,0,0,0,15.28959,0
1,2017,12,26,12,1,0,0,12.213653,0
1,2017,12,26,12,2,0,0,8.056309,0
1,2017,12,26,12,3,0,0,11.998322,0
1,2017,12,26,13,0,0,0,10.866679,0
1,2017,12,26,13,1,0,0,5.852627,0
1,2017,12,26,13,2,0,0,9.774327,0
1,2017,12,26,13,3,0,0,17.013661,0
1,2017,12,26,14,0,0,0,15.925987,0
1,2017,12,26,14,1,0,0,17.547616,0
1,2017,12,26,14,2,0,0,16.357495,0
1,2017,12,26,14,3,0,0,17.662951,0
1,2017,12,26,15,0,0,0,19.133679,0
1,2017,12,26,15,1,0,0,20.084563,0
1,2017,12,26,15,2,0,0,20.357881,0
1,2017,12,26,15,3,0,0,20.954799,0
1,2017,12,26,16,0,0,0,20.796343,0
1,2017,12,26,16,1,0,0,15.992211,0
1,2017,12,26,16,2,0,0,10.351967,0
1,2017,12,26,16,3,0,0,12.250524,0
1,2017,12,26,17,0,0,0,18.139524,0
1,2017,12,26,17,1,0,0,27.951745,0
1,2017,12,26,17,2,0,0,30.442465,0
1,2017,12,26,17,3,0,0,27.368905,0
1,2017,12,26,18,0,0,0,8.766404,0
1,2017,12,26,18,1,0,0,9.583133,0
1,2017,12,26,18,2,0,0,10.888623,0
1,2017,12,26,18,3,0,0,16.977782,0
1,2017,12,26,19,0,0,0,20.337257,0
1,2017,12,26,19,1,0,0,13.429407,0
1,2017,12,26,19,2,0,0,7.92769,0
1,2017,12,26,19,3,0,0,7.683438,0
1,2017,12,26,20,0,0,0,13.088994,0
1,2017,12,26,20,1,0,0,5.010527,0
1,2017,12,26,20,2,0,0,21.491906,0
1,2017,12,26,20,3,0,0,23.207388,0
1,2017,12,26,21,0,0,0,18.113166,0
1,2017,12,26,21,1,0,0,17.666479,0
1,2017,12,26,21,2,0,0,11.458648,0
1,2017,12,26,21,3,0,0,11.377691,0
1,2017,12,26,22,0,0,0,11.036464,0
1,2017,12,26,22,1,0,0,10.204472,0
1,2017,12,26,22,2,0,0,12.517806,0
1,2017,12,26,22,3,0,0,15.904956,0
1,2017,12,26,23,0,0,0,13.022456,0
1,2017,12,26,23,1,0,0,27.602898,0
1,2017,12,26,23,2,0,0,22.550229,0
1,2017,12,26,23,3,0,0,15.317481,0
1,2017,12,27,0,0,0,0,12.307086,0
1,2017,12,27,0,1,0,0,14.858105,0
1,2017,12,27,0,2,0,0,20.927271,0
1,2017,12,27,0,3,0,0,26.485118,0
1,2017,12,27,1,0,0,0,19.732997,0
1,2017,12,27,1,1,0,0,19.651264,0
1,2017,12,27,1,2,0,0,14.637564,0
1,2017,12,27,1,3,0,0,4.079664,0
1,2017,12,27,2,0,0,0,11.503778,0
1,2017,12,27,2,1,0,0,15.614464,0
1,2017,12,27,2,2,0,0,18.070582,0
1,2017,12,27,2,3,0,0,21.026308,0
1,2017,12,27,3,0,0,0,20.860252,0
1,2017,12,27,3,1,0,0,11.225688,0
1,2017,12,27,3,2,0,0,13.369155,0
1,2017,12,27,3,3,0,0,15.593238,0
1,2017,12,27,4,0,0,0,16.790789,0
1,2017,12,27,4,1,0,0,10.82958,0
1,2017,12,27,4,2,0,0,26.45052,0
1,2017,12,27,4,3,0,0,27.950037,0
1,2017,12,27,5,0,0,0,24.032112,0
1,2017,12,27,5,1,0,0,8.276612,0
1,2017,12,27,5,2,0,0,7.40184,0
1,2017,12,27,5,3,0,0,7.347206,0
1,2017,12,27,6,0,0,0,4.141206,0
1,2017,12,27,6,1,0,0,3.339706,0
1,2017,12,27,6,2,0,0,3.339706,0
1,2017,12,27,6,3,0,0,3.339706,0
1,2017,12,27,7,0,0,0,3.85276,0
1,2017,12,27,7,1,0,0,4.439107,0
1,2017,12,27,7,2,0,0,4.934064,0
1,2017,12,27,7,3,0,0,14.31823,0
1,2017,12,27,8,0,0,0,14.215562,0
1,2017,12,27,8,1,0,0,8.324318,0
1,2017,12,27,8,2,0,0,13.426293,0
1,2017,12,27,8,3,0,0,11.270828,0
1,2017,12,27,9,0,0,0,4.990382,0
1,2017,12,27,9,1,0,0,6.65798,0
1,2017,12,27,9,2,0,0,6.203478,0
1,2017,12,27,9,3,0,0,7.483611,0
1,2017,12,27,10,0,0,0,8.48429,0
1,2017,12,27,10,1,0,0,6.209098,0
1,2017,12,27,10,2,0,0,5.036299,0
1,2017,12,27,10,3,0,0,8.769097,0
1,2017,12,27,11,0,0,0,7.943953,0
1,2017,12,27,11,1,0,0,6.148402,0
1,2017,12,27,11,2,0,0,10.170428,0
1,2017,12,27,11,3,0,0,6.194082,0
1,2017,12,27,12,0,0,0,10.67312,0
1,2017,12,27,12,1,0,0,18.694033,0
1,2017,12,27,12,2,0,0,31.395048,0
1,2017,12,27,12,3,0,0,19.841819,0
1,2017,12,27,13,0,0,0,13.609268,0
1,2017,12,27,13,1,0,0,10.1692,0
1,2017,12,27,13,2,0,0,8.708148,0
1,2017,12,27,13,3,0,0,13.049454,0
1,2017,12,27,14,0,0,0,15.119481,0
1,2017,12,27,14,1,0,0,17.229173,0
1,2017,12,27,14,2,0,0,23.632568,0
1,2017,12,27,14,3,0,0,27.555195,0
1,2017,12,27,15,0,0,0,20.183099,0
1,2017,12,27,15,1,0,0,20.196981,0
1,2017,12,27,15,2,0,0,22.269049,0
1,2017,12,27,15,3,0,0,27.357338,0
1,2017,12,27,16,0,0,0,21.624129,0
1,2017,12,27,16,1,0,0,33.915317,0
1,2017,12,27,16,2,0,0,25.940725,0
1,2017,12,27,16,3,0,0,24.365934,0
1,2017,12,27,17,0,0,0,20.481585,0
1,2017,12,27,17,1,0,0,18.37883,0
1,2017,12,27,17,2,0,0,25.362823,0
1,2017,12,27,17,3,0,0,18.718087,0
1,2017,12,27,18,0,0,0,11.208469,0
1,2017,12,27,18,1,0,0,10.476422,0
1,2017,12,27,18,2,0,0,18.117353,0
1,2017,12,27,18,3,0,0,12.660463,0
1,2017,12,27,19,0,0,0,9.949924,0
1,2017,12,27,19,1,0,0,14.329439,0
1,2017,12,27,19,2,0,0,19.320641,0
1,2017,12,27,19,3,0,0,12.017524,0
1,2017,12,27,20,0,0,0,3.1591,0
1,2017,12,27,20,1,0,0,5.803774,0
1,2017,12,27,20,2,0,0,11.896335,0
1,2017,12,27,20,3,0,0,18.312079,0
1,2017,12,27,21,0,0,0,13.810522,0
1,2017,12,27,21,1,0,0,20.66612,0
1,2017,12,27,21,2,0,0,7.911729,0
1,2017,12,27,21,3,0,0,12.268698,0
1,2017,12,27,22,0,0,0,12.383952,0
1,2017,12,27,22,1,0,0,11.221671,0
1,2017,12,27,22,2,0,0,11.787184,0
1,2017,12,27,22,3,0,0,5.696974,0
1,2017,12,27,23,0,0,0,6.475274,0
1,2017,12,27,23,1,0,0,10.464194,0
1,2017,12,27,23,2,0,0,29.341077,0
1,2017,12,27,23,3,0,0,31.087086,0
1,2017,12,28,0,0,0,0,24.873022,0
1,2017,12,28,0,1,0,0,21.159451,0
1,2017,12,28,0,2,0,0,8.00698,0
1,2017,12,28,0,3,0,0,3.849247,0
1,2017,12,28,1,0,0,0,3.386324,0
1,2017,12,28,1,1,0,0,7.312038,0
1,2017,12,28,1,2,0,0,10.737752,0
1,2017,12,28,1,3,0,0,8.409181,0
1,2017,12,28,2,0,0,0,3.386324,0
1,2017,12,28,2,1,0,0,9.167193,0
1,2017,12,28,2,2,0,0,11.739077,0
1,2017,12,28,2,3,0,0,16.677411,0
1,2017,12,28,3,0,0,0,11.03078,0
1,2017,12,28,3,1,0,0,9.103824,0
1,2017,12,28,3,2,0,0,9.103824,0
1,2017,12,28,3,3,0,0,11.598585,0
1,2017,12,28,4,0,0,0,6.889895,0
1,2017,12,28,4,1,0,0,3.386324,0
1,2017,12,28,4,2,0,0,3.386324,0
1,2017,12,28,4,3,0,0,3.386324,0
1,2017,12,28,5,0,0,0,3.386324,0
1,2017,12,28,5,1,0,0,3.386324,0
1,2017,12,28,5,2,0,0,7.144449,0
1,2017,12,28,5,3,0,0,11.439449,0
1,2017,12,28,6,0,0,0,9.05524,0
1,2017,12,28,6,1,0,0,10.96549,0
1,2017,12,28,6,2,0,0,17.118824,0
1,2017,12,28,6,3,0,0,14.042157,0
1,2017,12,28,7,0,0,0,7.588657,0
1,2017,12,28,7,1,0,0,3.386324,0
1,2017,12,28,7,2,0,0,3.320377,0
1,2017,12,28,7,3,0,0,2.850878,0
1,2017,12,28,8,0,0,0,2.628259,0
1,2017,12,28,8,1,0,0,9.150041,0
1,2017,12,28,8,2,0,0,10.684914,0
1,2017,12,28,8,3,0,0,6.031414,0
1,2017,12,28,9,0,0,0,5.249192,0
1,2017,12,28,9,1,0,0,5.46403,0
1,2017,12,28,9,2,0,0,11.841062,0
1,2017,12,28,9,3,0,0,13.136096,0
1,2017,12,28,10,0,0,0,16.967196,0
1,2017,12,28,10,1,0,0,16.132511,0
1,2017,12,28,10,2,0,0,16.514765,0
1,2017,12,28,10,3,0,0,11.400672,0
1,2017,12,28,11,0,0,0,13.567633,0
1,2017,12,28,11,1,0,0,20.059046,0
1,2017,12,28,11,2,0,0,19.696204,0
1,2017,12,28,11,3,0,0,21.147518,0
1,2017,12,28,12,0,0,0,34.048122,0
1,2017,12,28,12,1,0,0,31.545521,0
1,2017,12,28,12,2,0,0,19.43508,0
1,2017,12,28,12,3,0,0,25.363426,0
1,2017,12,28,13,0,0,0,32.676094,0
1,2017,12,28,13,1,0,0,26.056865,0
1,2017,12,28,13,2,0,0,24.361615,0
1,2017,12,28,13,3,0,0,23.285886,0
1,2017,12,28,14,0,0,0,23.02046,0
1,2017,12,28,14,1,0,0,25.008908,0
1,2017,12,28,14,2,0,0,17.765591,0
1,2017,12,28,14,3,0,0,16.046132,0
1,2017,12,28,15,0,0,0,26.08495,0
1,2017,12,28,15,1,0,0,23.433071,0
1,2017,12,28,15,2,0,0,22.87232,0
1,2017,12,28,15,3,0,0,22.077739,0
1,2017,12,28,16,0,0,0,16.082325,0
1,2017,12,28,16,1,0,0,21.691863,0
1,2017,12,28,16,2,0,0,24.405692,0
1,2017,12,28,16,3,0,0,30.628442,0
1,2017,12,28,17,0,0,0,27.359171,0
1,2017,12,28,17,1,0,0,16.172851,0
1,2017,12,28,17,2,0,0,15.102351,0
1,2017,12,28,17,3,0,0,19.604375,0
1,2017,12,28,18,0,0,0,20.004607,0
1,2017,12,28,18,1,0,0,10.918429,0
1,2017,12,28,18,2,0,0,9.206385,0
1,2017,12,28,18,3,0,0,12.695667,0
1,2017,12,28,19,0,0,0,9.614614,0
1,2017,12,28,19,1,0,0,20.670894,0
1,2017,12,28,19,2,0,0,12.685818,0
1,2017,12,28,19,3,0,0,14.870693,0
1,2017,12,28,20,0,0,0,23.105838,0
1,2017,12,28,20,1,0,0,19.694303,0
1,2017,12,28,20,2,0,0,11.587976,0
1,2017,12,28,20,3,0,0,18.652818,0
1,2017,12,28,21,0,0,0,26.320511,0
1,2017,12,28,21,1,0,0,25.704134,0
1,2017,12,28,21,2,0,0,15.994102,0
1,2017,12,28,21,3,0,0,17.30721,0
1,2017,12,28,22,0,0,0,10.783963,0
1,2017,12,28,22,1,0,0,13.775678,0
1,2017,12,28,22,2,0,0,12.554924,0
1,2017,12,28,22,3,0,0,26.791703,0
1,2017,12,28,23,0,0,0,9.249196,0
1,2017,12,28,23,1,0,0,5.203042,0
1,2017,12,28,23,2,0,0,8.621609,0
1,2017,12,28,23,3,0,0,19.845982,0
1,2017,12,29,0,0,0,0,21.879531,0
1,2017,12,29,0,1,0,0,15.849607,0
1,2017,12,29,0,2,0,0,15.148112,0
1,2017,12,29,0,3,0,0,18.352,0
1,2017,12,29,1,0,0,0,14.05002,0
1,2017,12,29,1,1,0,0,13.380824,0
1,2017,12,29,1,2,0,0,21.628602,0
1,2017,12,29,1,3,0,0,24.826141,0
1,2017,12,29,2,0,0,0,15.172813,0
1,2017,12,29,2,1,0,0,6.078093,0
1,2017,12,29,2,2,0,0,13.411694,0
1,2017,12,29,2,3,0,0,9.937666,0
1,2017,12,29,3,0,0,0,13.435236,0
1,2017,12,29,3,1,0,0,12.046347,0
1,2017,12,29,3,2,0,0,10.606307,0
1,2017,12,29,3,3,0,0,12.704878,0
1,2017,12,29,4,0,0,0,5.884521,0
1,2017,12,29,4,1,0,0,4.835236,0
1,2017,12,29,4,2,0,0,4.835236,0
1,2017,12,29,4,3,0,0,4.835236,0
1,2017,12,29,5,0,0,0,4.835236,0
1,2017,12,29,5,1,0,0,4.835236,0
1,2017,12,29,5,2,0,0,4.835236,0
1,2017,12,29,5,3,0,0,5.521902,0
1,2017,12,29,6,0,0,0,15.135236,0
1,2017,12,29,6,1,0,0,15.135236,0
1,2017,12,29,6,2,0,0,12.612569,0
1,2017,12,29,6,3,0,0,7.731236,0
1,2017,12,29,7,0,0,0,4.835236,0
1,2017,12,29,7,1,0,0,4.995769,0
1,2017,12,29,7,2,0,0,5.565007,0
1,2017,12,29,7,3,0,0,7.836412,0
1,2017,12,29,8,0,0,0,8.378442,0
1,2017,12,29,8,1,0,0,4.097433,0
1,2017,12,29,8,2,0,0,7.03271,0
1,2017,12,29,8,3,0,0,12.595105,0
1,2017,12,29,9,0,0,0,13.731,0
1,2017,12,29,9,1,0,0,10.285726,0
1,2017,12,29,9,2,0,0,12.947293,0
1,2017,12,29,9,3,0,0,12.305231,0
1,2017,12,29,10,0,0,0,8.810265,0
1,2017,12,29,10,1,0,0,11.784851,0
1,2017,12,29,10,2,0,0,19.180492,0
1,2017,12,29,10,3,0,0,16.719567,0
1,2017,12,29,11,0,0,0,11.297447,0
1,2017,12,29,11,1,0,0,13.93102,0
1,2017,12,29,11,2,0,0,19.986796,0
1,2017,12,29,11,3,0,0,27.209664,0
1,2017,12,29,12,0,0,0,21.268977,0
1,2017,12,29,12,1,0,0,22.395499,0
1,2017,12,29,12,2,0,0,18.545257,0
1,2017,12,29,12,3,0,0,15.610517,0
1,2017,12,29,13,0,0,0,24.886779,0
1,2017,12,29,13,1,0,0,30.538368,0
1,2017,12,29,13,2,0,0,27.699307,0
1,2017,12,29,13,3,0,0,31.429718,0
1,2017,12,29,14,0,0,0,35.635407,0
1,2017,12,29,14,1,0,0,33.416006,0
1,2017,12,29,14,2,0,0,36.380181,0
1,2017,12,29,14,3,0,0,30.207868,0
1,2017,12,29,15,0,0,0,17.113033,0
1,2017,12,29,15,1,0,0,24.649745,0
1,2017,12,29,15,2,0,0,37.795194,0
1,2017,12,29,15,3,0,0,27.681376,0
1,2017,12,29,16,0,0,0,32.763794,0
1,2017,12,29,16,1,0,0,32.107523,0
1,2017,12,29,16,2,0,0,22.305135,0
1,2017,12,29,16,3,0,0,17.800422,0
1,2017,12,29,17,0,0,0,12.73764,0
1,2017,12,29,17,1,0,0,15.846743,0
1,2017,12,29,17,2,0,0,21.354616,0
1,2017,12,29,17,3,0,0,22.924624,0
1,2017,12,29,18,0,0,0,24.717174,0
1,2017,12,29,18,1,0,0,22.835432,0
1,2017,12,29,18,2,0,0,14.982562,0
1,2017,12,29,18,3,0,0,13.035587,0
1,2017,12,29,19,0,0,0,15.0214,0
1,2017,12,29,19,1,0,0,15.075684,0
1,2017,12,29,19,2,0,0,13.290059,0
1,2017,12,29,19,3,0,0,18.626682,0
1,2017,12,29,20,0,0,0,30.94602,0
1,2017,12,29,20,1,0,0,23.835592,0
1,2017,12,29,20,2,0,0,31.148572,0
1,2017,12,29,20,3,0,0,28.930472,0
1,2017,12,29,21,0,0,0,12.568209,0
1,2017,12,29,21,1,0,0,5.842974,0
1,2017,12,29,21,2,0,0,4.064786,0
1,2017,12,29,21,3,0,0,5.944786,0
1,2017,12,29,22,0,0,0,14.647512,0
1,2017,12,29,22,1,0,0,17.77321,0
1,2017,12,29,22,2,0,0,10.83105,0
1,2017,12,29,22,3,0,0,12.341197,0
1,2017,12,29,23,0,0,0,13.082368,0
1,2017,12,29,23,1,0,0,18.652046,0
1,2017,12,29,23,2,0,0,24.502597,0
1,2017,12,29,23,3,0,0,29.167899,0
1,2017,12,30,0,0,0,0,23.741143,0
1,2017,12,30,0,1,0,0,15.761761,0
1,2017,12,30,0,2,0,0,14.695565,0
1,2017,12,30,0,3,0,0,12.43058,0
1,2017,12,30,1,0,0,0,14.980516,0
1,2017,12,30,1,1,0,0,10.974646,0
1,2017,12,30,1,2,0,0,7.268788,0
1,2017,12,30,1,3,0,0,12.511227,0
1,2017,12,30,2,0,0,0,18.767528,0
1,2017,12,30,2,1,0,0,19.471537,0
1,2017,12,30,2,2,0,0,13.934592,0
1,2017,12,30,2,3,0,0,13.955319,0
1,2017,12,30,3,0,0,0,22.757149,0
1,2017,12,30,3,1,0,0,12.993703,0
1,2017,12,30,3,2,0,0,10.505561,0
1,2017,12,30,3,3,0,0,17.00626,0
1,2017,12,30,4,0,0,0,19.559541,0
1,2017,12,30,4,1,0,0,11.337598,0
1,2017,12,30,4,2,0,0,12.193082,0
1,2017,12,30,4,3,0,0,11.935722,0
1,2017,12,30,5,0,0,0,7.880289,0
1,2017,12,30,5,1,0,0,12.842822,0
1,2017,12,30,5,2,0,0,9.94943,0
1,2017,12,30,5,3,0,0,2.929401,0
1,2017,12,30,6,0,0,0,2.840976,0
1,2017,12,30,6,1,0,0,2.739918,0
1,2017,12,30,6,2,0,0,2.739918,0
1,2017,12,30,6,3,0,0,6.529918,0
1,2017,12,30,7,0,0,0,2.687262,0
1,2017,12,30,7,1,0,0,5.588817,0
1,2017,12,30,7,2,0,0,14.066612,0
1,2017,12,30,7,3,0,0,16.181612,0
1,2017,12,30,8,0,0,0,12.924835,0
1,2017,12,30,8,1,0,0,8.835818,0
1,2017,12,30,8,2,0,0,1.928409,0
1,2017,12,30,8,3,0,0,1.910586,0
1,2017,12,30,9,0,0,0,1.910586,0
1,2017,12,30,9,1,0,0,5.897853,0
1,2017,12,30,9,2,0,0,8.860033,0
1,2017,12,30,9,3,0,0,16.523461,0
1,2017,12,30,10,0,0,0,5.9044,0
1,2017,12,30,10,1,0,0,6.882745,0
1,2017,12,30,10,2,0,0,11.639372,0
1,2017,12,30,10,3,0,0,6.919195,0
1,2017,12,30,11,0,0,0,9.318881,0
1,2017,12,30,11,1,0,0,12.368034,0
1,2017,12,30,11,2,0,0,14.320393,0
1,2017,12,30,11,3,0,0,9.075058,0
1,2017,12,30,12,0,0,0,8.341918,0
1,2017,12,30,12,1,0,0,17.601378,0
1,2017,12,30,12,2,0,0,14.140387,0
1,2017,12,30,12,3,0,0,8.564465,0
1,2017,12,30,13,0,0,0,6.712018,0
1,2017,12,30,13,1,0,0,12.361083,0
1,2017,12,30,13,2,0,0,21.783847,0
1,2017,12,30,13,3,0,0,31.295281,0
1,2017,12,30,14,0,0,0,24.81733,0
1,2017,12,30,14,1,0,0,14.103733,0
1,2017,12,30,14,2,0,0,18.151442,0
1,2017,12,30,14,3,0,0,23.977181,0
1,2017,12,30,15,0,0,0,26.400869,0
1,2017,12,30,15,1,0,0,28.933683,0
1,2017,12,30,15,2,0,0,26.932243,0
1,2017,12,30,15,3,0,0,28.369252,0
1,2017,12,30,16,0,0,0,34.575157,0
1,2017,12,30,16,1,0,0,24.119434,0
1,2017,12,30,16,2,0,0,22.044074,0
1,2017,12,30,16,3,0,0,23.648848,0
1,2017,12,30,17,0,0,0,17.644566,0
1,2017,12,30,17,1,0,0,14.981109,0
1,2017,12,30,17,2,0,0,21.363179,0
1,2017,12,30,17,3,0,0,22.101974,0
1,2017,12,30,18,0,0,0,20.083079,0
1,2017,12,30,18,1,0,0,17.383772,0
1,2017,12,30,18,2,0,0,20.309556,0
1,2017,12,30,18,3,0,0,19.192191,0
1,2017,12,30,19,0,0,0,9.860311,0
1,2017,12,30,19,1,0,0,15.900228,0
1,2017,12,30,19,2,0,0,17.123952,0
1,2017,12,30,19,3,0,0,20.137819,0
1,2017,12,30,20,0,0,0,20.316361,0
1,2017,12,30,20,1,0,0,14.334087,0
1,2017,12,30,20,2,0,0,20.763949,0
1,2017,12,30,20,3,0,0,18.793206,0
1,2017,12,30,21,0,0,0,18.819421,0
1,2017,12,30,21,1,0,0,9.815421,0
1,2017,12,30,21,2,0,0,9.679421,0
1,2017,12,30,21,3,0,0,16.240421,0
1,2017,12,30,22,0,0,0,13.815057,0
1,2017,12,30,22,1,0,0,16.731458,0
1,2017,12,30,22,2,0,0,19.310745,0
1,2017,12,30,22,3,0,0,10.184843,0
1,2017,12,30,23,0,0,0,10.750381,0
1,2017,12,30,23,1,0,0,24.720423,0
1,2017,12,30,23,2,0,0,21.567612,0
1,2017,12,30,23,3,0,0,8.497038,0
1,2017,12,31,0,0,0,0,16.436114,0
1,2017,12,31,0,1,0,0,21.347284,0
1,2017,12,31,0,2,0,0,11.236313,0
1,2017,12,31,0,3,0,0,11.984631,0
1,2017,12,31,1,0,0,0,16.798772,0
1,2017,12,31,1,1,0,0,18.909817,0
1,2017,12,31,1,2,0,0,14.574317,0
1,2017,12,31,1,3,0,0,18.611249,0
1,2017,12,31,2,0,0,0,21.545099,0
1,2017,12,31,2,1,0,0,11.039773,0
1,2017,12,31,2,2,0,0,9.757789,0
1,2017,12,31,2,3,0,0,18.104703,0
1,2017,12,31,3,0,0,0,20.693011,0
1,2017,12,31,3,1,0,0,16.963011,0
1,2017,12,31,3,2,0,0,15.073233,0
1,2017,12,31,3,3,0,0,5.403983,0
1,2017,12,31,4,0,0,0,3.96831,0
1,2017,12,31,4,1,0,0,6.74481,0
1,2017,12,31,4,2,0,0,8.491805,0
1,2017,12,31,4,3,0,0,8.075783,0
1,2017,12,31,5,0,0,0,13.65845,0
1,2017,12,31,5,1,0,0,7.256616,0
1,2017,12,31,5,2,0,0,3.448283,0
1,2017,12,31,5,3,0,0,3.448283,0
1,2017,12,31,6,0,0,0,6.522106,0
1,2017,12,31,6,1,0,0,10.035048,0
1,2017,12,31,6,2,0,0,8.717695,0
1,2017,12,31,6,3,0,0,4.452812,0
1,2017,12,31,7,0,0,0,13.348747,0
1,2017,12,31,7,1,0,0,8.513147,0
1,2017,12,31,7,2,0,0,2.986747,0
1,2017,12,31,7,3,0,0,2.748596,0
1,2017,12,31,8,0,0,0,2.958174,0
1,2017,12,31,8,1,0,0,3.19214,0
1,2017,12,31,8,2,0,0,1.92391,0
1,2017,12,31,8,3,0,0,2.511311,0
1,2017,12,31,9,0,0,0,10.004703,0
1,2017,12,31,9,1,0,0,11.985833,0
1,2017,12,31,9,2,0,0,15.42312,0
1,2017,12,31,9,3,0,0,11.561844,0
1,2017,12,31,10,0,0,0,9.661693,0
1,2017,12,31,10,1,0,0,1.706193,0
1,2017,12,31,10,2,0,0,1.706193,0
1,2017,12,31,10,3,0,0,6.447138,0
1,2017,12,31,11,0,0,0,11.932677,0
1,2017,12,31,11,1,0,0,15.08298,0
1,2017,12,31,11,2,0,0,3.131429,0
1,2017,12,31,11,3,0,0,6.854327,0
1,2017,12,31,12,0,0,0,7.678993,0
1,2017,12,31,12,1,0,0,8.242052,0
1,2017,12,31,12,2,0,0,15.836413,0
1,2017,12,31,12,3,0,0,16.752979,0
1,2017,12,31,13,0,0,0,12.078922,0
1,2017,12,31,13,1,0,0,18.165222,0
1,2017,12,31,13,2,0,0,13.647443,0
1,2017,12,31,13,3,0,0,20.289761,0
1,2017,12,31,14,0,0,0,30.902672,0
1,2017,12,31,14,1,0,0,26.05756,0
1,2017,12,31,14,2,0,0,19.492956,0
1,2017,12,31,14,3,0,0,23.473081,0
1,2017,12,31,15,0,0,0,25.650495,0
1,2017,12,31,15,1,0,0,27.375976,0
1,2017,12,31,15,2,0,0,21.518822,0
1,2017,12,31,15,3,0,0,17.730836,0
1,2017,12,31,16,0,0,0,24.023372,0
1,2017,12,31,16,1,0,0,25.041901,0
1,2017,12,31,16,2,0,0,21.22671,0
1,2017,12,31,16,3,0,0,22.137969,0
1,2017,12,31,17,0,0,0,20.248941,0
1,2017,12,31,17,1,0,0,13.198092,0
1,2017,12,31,17,2,0,0,15.671825,0
1,2017,12,31,17,3,0,0,10.355284,0
1,2017,12,31,18,0,0,0,15.22679,0
1,2017,12,31,18,1,0,0,24.652554,0
1,2017,12,31,18,2,0,0,14.505223,0
1,2017,12,31,18,3,0,0,13.868452,0
1,2017,12,31,19,0,0,0,10.460462,0
1,2017,12,31,19,1,0,0,13.348947,0
1,2017,12,31,19,2,0,0,13.498447,0
1,2017,12,31,19,3,0,0,17.091176,0
1,2017,12,31,20,0,0,0,17.898821,0
1,2017,12,31,20,1,0,0,14.683773,0
1,2017,12,31,20,2,0,0,11.971294,0
1,2017,12,31,20,3,0,0,19.35541,0
1,2017,12,31,21,0,0,0,24.07402,0
1,2017,12,31,21,1,0,0,18.848816,0
1,2017,12,31,21,2,0,0,17.307096,0
1,2017,12,31,21,3,0,0,17.284842,0
1,2017,12,31,22,0,0,0,28.016954,0
1,2017,12,31,22,1,0,0,31.726552,0
1,2017,12,31,22,2,0,0,27.335564,0
1,2017,12,31,22,3,0,0,21.891786,0
1,2017,12,31,23,0,0,0,16.364718,0
1,2017,12,31,23,1,0,0,23.915477,0
1,2017,12,31,23,2,0,0,21.307226,0
1,2017,12,31,23,3,0,0,11.624679,0
1,2018,1,1,0,0,0,0,30.006953,0
1,2018,1,1,0,1,0,0,20.851581,0
1,2018,1,1,0,2,0,0,17.483404,0
1,2018,1,1,0,3,0,0,22.209146,0
1,2018,1,1,1,0,0,0,17.131667,0
1,2018,1,1,1,1,0,0,15.861655,0
1,2018,1,1,1,2,0,0,8.68134,0
1,2018,1,1,1,3,0,0,4.343213,0
1,2018,1,1,2,0,0,0,4.353197,0
1,2018,1,1,2,1,0,0,14.766432,0
1,2018,1,1,2,2,0,0,25.307217,0
1,2018,1,1,2,3,0,0,20.726944,0
1,2018,1,1,3,0,0,0,18.363405,0
1,2018,1,1,3,1,0,0,16.396756,0
1,2018,1,1,3,2,0,0,6.607089,0
1,2018,1,1,3,3,0,0,9.768089,0
1,2018,1,1,4,0,0,0,18.054498,0
1,2018,1,1,4,1,0,0,22.516634,0
1,2018,1,1,4,2,0,0,19.455462,0
1,2018,1,1,4,3,0,0,27.702588,0
1,2018,1,1,5,0,0,0,30.09585,0
1,2018,1,1,5,1,0,0,16.522126,0
1,2018,1,1,5,2,0,0,8.432401,0
1,2018,1,1,5,3,0,0,3.996151,0
1,2018,1,1,6,0,0,0,6.639816,0
1,2018,1,1,6,1,0,0,7.634362,0
1,2018,1,1,6,2,0,0,14.568047,0
1,2018,1,1,6,3,0,0,13.755798,0
1,2018,1,1,7,0,0,0,8.238109,0
1,2018,1,1,7,1,0,0,17.0647,0
1,2018,1,1,7,2,0,0,18.987903,0
1,2018,1,1,7,3,0,0,15.696457,0
1,2018,1,1,8,0,0,0,13.46021,0
1,2018,1,1,8,1,0,0,9.506588,0
1,2018,1,1,8,2,0,0,1.93107,0
1,2018,1,1,8,3,0,0,1.868152,0
1,2018,1,1,9,0,0,0,1.868152,0
1,2018,1,1,9,1,0,0,1.868152,0
1,2018,1,1,9,2,0,0,1.868152,0
1,2018,1,1,9,3,0,0,1.868152,0
1,2018,1,1,10,0,0,0,3.301486,0
1,2018,1,1,10,1,0,0,2.584819,0
1,2018,1,1,10,2,0,0,1.868152,0
1,2018,1,1,10,3,0,0,12.928665,0
1,2018,1,1,11,0,0,0,4.554269,0
1,2018,1,1,11,1,0,0,2.564581,0
1,2018,1,1,11,2,0,0,3.299713,0
1,2018,1,1,11,3,0,0,4.991075,0
1,2018,1,1,12,0,0,0,7.044556,0
1,2018,1,1,12,1,0,0,4.749901,0
1,2018,1,1,12,2,0,0,5.959978,0
1,2018,1,1,12,3,0,0,9.23554,0
1,2018,1,1,13,0,0,0,10.033952,0
1,2018,1,1,13,1,0,0,12.648973,0
1,2018,1,1,13,2,0,0,11.609845,0
1,2018,1,1,13,3,0,0,8.847748,0
1,2018,1,1,14,0,0,0,10.224466,0
1,2018,1,1,14,1,0,0,11.819044,0
1,2018,1,1,14,2,0,0,13.62641,0
1,2018,1,1,14,3,0,0,11.878194,0
1,2018,1,1,15,0,0,0,11.904463,0
1,2018,1,1,15,1,0,0,14.729117,0
1,2018,1,1,15,2,0,0,15.55193,0
1,2018,1,1,15,3,0,0,9.843421,0
1,2018,1,1,16,0,0,0,10.477186,0
1,2018,1,1,16,1,0,0,17.67991,0
1,2018,1,1,16,2,0,0,15.420371,0
1,2018,1,1,16,3,0,0,15.848752,0
1,2018,1,1,17,0,0,0,16.476032,0
1,2018,1,1,17,1,0,0,16.354069,0
1,2018,1,1,17,2,0,0,21.304263,0
1,2018,1,1,17,3,0,0,12.099157,0
1,2018,1,1,18,0,0,0,6.902563,0
1,2018,1,1,18,1,0,0,3.697763,0
1,2018,1,1,18,2,0,0,6.375036,0
1,2018,1,1,18,3,0,0,10.939053,0
1,2018,1,1,19,0,0,0,19.116884,0
1,2018,1,1,19,1,0,0,20.082534,0
1,2018,1,1,19,2,0,0,25.815384,0
1,2018,1,1,19,3,0,0,21.894738,0
1,2018,1,1,20,0,0,0,21.600758,0
1,2018,1,1,20,1,0,0,16.050206,0
1,2018,1,1,20,2,0,0,13.526899,0
1,2018,1,1,20,3,0,0,5.886006,0
1,2018,1,1,21,0,0,0,12.069453,0
1,2018,1,1,21,1,0,0,16.569656,0
1,2018,1,1,21,2,0,0,15.304656,0
1,2018,1,1,21,3,0,0,9.620973,0
1,2018,1,1,22,0,0,0,8.273275,0
1,2018,1,1,22,1,0,0,9.015964,0
1,2018,1,1,22,2,0,0,8.303021,0
1,2018,1,1,22,3,0,0,10.975109,0
1,2018,1,1,23,0,0,0,6.310105,0
1,2018,1,1,23,1,0,0,13.925705,0
1,2018,1,1,23,2,0,0,6.614586,0
1,2018,1,1,23,3,0,0,5.053256,0
1,2018,1,2,0,0,0,0,11.986,0
1,2018,1,2,0,1,0,0,12.077667,0
1,2018,1,2,0,2,0,0,14.229106,0
1,2018,1,2,0,3,0,0,7.500318,0
1,2018,1,2,1,0,0,0,2.685318,0
1,2018,1,2,1,1,0,0,2.685318,0
1,2018,1,2,1,2,0,0,10.481032,0
1,2018,1,2,1,3,0,0,10.481032,0
1,2018,1,2,2,0,0,0,5.28389,0
1,2018,1,2,2,1,0,0,2.685318,0
1,2018,1,2,2,2,0,0,2.685318,0
1,2018,1,2,2,3,0,0,4.206118,0
1,2018,1,2,3,0,0,0,20.533042,0
1,2018,1,2,3,1,0,0,16.201277,0
1,2018,1,2,3,2,0,0,3.180835,0
1,2018,1,2,3,3,0,0,2.685318,0
1,2018,1,2,4,0,0,0,2.685318,0
1,2018,1,2,4,1,0,0,2.685318,0
1,2018,1,2,4,2,0,0,5.698096,0
1,2018,1,2,4,3,0,0,8.287086,0
1,2018,1,2,5,0,0,0,4.790773,0
1,2018,1,2,5,1,0,0,2.685318,0
1,2018,1,2,5,2,0,0,2.685318,0
1,2018,1,2,5,3,0,0,11.98284,0
1,2018,1,2,6,0,0,0,9.78782,0
1,2018,1,2,6,1,0,0,2.613907,0
1,2018,1,2,6,2,0,0,6.664941,0
1,2018,1,2,6,3,0,0,17.805286,0
1,2018,1,2,7,0,0,0,7.141493,0
1,2018,1,2,7,1,0,0,2.613907,0
1,2018,1,2,7,2,0,0,6.710418,0
1,2018,1,2,7,3,0,0,11.31071,0
1,2018,1,2,8,0,0,0,12.863222,0
1,2018,1,2,8,1,0,0,10.358986,0
1,2018,1,2,8,2,0,0,4.739235,0
1,2018,1,2,8,3,0,0,2.457616,0
1,2018,1,2,9,0,0,0,2.442009,0
1,2018,1,2,9,1,0,0,13.226004,0
1,2018,1,2,9,2,0,0,12.201153,0
1,2018,1,2,9,3,0,0,7.508783,0
1,2018,1,2,10,0,0,0,18.446306,0
1,2018,1,2,10,1,0,0,12.957045,0
1,2018,1,2,10,2,0,0,12.400013,0
1,2018,1,2,10,3,0,0,19.484271,0
1,2018,1,2,11,0,0,0,15.726083,0
1,2018,1,2,11,1,0,0,13.616482,0
1,2018,1,2,11,2,0,0,5.378079,0
1,2018,1,2,11,3,0,0,15.243138,0
1,2018,1,2,12,0,0,0,18.134118,0
1,2018,1,2,12,1,0,0,11.128801,0
1,2018,1,2,12,2,0,0,5.142829,0
1,2018,1,2,12,3,0,0,8.723678,0
1,2018,1,2,13,0,0,0,11.779714,0
1,2018,1,2,13,1,0,0,18.401382,0
1,2018,1,2,13,2,0,0,18.309823,0
1,2018,1,2,13,3,0,0,7.700852,0
1,2018,1,2,14,0,0,0,10.42323,0
1,2018,1,2,14,1,0,0,13.689657,0
1,2018,1,2,14,2,0,0,17.562173,0
1,2018,1,2,14,3,0,0,14.923047,0
1,2018,1,2,15,0,0,0,23.538597,0
1,2018,1,2,15,1,0,0,21.441646,0
1,2018,1,2,15,2,0,0,31.155307,0
1,2018,1,2,15,3,0,0,29.059741,0
1,2018,1,2,16,0,0,0,23.97709,0
1,2018,1,2,16,1,0,0,21.448252,0
1,2018,1,2,16,2,0,0,19.340272,0
1,2018,1,2,16,3,0,0,17.532661,0
1,2018,1,2,17,0,0,0,24.278848,0
1,2018,1,2,17,1,0,0,29.591877,0
1,2018,1,2,17,2,0,0,29.711072,0
1,2018,1,2,17,3,0,0,17.766997,0
1,2018,1,2,18,0,0,0,11.628484,0
1,2018,1,2,18,1,0,0,9.349156,0
1,2018,1,2,18,2,0,0,9.16298,0
1,2018,1,2,18,3,0,0,13.594831,0
1,2018,1,2,19,0,0,0,11.469246,0
1,2018,1,2,19,1,0,0,7.395665,0
1,2018,1,2,19,2,0,0,7.928173,0
1,2018,1,2,19,3,0,0,11.128481,0
1,2018,1,2,20,0,0,0,18.822711,0
1,2018,1,2,20,1,0,0,11.539544,0
1,2018,1,2,20,2,0,0,14.935408,0
1,2018,1,2,20,3,0,0,19.532693,0
1,2018,1,2,21,0,0,0,12.650992,0
1,2018,1,2,21,1,0,0,15.698634,0
1,2018,1,2,21,2,0,0,18.408784,0
1,2018,1,2,21,3,0,0,11.35854,0
1,2018,1,2,22,0,0,0,7.718714,0
1,2018,1,2,22,1,0,0,10.475723,0
1,2018,1,2,22,2,0,0,12.235394,0
1,2018,1,2,22,3,0,0,15.137946,0
1,2018,1,2,23,0,0,0,14.858491,0
1,2018,1,2,23,1,0,0,14.119407,0
1,2018,1,2,23,2,0,0,7.726271,0
1,2018,1,2,23,3,0,0,7.605854,0
1,2018,1,3,0,0,0,0,12.248771,0
1,2018,1,3,0,1,0,0,18.097938,0
1,2018,1,3,0,2,0,0,17.721009,0
1,2018,1,3,0,3,0,0,14.973519,0
1,2018,1,3,1,0,0,0,15.171449,0
1,2018,1,3,1,1,0,0,6.42852,0
1,2018,1,3,1,2,0,0,8.023381,0
1,2018,1,3,1,3,0,0,16.091734,0
1,2018,1,3,2,0,0,0,16.125428,0
1,2018,1,3,2,1,0,0,8.723595,0
1,2018,1,3,2,2,0,0,6.40137,0
1,2018,1,3,2,3,0,0,15.641,0
1,2018,1,3,3,0,0,0,12.087296,0
1,2018,1,3,3,1,0,0,6.669019,0
1,2018,1,3,3,2,0,0,15.487104,0
1,2018,1,3,3,3,0,0,22.722919,0
1,2018,1,3,4,0,0,0,15.920514,0
1,2018,1,3,4,1,0,0,4.979889,0
1,2018,1,3,4,2,0,0,4.979889,0
1,2018,1,3,4,3,0,0,4.979889,0
1,2018,1,3,5,0,0,0,4.979889,0
1,2018,1,3,5,1,0,0,6.806712,0
1,2018,1,3,5,2,0,0,6.644897,0
1,2018,1,3,5,3,0,0,5.078897,0
1,2018,1,3,6,0,0,0,8.498064,0
1,2018,1,3,6,1,0,0,14.326397,0
1,2018,1,3,6,2,0,0,6.225564,0
1,2018,1,3,6,3,0,0,4.255765,0
1,2018,1,3,7,0,0,0,8.632105,0
1,2018,1,3,7,1,0,0,7.28264,0
1,2018,1,3,7,2,0,0,8.456718,0
1,2018,1,3,7,3,0,0,5.521661,0
1,2018,1,3,8,0,0,0,9.24791,0
1,2018,1,3,8,1,0,0,11.22212,0
1,2018,1,3,8,2,0,0,10.298436,0
1,2018,1,3,8,3,0,0,8.583162,0
1,2018,1,3,9,0,0,0,8.26384,0
1,2018,1,3,9,1,0,0,12.288853,0
1,2018,1,3,9,2,0,0,24.427829,0
1,2018,1,3,9,3,0,0,28.804108,0
1,2018,1,3,10,0,0,0,25.608914,0
1,2018,1,3,10,1,0,0,21.670697,0
1,2018,1,3,10,2,0,0,22.081001,0
1,2018,1,3,10,3,0,0,20.968834,0
1,2018,1,3,11,0,0,0,20.454161,0
1,2018,1,3,11,1,0,0,24.976927,0
1,2018,1,3,11,2,0,0,20.229399,0
1,2018,1,3,11,3,0,0,20.34743,0
1,2018,1,3,12,0,0,0,15.813192,0
1,2018,1,3,12,1,0,0,18.446816,0
1,2018,1,3,12,2,0,0,17.628555,0
1,2018,1,3,12,3,0,0,23.186368,0
1,2018,1,3,13,0,0,0,17.462179,0
1,2018,1,3,13,1,0,0,19.295035,0
1,2018,1,3,13,2,0,0,20.806029,0
1,2018,1,3,13,3,0,0,28.148979,0
1,2018,1,3,14,0,0,0,25.049368,0
1,2018,1,3,14,1,0,0,29.182997,0
1,2018,1,3,14,2,0,0,27.082595,0
1,2018,1,3,14,3,0,0,36.434441,0
1,2018,1,3,15,0,0,0,35.309029,0
1,2018,1,3,15,1,0,0,16.37233,0
1,2018,1,3,15,2,0,0,18.155184,0
1,2018,1,3,15,3,0,0,22.033697,0
1,2018,1,3,16,0,0,0,26.523143,0
1,2018,1,3,16,1,0,0,15.045646,0
1,2018,1,3,16,2,0,0,21.268756,0
1,2018,1,3,16,3,0,0,14.52682,0
1,2018,1,3,17,0,0,0,12.755076,0
1,2018,1,3,17,1,0,0,10.572864,0
1,2018,1,3,17,2,0,0,9.28952,0
1,2018,1,3,17,3,0,0,12.31011,0
1,2018,1,3,18,0,0,0,17.003496,0
1,2018,1,3,18,1,0,0,12.358208,0
1,2018,1,3,18,2,0,0,14.887858,0
1,2018,1,3,18,3,0,0,13.672243,0
1,2018,1,3,19,0,0,0,17.128518,0
1,2018,1,3,19,1,0,0,9.422313,0
1,2018,1,3,19,2,0,0,7.809535,0
1,2018,1,3,19,3,0,0,7.809535,0
1,2018,1,3,20,0,0,0,10.585202,0
1,2018,1,3,20,1,0,0,15.834535,0
1,2018,1,3,20,2,0,0,15.043306,0
1,2018,1,3,20,3,0,0,18.016097,0
1,2018,1,3,21,0,0,0,18.016097,0
1,2018,1,3,21,1,0,0,13.981723,0
1,2018,1,3,21,2,0,0,8.226493,0
1,2018,1,3,21,3,0,0,25.10151,0
1,2018,1,3,22,0,0,0,26.221249,0
1,2018,1,3,22,1,0,0,16.868021,0
1,2018,1,3,22,2,0,0,10.857946,0
1,2018,1,3,22,3,0,0,6.009146,0
1,2018,1,3,23,0,0,0,6.009146,0
1,2018,1,3,23,1,0,0,5.278337,0
1,2018,1,3,23,2,0,0,5.226136,0
1,2018,1,3,23,3,0,0,4.840376,0
1,2018,1,4,0,0,0,0,4.743936,0
1,2018,1,4,0,1,0,0,4.743936,0
1,2018,1,4,0,2,0,0,4.743936,0
1,2018,1,4,0,3,0,0,4.743936,0
1,2018,1,4,1,0,0,0,4.743936,0
1,2018,1,4,1,1,0,0,4.743936,0
1,2018,1,4,1,2,0,0,10.019936,0
1,2018,1,4,1,3,0,0,20.131956,0
1,2018,1,4,2,0,0,0,11.225628,0
1,2018,1,4,2,1,0,0,9.463961,0
1,2018,1,4,2,2,0,0,9.463961,0
1,2018,1,4,2,3,0,0,9.463961,0
1,2018,1,4,3,0,0,0,4.531294,0
1,2018,1,4,3,1,0,0,4.178961,0
1,2018,1,4,3,2,0,0,4.178961,0
1,2018,1,4,3,3,0,0,4.178961,0
1,2018,1,4,4,0,0,0,4.178961,0
1,2018,1,4,4,1,0,0,4.178961,0
1,2018,1,4,4,2,0,0,4.178961,0
1,2018,1,4,4,3,0,0,4.178961,0
1,2018,1,4,5,0,0,0,4.178961,0
1,2018,1,4,5,1,0,0,4.178961,0
1,2018,1,4,5,2,0,0,9.29509,0
1,2018,1,4,5,3,0,0,13.747043,0
1,2018,1,4,6,0,0,0,10.224749,0
1,2018,1,4,6,1,0,0,5.219586,0
1,2018,1,4,6,2,0,0,6.42157,0
1,2018,1,4,6,3,0,0,3.862142,0
1,2018,1,4,7,0,0,0,4.352025,0
1,2018,1,4,7,1,0,0,4.198533,0
1,2018,1,4,7,2,0,0,4.204701,0
1,2018,1,4,7,3,0,0,8.146829,0
1,2018,1,4,8,0,0,0,8.150004,0
1,2018,1,4,8,1,0,0,10.035537,0
1,2018,1,4,8,2,0,0,15.050098,0
1,2018,1,4,8,3,0,0,10.010184,0
1,2018,1,4,9,0,0,0,9.526624,0
1,2018,1,4,9,1,0,0,16.061837,0
1,2018,1,4,9,2,0,0,21.090964,0
1,2018,1,4,9,3,0,0,16.952452,0
1,2018,1,4,10,0,0,0,14.673808,0
1,2018,1,4,10,1,0,0,9.19302,0
1,2018,1,4,10,2,0,0,7.523407,0
1,2018,1,4,10,3,0,0,15.410113,0
1,2018,1,4,11,0,0,0,21.694092,0
1,2018,1,4,11,1,0,0,26.09548,0
1,2018,1,4,11,2,0,0,17.565196,0
1,2018,1,4,11,3,0,0,16.761762,0
1,2018,1,4,12,0,0,0,19.109719,0
1,2018,1,4,12,1,0,0,17.768331,0
1,2018,1,4,12,2,0,0,19.760604,0
1,2018,1,4,12,3,0,0,15.511156,0
1,2018,1,4,13,0,0,0,14.813439,0
1,2018,1,4,13,1,0,0,19.785563,0
1,2018,1,4,13,2,0,0,16.325891,0
1,2018,1,4,13,3,0,0,20.898056,0
1,2018,1,4,14,0,0,0,28.333236,0
1,2018,1,4,14,1,0,0,19.652108,0
1,2018,1,4,14,2,0,0,16.389597,0
1,2018,1,4,14,3,0,0,18.618758,0
1,2018,1,4,15,0,0,0,28.240469,0
1,2018,1,4,15,1,0,0,23.57885,0
1,2018,1,4,15,2,0,0,33.129974,0
1,2018,1,4,15,3,0,0,38.033283,0
1,2018,1,4,16,0,0,0,32.149908,0
1,2018,1,4,16,1,0,0,20.61102,0
1,2018,1,4,16,2,0,0,21.106832,0
1,2018,1,4,16,3,0,0,21.898939,0
1,2018,1,4,17,0,0,0,22.870445,0
1,2018,1,4,17,1,0,0,20.222674,0
1,2018,1,4,17,2,0,0,19.748479,0
1,2018,1,4,17,3,0,0,22.238734,0
1,2018,1,4,18,0,0,0,27.767411,0
1,2018,1,4,18,1,0,0,24.882093,0
1,2018,1,4,18,2,0,0,14.982507,0
1,2018,1,4,18,3,0,0,12.703026,0
1,2018,1,4,19,0,0,0,13.442565,0
1,2018,1,4,19,1,0,0,14.566198,0
1,2018,1,4,19,2,0,0,17.992382,0
1,2018,1,4,19,3,0,0,22.471119,0
1,2018,1,4,20,0,0,0,15.891781,0
1,2018,1,4,20,1,0,0,20.508433,0
1,2018,1,4,20,2,0,0,19.429992,0
1,2018,1,4,20,3,0,0,19.413396,0
1,2018,1,4,21,0,0,0,25.861261,0
1,2018,1,4,21,1,0,0,18.971955,0
1,2018,1,4,21,2,0,0,10.955566,0
1,2018,1,4,21,3,0,0,13.896934,0
1,2018,1,4,22,0,0,0,15.539055,0
1,2018,1,4,22,1,0,0,9.21102,0
1,2018,1,4,22,2,0,0,14.828127,0
1,2018,1,4,22,3,0,0,12.902944,0
1,2018,1,4,23,0,0,0,5.711316,0
1,2018,1,4,23,1,0,0,4.404441,0
1,2018,1,4,23,2,0,0,21.041704,0
1,2018,1,4,23,3,0,0,20.80888,0
1,2018,1,5,0,0,0,0,21.12997,0
1,2018,1,5,0,1,0,0,21.12997,0
1,2018,1,5,0,2,0,0,15.103688,0
1,2018,1,5,0,3,0,0,6.641509,0
1,2018,1,5,1,0,0,0,10.865805,0
1,2018,1,5,1,1,0,0,12.945064,0
1,2018,1,5,1,2,0,0,15.241117,0
1,2018,1,5,1,3,0,0,17.721222,0
1,2018,1,5,2,0,0,0,11.714704,0
1,2018,1,5,2,1,0,0,10.857693,0
1,2018,1,5,2,2,0,0,14.755956,0
1,2018,1,5,2,3,0,0,4.882509,0
1,2018,1,5,3,0,0,0,4.529509,0
1,2018,1,5,3,1,0,0,9.103991,0
1,2018,1,5,3,2,0,0,12.153647,0
1,2018,1,5,3,3,0,0,7.070888,0
1,2018,1,5,4,0,0,0,4.529509,0
1,2018,1,5,4,1,0,0,4.529509,0
1,2018,1,5,4,2,0,0,4.529509,0
1,2018,1,5,4,3,0,0,4.769618,0
1,2018,1,5,5,0,0,0,5.429918,0
1,2018,1,5,5,1,0,0,5.429918,0
1,2018,1,5,5,2,0,0,5.429918,0
1,2018,1,5,5,3,0,0,5.429918,0
1,2018,1,5,6,0,0,0,5.429918,0
1,2018,1,5,6,1,0,0,5.429918,0
1,2018,1,5,6,2,0,0,5.429918,0
1,2018,1,5,6,3,0,0,6.071794,0
1,2018,1,5,7,0,0,0,6.100348,0
1,2018,1,5,7,1,0,0,6.08764,0
1,2018,1,5,7,2,0,0,5.840807,0
1,2018,1,5,7,3,0,0,9.781683,0
1,2018,1,5,8,0,0,0,9.232316,0
1,2018,1,5,8,1,0,0,11.364803,0
1,2018,1,5,8,2,0,0,9.35222,0
1,2018,1,5,8,3,0,0,6.959069,0
1,2018,1,5,9,0,0,0,27.229643,0
1,2018,1,5,9,1,0,0,29.049162,0
1,2018,1,5,9,2,0,0,18.051995,0
1,2018,1,5,9,3,0,0,18.731188,0
1,2018,1,5,10,0,0,0,15.667654,0
1,2018,1,5,10,1,0,0,16.279994,0
1,2018,1,5,10,2,0,0,19.077413,0
1,2018,1,5,10,3,0,0,17.933289,0
1,2018,1,5,11,0,0,0,22.611028,0
1,2018,1,5,11,1,0,0,32.006187,0
1,2018,1,5,11,2,0,0,34.948928,0
1,2018,1,5,11,3,0,0,37.987424,0
1,2018,1,5,12,0,0,0,25.900944,0
1,2018,1,5,12,1,0,0,19.313306,0
1,2018,1,5,12,2,0,0,28.733879,0
1,2018,1,5,12,3,0,0,30.876947,0
1,2018,1,5,13,0,0,0,23.812545,0
1,2018,1,5,13,1,0,0,22.370805,0
1,2018,1,5,13,2,0,0,26.106277,0
1,2018,1,5,13,3,0,0,21.1536,0
1,2018,1,5,14,0,0,0,25.438767,0
1,2018,1,5,14,1,0,0,27.320659,0
1,2018,1,5,14,2,0,0,23.110386,0
1,2018,1,5,14,3,0,0,21.597887,0
1,2018,1,5,15,0,0,0,23.306128,0
1,2018,1,5,15,1,0,0,15.083374,0
1,2018,1,5,15,2,0,0,14.376669,0
1,2018,1,5,15,3,0,0,20.956029,0
1,2018,1,5,16,0,0,0,25.983742,0
1,2018,1,5,16,1,0,0,26.143206,0
1,2018,1,5,16,2,0,0,26.549246,0
1,2018,1,5,16,3,0,0,27.236437,0
1,2018,1,5,17,0,0,0,24.259731,0
1,2018,1,5,17,1,0,0,21.649663,0
1,2018,1,5,17,2,0,0,10.934063,0
1,2018,1,5,17,3,0,0,9.718864,0
1,2018,1,5,18,0,0,0,14.088556,0
1,2018,1,5,18,1,0,0,21.688302,0
1,2018,1,5,18,2,0,0,19.696479,0
1,2018,1,5,18,3,0,0,14.993023,0
1,2018,1,5,19,0,0,0,21.229561,0
1,2018,1,5,19,1,0,0,17.251282,0
1,2018,1,5,19,2,0,0,6.175443,0
1,2018,1,5,19,3,0,0,5.998665,0
1,2018,1,5,20,0,0,0,12.805609,0
1,2018,1,5,20,1,0,0,18.387697,0
1,2018,1,5,20,2,0,0,5.749992,0
1,2018,1,5,20,3,0,0,2.165377,0
1,2018,1,5,21,0,0,0,6.898803,0
1,2018,1,5,21,1,0,0,16.354975,0
1,2018,1,5,21,2,0,0,21.941571,0
1,2018,1,5,21,3,0,0,9.377476,0
1,2018,1,5,22,0,0,0,6.239098,0
1,2018,1,5,22,1,0,0,3.391748,0
1,2018,1,5,22,2,0,0,3.391748,0
1,2018,1,5,22,3,0,0,5.30914,0
1,2018,1,5,23,0,0,0,12.978705,0
1,2018,1,5,23,1,0,0,9.259401,0
1,2018,1,5,23,2,0,0,11.647367,0
1,2018,1,5,23,3,0,0,10.198891,0
1,2018,1,6,0,0,0,0,17.411469,0
1,2018,1,6,0,1,0,0,27.951007,0
1,2018,1,6,0,2,0,0,17.425322,0
1,2018,1,6,0,3,0,0,6.01407,0
1,2018,1,6,1,0,0,0,8.119587,0
1,2018,1,6,1,1,0,0,14.310697,0
1,2018,1,6,1,2,0,0,18.15911,0
1,2018,1,6,1,3,0,0,17.378165,0
1,2018,1,6,2,0,0,0,26.365512,0
1,2018,1,6,2,1,0,0,15.408992,0
1,2018,1,6,2,2,0,0,8.400758,0
1,2018,1,6,2,3,0,0,6.947817,0
1,2018,1,6,3,0,0,0,3.647817,0
1,2018,1,6,3,1,0,0,3.781911,0
1,2018,1,6,3,2,0,0,8.281093,0
1,2018,1,6,3,3,0,0,9.157293,0
1,2018,1,6,4,0,0,0,9.157293,0
1,2018,1,6,4,1,0,0,8.827995,0
1,2018,1,6,4,2,0,0,14.970944,0
1,2018,1,6,4,3,0,0,4.934694,0
1,2018,1,6,5,0,0,0,5.676767,0
1,2018,1,6,5,1,0,0,25.274925,0
1,2018,1,6,5,2,0,0,12.901767,0
1,2018,1,6,5,3,0,0,7.184906,0
1,2018,1,6,6,0,0,0,8.841488,0
1,2018,1,6,6,1,0,0,8.680663,0
1,2018,1,6,6,2,0,0,5.091639,0
1,2018,1,6,6,3,0,0,4.849221,0
1,2018,1,6,7,0,0,0,4.532387,0
1,2018,1,6,7,1,0,0,4.333135,0
1,2018,1,6,7,2,0,0,7.620582,0
1,2018,1,6,7,3,0,0,8.718778,0
1,2018,1,6,8,0,0,0,9.915079,0
1,2018,1,6,8,1,0,0,8.141746,0
1,2018,1,6,8,2,0,0,12.365805,0
1,2018,1,6,8,3,0,0,6.304638,0
1,2018,1,6,9,0,0,0,5.326,0
1,2018,1,6,9,1,0,0,12.342104,0
1,2018,1,6,9,2,0,0,13.699989,0
1,2018,1,6,9,3,0,0,13.701692,0
1,2018,1,6,10,0,0,0,21.058662,0
1,2018,1,6,10,1,0,0,18.374107,0
1,2018,1,6,10,2,0,0,17.287085,0
1,2018,1,6,10,3,0,0,6.632432,0
1,2018,1,6,11,0,0,0,6.863742,0
1,2018,1,6,11,1,0,0,12.576276,0
1,2018,1,6,11,2,0,0,7.574876,0
1,2018,1,6,11,3,0,0,7.578214,0
1,2018,1,6,12,0,0,0,11.415815,0
1,2018,1,6,12,1,0,0,20.662539,0
1,2018,1,6,12,2,0,0,16.99095,0
1,2018,1,6,12,3,0,0,14.750617,0
1,2018,1,6,13,0,0,0,15.488954,0
1,2018,1,6,13,1,0,0,15.596334,0
1,2018,1,6,13,2,0,0,13.256323,0
1,2018,1,6,13,3,0,0,8.726346,0
1,2018,1,6,14,0,0,0,12.684095,0
1,2018,1,6,14,1,0,0,26.168541,0
1,2018,1,6,14,2,0,0,28.716116,0
1,2018,1,6,14,3,0,0,25.754114,0
1,2018,1,6,15,0,0,0,21.659511,0
1,2018,1,6,15,1,0,0,28.613634,0
1,2018,1,6,15,2,0,0,28.565479,0
1,2018,1,6,15,3,0,0,21.086575,0
1,2018,1,6,16,0,0,0,12.551545,0
1,2018,1,6,16,1,0,0,22.913655,0
1,2018,1,6,16,2,0,0,18.852547,0
1,2018,1,6,16,3,0,0,15.177136,0
1,2018,1,6,17,0,0,0,9.917869,0
1,2018,1,6,17,1,0,0,9.534913,0
1,2018,1,6,17,2,0,0,3.96765,0
1,2018,1,6,17,3,0,0,3.591921,0
1,2018,1,6,18,0,0,0,8.094909,0
1,2018,1,6,18,1,0,0,10.427706,0
1,2018,1,6,18,2,0,0,13.46092,0
1,2018,1,6,18,3,0,0,17.090604,0
1,2018,1,6,19,0,0,0,22.36867,0
1,2018,1,6,19,1,0,0,27.38524,0
1,2018,1,6,19,2,0,0,15.357817,0
1,2018,1,6,19,3,0,0,24.190379,0
1,2018,1,6,20,0,0,0,21.618342,0
1,2018,1,6,20,1,0,0,13.627936,0
1,2018,1,6,20,2,0,0,18.031466,0
1,2018,1,6,20,3,0,0,17.019244,0
1,2018,1,6,21,0,0,0,8.324719,0
1,2018,1,6,21,1,0,0,12.886039,0
1,2018,1,6,21,2,0,0,13.185891,0
1,2018,1,6,21,3,0,0,15.143883,0
1,2018,1,6,22,0,0,0,16.118696,0
1,2018,1,6,22,1,0,0,19.543057,0
1,2018,1,6,22,2,0,0,16.738387,0
1,2018,1,6,22,3,0,0,10.65058,0
1,2018,1,6,23,0,0,0,14.388085,0
1,2018,1,6,23,1,0,0,20.622509,0
1,2018,1,6,23,2,0,0,16.492996,0
1,2018,1,6,23,3,0,0,18.82318,0
1,2018,1,7,0,0,0,0,13.290072,0
1,2018,1,7,0,1,0,0,13.861666,0
1,2018,1,7,0,2,0,0,26.418156,0
1,2018,1,7,0,3,0,0,27.163364,0
1,2018,1,7,1,0,0,0,18.035762,0
1,2018,1,7,1,1,0,0,24.483091,0
1,2018,1,7,1,2,0,0,16.959958,0
1,2018,1,7,1,3,0,0,19.071796,0
1,2018,1,7,2,0,0,0,16.203716,0
1,2018,1,7,2,1,0,0,23.721222,0
1,2018,1,7,2,2,0,0,17.692259,0
1,2018,1,7,2,3,0,0,16.080271,0
1,2018,1,7,3,0,0,0,6.044485,0
1,2018,1,7,3,1,0,0,5.054027,0
1,2018,1,7,3,2,0,0,11.55424,0
1,2018,1,7,3,3,0,0,10.756188,0
1,2018,1,7,4,0,0,0,14.374733,0
1,2018,1,7,4,1,0,0,17.319233,0
1,2018,1,7,4,2,0,0,14.750555,0
1,2018,1,7,4,3,0,0,9.529483,0
1,2018,1,7,5,0,0,0,11.864451,0
1,2018,1,7,5,1,0,0,14.945944,0
1,2018,1,7,5,2,0,0,14.026626,0
1,2018,1,7,5,3,0,0,17.379703,0
1,2018,1,7,6,0,0,0,12.212011,0
1,2018,1,7,6,1,0,0,15.247305,0
1,2018,1,7,6,2,0,0,10.969304,0
1,2018,1,7,6,3,0,0,3.910063,0
1,2018,1,7,7,0,0,0,4.380564,0
1,2018,1,7,7,1,0,0,5.005901,0
1,2018,1,7,7,2,0,0,4.343892,0
1,2018,1,7,7,3,0,0,4.790876,0
1,2018,1,7,8,0,0,0,15.103473,0
1,2018,1,7,8,1,0,0,11.8313,0
1,2018,1,7,8,2,0,0,10.794473,0
1,2018,1,7,8,3,0,0,10.651345,0
1,2018,1,7,9,0,0,0,8.794357,0
1,2018,1,7,9,1,0,0,4.587715,0
1,2018,1,7,9,2,0,0,7.037873,0
1,2018,1,7,9,3,0,0,9.085176,0
1,2018,1,7,10,0,0,0,15.597339,0
1,2018,1,7,10,1,0,0,18.461441,0
1,2018,1,7,10,2,0,0,17.954934,0
1,2018,1,7,10,3,0,0,15.751212,0
1,2018,1,7,11,0,0,0,14.107417,0
1,2018,1,7,11,1,0,0,14.737519,0
1,2018,1,7,11,2,0,0,12.648247,0
1,2018,1,7,11,3,0,0,20.609415,0
1,2018,1,7,12,0,0,0,11.110149,0
1,2018,1,7,12,1,0,0,16.628646,0
1,2018,1,7,12,2,0,0,19.887985,0
1,2018,1,7,12,3,0,0,20.628406,0
1,2018,1,7,13,0,0,0,17.764676,0
1,2018,1,7,13,1,0,0,11.196324,0
1,2018,1,7,13,2,0,0,9.330615,0
1,2018,1,7,13,3,0,0,15.240286,0
1,2018,1,7,14,0,0,0,9.559994,0
1,2018,1,7,14,1,0,0,9.790286,0
1,2018,1,7,14,2,0,0,13.149959,0
1,2018,1,7,14,3,0,0,14.274737,0
1,2018,1,7,15,0,0,0,15.733061,0
1,2018,1,7,15,1,0,0,19.922379,0
1,2018,1,7,15,2,0,0,13.848043,0
1,2018,1,7,15,3,0,0,10.110649,0
1,2018,1,7,16,0,0,0,9.100479,0
1,2018,1,7,16,1,0,0,8.194955,0
1,2018,1,7,16,2,0,0,16.412279,0
1,2018,1,7,16,3,0,0,19.956355,0
1,2018,1,7,17,0,0,0,19.911025,0
1,2018,1,7,17,1,0,0,19.202049,0
1,2018,1,7,17,2,0,0,15.161612,0
1,2018,1,7,17,3,0,0,28.297771,0
1,2018,1,7,18,0,0,0,22.857536,0
1,2018,1,7,18,1,0,0,20.003027,0
1,2018,1,7,18,2,0,0,28.26168,0
1,2018,1,7,18,3,0,0,22.782926,0
1,2018,1,7,19,0,0,0,18.776332,0
1,2018,1,7,19,1,0,0,17.180281,0
1,2018,1,7,19,2,0,0,12.210435,0
1,2018,1,7,19,3,0,0,15.119574,0
1,2018,1,7,20,0,0,0,11.349647,0
1,2018,1,7,20,1,0,0,13.041348,0
1,2018,1,7,20,2,0,0,11.594282,0
1,2018,1,7,20,3,0,0,12.080845,0
1,2018,1,7,21,0,0,0,10.830372,0
1,2018,1,7,21,1,0,0,14.840131,0
1,2018,1,7,21,2,0,0,9.896189,0
1,2018,1,7,21,3,0,0,5.009208,0
1,2018,1,7,22,0,0,0,5.092733,0
1,2018,1,7,22,1,0,0,5.092733,0
1,2018,1,7,22,2,0,0,9.099399,0
1,2018,1,7,22,3,0,0,17.552257,0
1,2018,1,7,23,0,0,0,17.440872,0
1,2018,1,7,23,1,0,0,12.002572,0
1,2018,1,7,23,2,0,0,21.042247,0
1,2018,1,7,23,3,0,0,11.03644,0
1,2018,1,8,0,0,0,0,11.347024,0
1,2018,1,8,0,1,0,0,11.784524,0
1,2018,1,8,0,2,0,0,12.344863,0
1,2018,1,8,0,3,0,0,14.310464,0
1,2018,1,8,1,0,0,0,21.387745,0
1,2018,1,8,1,1,0,0,20.745053,0
1,2018,1,8,1,2,0,0,10.943053,0
1,2018,1,8,1,3,0,0,16.438641,0
1,2018,1,8,2,0,0,0,10.844445,0
1,2018,1,8,2,1,0,0,9.863112,0
1,2018,1,8,2,2,0,0,9.317499,0
1,2018,1,8,2,3,0,0,9.627757,0
1,2018,1,8,3,0,0,0,6.518079,0
1,2018,1,8,3,1,0,0,6.96854,0
1,2018,1,8,3,2,0,0,6.175683,0
1,2018,1,8,3,3,0,0,3.797112,0
1,2018,1,8,4,0,0,0,6.28854,0
1,2018,1,8,4,1,0,0,13.826969,0
1,2018,1,8,4,2,0,0,15.200969,0
1,2018,1,8,4,3,0,0,9.023322,0
1,2018,1,8,5,0,0,0,15.391935,0
1,2018,1,8,5,1,0,0,17.924378,0
1,2018,1,8,5,2,0,0,8.390554,0
1,2018,1,8,5,3,0,0,9.036983,0
1,2018,1,8,6,0,0,0,16.76412,0
1,2018,1,8,6,1,0,0,3.653253,0
1,2018,1,8,6,2,0,0,3.347024,0
1,2018,1,8,6,3,0,0,3.891787,0
1,2018,1,8,7,0,0,0,7.694286,0
1,2018,1,8,7,1,0,0,10.06848,0
1,2018,1,8,7,2,0,0,5.895834,0
1,2018,1,8,7,3,0,0,6.443633,0
1,2018,1,8,8,0,0,0,5.040187,0
1,2018,1,8,8,1,0,0,5.38593,0
1,2018,1,8,8,2,0,0,8.549261,0
1,2018,1,8,8,3,0,0,8.943036,0
1,2018,1,8,9,0,0,0,15.638509,0
1,2018,1,8,9,1,0,0,23.794144,0
1,2018,1,8,9,2,0,0,37.440662,0
1,2018,1,8,9,3,0,0,22.709611,0
1,2018,1,8,10,0,0,0,27.364468,0
1,2018,1,8,10,1,0,0,32.236391,0
1,2018,1,8,10,2,0,0,32.889513,0
1,2018,1,8,10,3,0,0,27.774755,0
1,2018,1,8,11,0,0,0,29.664923,0
1,2018,1,8,11,1,0,0,29.104995,0
1,2018,1,8,11,2,0,0,24.483762,0
1,2018,1,8,11,3,0,0,24.870191,0
1,2018,1,8,12,0,0,0,22.550638,0
1,2018,1,8,12,1,0,0,20.074012,0
1,2018,1,8,12,2,0,0,28.579734,0
1,2018,1,8,12,3,0,0,23.80088,0
1,2018,1,8,13,0,0,0,27.931217,0
1,2018,1,8,13,1,0,0,30.167329,0
1,2018,1,8,13,2,0,0,27.569222,0
1,2018,1,8,13,3,0,0,22.68594,0
1,2018,1,8,14,0,0,0,24.867364,0
1,2018,1,8,14,1,0,0,16.429632,0
1,2018,1,8,14,2,0,0,24.435499,0
1,2018,1,8,14,3,0,0,21.753444,0
1,2018,1,8,15,0,0,0,23.416788,0
1,2018,1,8,15,1,0,0,24.671459,0
1,2018,1,8,15,2,0,0,24.812129,0
1,2018,1,8,15,3,0,0,25.979993,0
1,2018,1,8,16,0,0,0,29.08744,0
1,2018,1,8,16,1,0,0,16.819202,0
1,2018,1,8,16,2,0,0,12.369055,0
1,2018,1,8,16,3,0,0,18.565916,0
1,2018,1,8,17,0,0,0,23.316093,0
1,2018,1,8,17,1,0,0,28.487945,0
1,2018,1,8,17,2,0,0,27.577419,0
1,2018,1,8,17,3,0,0,20.308368,0
1,2018,1,8,18,0,0,0,17.072174,0
1,2018,1,8,18,1,0,0,17.792507,0
1,2018,1,8,18,2,0,0,25.667991,0
1,2018,1,8,18,3,0,0,14.953908,0
1,2018,1,8,19,0,0,0,16.798016,0
1,2018,1,8,19,1,0,0,19.139692,0
1,2018,1,8,19,2,0,0,17.189322,0
1,2018,1,8,19,3,0,0,13.71955,0
1,2018,1,8,20,0,0,0,14.956964,0
1,2018,1,8,20,1,0,0,13.186026,0
1,2018,1,8,20,2,0,0,22.052878,0
1,2018,1,8,20,3,0,0,25.111917,0
1,2018,1,8,21,0,0,0,15.889163,0
1,2018,1,8,21,1,0,0,13.493898,0
1,2018,1,8,21,2,0,0,16.225599,0
1,2018,1,8,21,3,0,0,11.613918,0
1,2018,1,8,22,0,0,0,11.672088,0
1,2018,1,8,22,1,0,0,11.155889,0
1,2018,1,8,22,2,0,0,9.872079,0
1,2018,1,8,22,3,0,0,11.613032,0
1,2018,1,8,23,0,0,0,13.988765,0
1,2018,1,8,23,1,0,0,21.285555,0
1,2018,1,8,23,2,0,0,13.025554,0
1,2018,1,8,23,3,0,0,8.148561,0
1,2018,1,9,0,0,0,0,6.765012,0
1,2018,1,9,0,1,0,0,10.969518,0
1,2018,1,9,0,2,0,0,10.180629,0
1,2018,1,9,0,3,0,0,14.708758,0
1,2018,1,9,1,0,0,0,14.841389,0
1,2018,1,9,1,1,0,0,19.693897,0
1,2018,1,9,1,2,0,0,16.033897,0
1,2018,1,9,1,3,0,0,15.576326,0
1,2018,1,9,2,0,0,0,23.894946,0
1,2018,1,9,2,1,0,0,18.576302,0
1,2018,1,9,2,2,0,0,7.025074,0
1,2018,1,9,2,3,0,0,7.37674,0
1,2018,1,9,3,0,0,0,12.300074,0
1,2018,1,9,3,1,0,0,12.300074,0
1,2018,1,9,3,2,0,0,20.791949,0
1,2018,1,9,3,3,0,0,21.046845,0
1,2018,1,9,4,0,0,0,8.844761,0
1,2018,1,9,4,1,0,0,7.025074,0
1,2018,1,9,4,2,0,0,7.025074,0
1,2018,1,9,4,3,0,0,7.025074,0
1,2018,1,9,5,0,0,0,7.445074,0
1,2018,1,9,5,1,0,0,7.655074,0
1,2018,1,9,5,2,0,0,11.436674,0
1,2018,1,9,5,3,0,0,11.173179,0
1,2018,1,9,6,0,0,0,10.175786,0
1,2018,1,9,6,1,0,0,8.802709,0
1,2018,1,9,6,2,0,0,9.709019,0
1,2018,1,9,6,3,0,0,12.535591,0
1,2018,1,9,7,0,0,0,12.597411,0
1,2018,1,9,7,1,0,0,13.765155,0
1,2018,1,9,7,2,0,0,8.503461,0
1,2018,1,9,7,3,0,0,12.42488,0
1,2018,1,9,8,0,0,0,11.259679,0
1,2018,1,9,8,1,0,0,15.198193,0
1,2018,1,9,8,2,0,0,12.023133,0
1,2018,1,9,8,3,0,0,16.367113,0
1,2018,1,9,9,0,0,0,11.894965,0
1,2018,1,9,9,1,0,0,12.20351,0
1,2018,1,9,9,2,0,0,12.812047,0
1,2018,1,9,9,3,0,0,12.806484,0
1,2018,1,9,10,0,0,0,16.444127,0
1,2018,1,9,10,1,0,0,23.945443,0
1,2018,1,9,10,2,0,0,22.156618,0
1,2018,1,9,10,3,0,0,13.045115,0
1,2018,1,9,11,0,0,0,15.130016,0
1,2018,1,9,11,1,0,0,32.703291,0
1,2018,1,9,11,2,0,0,20.839662,0
1,2018,1,9,11,3,0,0,27.001878,0
1,2018,1,9,12,0,0,0,26.407461,0
1,2018,1,9,12,1,0,0,24.922176,0
1,2018,1,9,12,2,0,0,22.156388,0
1,2018,1,9,12,3,0,0,32.349047,0
1,2018,1,9,13,0,0,0,30.753913,0
1,2018,1,9,13,1,0,0,32.832459,0
1,2018,1,9,13,2,0,0,35.704532,0
1,2018,1,9,13,3,0,0,26.584172,0
1,2018,1,9,14,0,0,0,31.683438,0
1,2018,1,9,14,1,0,0,29.043484,0
1,2018,1,9,14,2,0,0,25.796701,0
1,2018,1,9,14,3,0,0,18.699405,0
1,2018,1,9,15,0,0,0,25.26689,0
1,2018,1,9,15,1,0,0,26.183344,0
1,2018,1,9,15,2,0,0,22.704488,0
1,2018,1,9,15,3,0,0,23.157087,0
1,2018,1,9,16,0,0,0,23.568573,0
1,2018,1,9,16,1,0,0,29.596971,0
1,2018,1,9,16,2,0,0,24.323583,0
1,2018,1,9,16,3,0,0,25.906815,0
1,2018,1,9,17,0,0,0,26.742958,0
1,2018,1,9,17,1,0,0,15.53167,0
1,2018,1,9,17,2,0,0,15.815677,0
1,2018,1,9,17,3,0,0,16.803793,0
1,2018,1,9,18,0,0,0,11.472382,0
1,2018,1,9,18,1,0,0,8.669903,0
1,2018,1,9,18,2,0,0,8.734003,0
1,2018,1,9,18,3,0,0,10.059596,0
1,2018,1,9,19,0,0,0,9.209986,0
1,2018,1,9,19,1,0,0,9.673257,0
1,2018,1,9,19,2,0,0,8.460962,0
1,2018,1,9,19,3,0,0,14.532047,0
1,2018,1,9,20,0,0,0,12.990104,0
1,2018,1,9,20,1,0,0,16.441972,0
1,2018,1,9,20,2,0,0,14.828725,0
1,2018,1,9,20,3,0,0,12.997772,0
1,2018,1,9,21,0,0,0,11.06553,0
1,2018,1,9,21,1,0,0,14.097745,0
1,2018,1,9,21,2,0,0,9.644592,0
1,2018,1,9,21,3,0,0,9.423282,0
1,2018,1,9,22,0,0,0,8.691316,0
1,2018,1,9,22,1,0,0,7.407491,0
1,2018,1,9,22,2,0,0,9.124732,0
1,2018,1,9,22,3,0,0,15.879144,0
1,2018,1,9,23,0,0,0,17.796589,0
1,2018,1,9,23,1,0,0,10.069948,0
1,2018,1,9,23,2,0,0,8.81702,0
1,2018,1,9,23,3,0,0,8.842955,0
1,2018,1,10,0,0,0,0,8.842955,0
1,2018,1,10,0,1,0,0,8.842955,0
1,2018,1,10,0,2,0,0,8.842955,0
1,2018,1,10,0,3,0,0,8.842955,0
1,2018,1,10,1,0,0,0,8.842955,0
1,2018,1,10,1,1,0,0,8.37423,0
1,2018,1,10,1,2,0,0,13.736747,0
1,2018,1,10,1,3,0,0,17.689824,0
1,2018,1,10,2,0,0,0,18.894396,0
1,2018,1,10,2,1,0,0,12.74602,0
1,2018,1,10,2,2,0,0,8.061747,0
1,2018,1,10,2,3,0,0,8.061747,0
1,2018,1,10,3,0,0,0,8.061747,0
1,2018,1,10,3,1,0,0,8.061747,0
1,2018,1,10,3,2,0,0,10.840443,0
1,2018,1,10,3,3,0,0,10.743204,0
1,2018,1,10,4,0,0,0,10.405242,0
1,2018,1,10,4,1,0,0,13.410479,0
1,2018,1,10,4,2,0,0,9.522614,0
1,2018,1,10,4,3,0,0,7.892235,0
1,2018,1,10,5,0,0,0,12.533901,0
1,2018,1,10,5,1,0,0,7.428068,0
1,2018,1,10,5,2,0,0,7.428068,0
1,2018,1,10,5,3,0,0,7.428068,0
1,2018,1,10,6,0,0,0,9.631745,0
1,2018,1,10,6,1,0,0,9.517079,0
1,2018,1,10,6,2,0,0,8.250052,0
1,2018,1,10,6,3,0,0,6.85206,0
1,2018,1,10,7,0,0,0,6.276118,0
1,2018,1,10,7,1,0,0,10.517072,0
1,2018,1,10,7,2,0,0,16.027119,0
1,2018,1,10,7,3,0,0,14.362823,0
1,2018,1,10,8,0,0,0,13.525213,0
1,2018,1,10,8,1,0,0,15.737425,0
1,2018,1,10,8,2,0,0,19.743229,0
1,2018,1,10,8,3,0,0,17.426551,0
1,2018,1,10,9,0,0,0,16.545601,0
1,2018,1,10,9,1,0,0,20.19578,0
1,2018,1,10,9,2,0,0,19.081772,0
1,2018,1,10,9,3,0,0,28.494608,0
1,2018,1,10,10,0,0,0,28.450937,0
1,2018,1,10,10,1,0,0,27.092154,0
1,2018,1,10,10,2,0,0,26.067155,0
1,2018,1,10,10,3,0,0,25.540958,0
1,2018,1,10,11,0,0,0,19.32757,0
1,2018,1,10,11,1,0,0,14.617391,0
1,2018,1,10,11,2,0,0,19.463145,0
1,2018,1,10,11,3,0,0,14.118071,0
1,2018,1,10,12,0,0,0,13.988968,0
1,2018,1,10,12,1,0,0,22.92181,0
1,2018,1,10,12,2,0,0,31.979377,0
1,2018,1,10,12,3,0,0,33.232791,0
1,2018,1,10,13,0,0,0,36.78149,0
1,2018,1,10,13,1,0,0,23.492811,0
1,2018,1,10,13,2,0,0,22.114096,0
1,2018,1,10,13,3,0,0,26.681101,0
1,2018,1,10,14,0,0,0,25.743405,0
1,2018,1,10,14,1,0,0,19.056558,0
1,2018,1,10,14,2,0,0,24.601394,0
1,2018,1,10,14,3,0,0,31.230416,0
1,2018,1,10,15,0,0,0,30.761959,0
1,2018,1,10,15,1,0,0,29.712574,0
1,2018,1,10,15,2,0,0,23.865045,0
1,2018,1,10,15,3,0,0,19.502346,0
1,2018,1,10,16,0,0,0,20.547511,0
1,2018,1,10,16,1,0,0,21.643336,0
1,2018,1,10,16,2,0,0,18.163956,0
1,2018,1,10,16,3,0,0,13.605825,0
1,2018,1,10,17,0,0,0,21.360225,0
1,2018,1,10,17,1,0,0,19.123825,0
1,2018,1,10,17,2,0,0,18.367487,0
1,2018,1,10,17,3,0,0,15.562983,0
1,2018,1,10,18,0,0,0,13.84998,0
1,2018,1,10,18,1,0,0,14.43852,0
1,2018,1,10,18,2,0,0,17.547836,0
1,2018,1,10,18,3,0,0,17.871908,0
1,2018,1,10,19,0,0,0,23.625804,0
1,2018,1,10,19,1,0,0,21.347102,0
1,2018,1,10,19,2,0,0,12.442782,0
1,2018,1,10,19,3,0,0,12.14582,0
1,2018,1,10,20,0,0,0,9.200449,0
1,2018,1,10,20,1,0,0,16.150449,0
1,2018,1,10,20,2,0,0,14.203115,0
1,2018,1,10,20,3,0,0,13.254113,0
1,2018,1,10,21,0,0,0,16.513039,0
1,2018,1,10,21,1,0,0,7.315217,0
1,2018,1,10,21,2,0,0,8.348167,0
1,2018,1,10,21,3,0,0,15.384626,0
1,2018,1,10,22,0,0,0,8.288956,0
1,2018,1,10,22,1,0,0,12.221683,0
1,2018,1,10,22,2,0,0,8.68624,0
1,2018,1,10,22,3,0,0,7.514444,0
1,2018,1,10,23,0,0,0,8.928444,0
1,2018,1,10,23,1,0,0,14.127444,0
1,2018,1,10,23,2,0,0,14.903076,0
1,2018,1,10,23,3,0,0,11.794173,0
1,2018,1,11,0,0,0,0,8.353356,0
1,2018,1,11,0,1,0,0,5.070962,0
1,2018,1,11,0,2,0,0,5.087106,0
1,2018,1,11,0,3,0,0,9.402517,0
1,2018,1,11,1,0,0,0,18.844397,0
1,2018,1,11,1,1,0,0,17.238669,0
1,2018,1,11,1,2,0,0,12.988787,0
1,2018,1,11,1,3,0,0,8.658215,0
1,2018,1,11,2,0,0,0,5.146517,0
1,2018,1,11,2,1,0,0,22.340532,0
1,2018,1,11,2,2,0,0,16.122502,0
1,2018,1,11,2,3,0,0,5.146517,0
1,2018,1,11,3,0,0,0,5.146517,0
1,2018,1,11,3,1,0,0,5.146517,0
1,2018,1,11,3,2,0,0,5.146517,0
1,2018,1,11,3,3,0,0,5.146517,0
1,2018,1,11,4,0,0,0,5.146517,0
1,2018,1,11,4,1,0,0,7.982646,0
1,2018,1,11,4,2,0,0,11.223936,0
1,2018,1,11,4,3,0,0,8.792968,0
1,2018,1,11,5,0,0,0,5.146517,0
1,2018,1,11,5,1,0,0,5.146517,0
1,2018,1,11,5,2,0,0,5.146517,0
1,2018,1,11,5,3,0,0,6.757628,0
1,2018,1,11,6,0,0,0,6.435406,0
1,2018,1,11,6,1,0,0,7.535717,0
1,2018,1,11,6,2,0,0,9.941067,0
1,2018,1,11,6,3,0,0,13.886938,0
1,2018,1,11,7,0,0,0,9.877138,0
1,2018,1,11,7,1,0,0,9.836967,0
1,2018,1,11,7,2,0,0,16.018563,0
1,2018,1,11,7,3,0,0,13.818112,0
1,2018,1,11,8,0,0,0,12.81605,0
1,2018,1,11,8,1,0,0,13.042894,0
1,2018,1,11,8,2,0,0,10.053504,0
1,2018,1,11,8,3,0,0,17.621704,0
1,2018,1,11,9,0,0,0,19.032367,0
1,2018,1,11,9,1,0,0,15.275291,0
1,2018,1,11,9,2,0,0,17.788869,0
1,2018,1,11,9,3,0,0,17.855851,0
1,2018,1,11,10,0,0,0,14.684563,0
1,2018,1,11,10,1,0,0,12.888911,0
1,2018,1,11,10,2,0,0,12.256686,0
1,2018,1,11,10,3,0,0,12.728684,0
1,2018,1,11,11,0,0,0,19.207349,0
1,2018,1,11,11,1,0,0,21.4335,0
1,2018,1,11,11,2,0,0,24.199914,0
1,2018,1,11,11,3,0,0,27.136962,0
1,2018,1,11,12,0,0,0,27.554576,0
1,2018,1,11,12,1,0,0,33.763764,0
1,2018,1,11,12,2,0,0,25.177585,0
1,2018,1,11,12,3,0,0,25.716801,0
1,2018,1,11,13,0,0,0,28.594677,0
1,2018,1,11,13,1,0,0,25.862913,0
1,2018,1,11,13,2,0,0,29.126939,0
1,2018,1,11,13,3,0,0,28.38918,0
1,2018,1,11,14,0,0,0,22.986654,0
1,2018,1,11,14,1,0,0,22.582072,0
1,2018,1,11,14,2,0,0,19.526987,0
1,2018,1,11,14,3,0,0,16.940924,0
1,2018,1,11,15,0,0,0,19.200417,0
1,2018,1,11,15,1,0,0,19.184753,0
1,2018,1,11,15,2,0,0,30.715248,0
1,2018,1,11,15,3,0,0,19.251886,0
1,2018,1,11,16,0,0,0,6.303736,0
1,2018,1,11,16,1,0,0,8.626591,0
1,2018,1,11,16,2,0,0,12.311291,0
1,2018,1,11,16,3,0,0,11.204126,0
1,2018,1,11,17,0,0,0,9.957064,0
1,2018,1,11,17,1,0,0,12.002831,0
1,2018,1,11,17,2,0,0,10.759258,0
1,2018,1,11,17,3,0,0,9.493933,0
1,2018,1,11,18,0,0,0,7.502705,0
1,2018,1,11,18,1,0,0,16.772749,0
1,2018,1,11,18,2,0,0,26.748829,0
1,2018,1,11,18,3,0,0,14.882464,0
1,2018,1,11,19,0,0,0,24.087598,0
1,2018,1,11,19,1,0,0,27.831203,0
1,2018,1,11,19,2,0,0,20.4851,0
1,2018,1,11,19,3,0,0,16.516125,0
1,2018,1,11,20,0,0,0,17.381792,0
1,2018,1,11,20,1,0,0,12.567534,0
1,2018,1,11,20,2,0,0,15.687988,0
1,2018,1,11,20,3,0,0,13.479963,0
1,2018,1,11,21,0,0,0,9.088311,0
1,2018,1,11,21,1,0,0,15.261649,0
1,2018,1,11,21,2,0,0,18.713414,0
1,2018,1,11,21,3,0,0,12.074358,0
1,2018,1,11,22,0,0,0,20.379013,0
1,2018,1,11,22,1,0,0,16.2989,0
1,2018,1,11,22,2,0,0,19.754943,0
1,2018,1,11,22,3,0,0,19.832932,0
1,2018,1,11,23,0,0,0,15.1275,0
1,2018,1,11,23,1,0,0,12.549687,0
1,2018,1,11,23,2,0,0,12.01146,0
1,2018,1,11,23,3,0,0,9.979504,0
1,2018,1,12,0,0,0,0,9.073775,0
1,2018,1,12,0,1,0,0,9.563276,0
1,2018,1,12,0,2,0,0,10.668257,0
1,2018,1,12,0,3,0,0,12.372154,0
1,2018,1,12,1,0,0,0,12.337802,0
1,2018,1,12,1,1,0,0,13.816802,0
1,2018,1,12,1,2,0,0,20.267478,0
1,2018,1,12,1,3,0,0,19.494919,0
1,2018,1,12,2,0,0,0,13.883839,0
1,2018,1,12,2,1,0,0,9.773663,0
1,2018,1,12,2,2,0,0,5.826898,0
1,2018,1,12,2,3,0,0,5.826898,0
1,2018,1,12,3,0,0,0,5.826898,0
1,2018,1,12,3,1,0,0,6.449223,0
1,2018,1,12,3,2,0,0,10.49434,0
1,2018,1,12,3,3,0,0,10.49434,0
1,2018,1,12,4,0,0,0,9.249689,0
1,2018,1,12,4,1,0,0,5.826898,0
1,2018,1,12,4,2,0,0,5.826898,0
1,2018,1,12,4,3,0,0,5.826898,0
1,2018,1,12,5,0,0,0,5.826898,0
1,2018,1,12,5,1,0,0,6.14912,0
1,2018,1,12,5,2,0,0,8.404676,0
1,2018,1,12,5,3,0,0,5.826898,0
1,2018,1,12,6,0,0,0,6.455133,0
1,2018,1,12,6,1,0,0,10.538663,0
1,2018,1,12,6,2,0,0,9.319206,0
1,2018,1,12,6,3,0,0,9.319206,0
1,2018,1,12,7,0,0,0,10.780051,0
1,2018,1,12,7,1,0,0,10.687372,0
1,2018,1,12,7,2,0,0,8.846409,0
1,2018,1,12,7,3,0,0,8.67894,0
1,2018,1,12,8,0,0,0,19.420244,0
1,2018,1,12,8,1,0,0,18.980257,0
1,2018,1,12,8,2,0,0,27.016212,0
1,2018,1,12,8,3,0,0,18.150747,0
1,2018,1,12,9,0,0,0,28.307052,0
1,2018,1,12,9,1,0,0,39.257298,0
1,2018,1,12,9,2,0,0,26.619021,0
1,2018,1,12,9,3,0,0,25.52953,0
1,2018,1,12,10,0,0,0,19.377439,0
1,2018,1,12,10,1,0,0,19.480787,0
1,2018,1,12,10,2,0,0,25.078808,0
1,2018,1,12,10,3,0,0,20.002524,0
1,2018,1,12,11,0,0,0,19.111307,0
1,2018,1,12,11,1,0,0,20.473051,0
1,2018,1,12,11,2,0,0,25.777414,0
1,2018,1,12,11,3,0,0,23.723993,0
1,2018,1,12,12,0,0,0,33.645414,0
1,2018,1,12,12,1,0,0,22.79229,0
1,2018,1,12,12,2,0,0,16.213158,0
1,2018,1,12,12,3,0,0,19.307255,0
1,2018,1,12,13,0,0,0,18.96313,0
1,2018,1,12,13,1,0,0,21.218925,0
1,2018,1,12,13,2,0,0,23.537236,0
1,2018,1,12,13,3,0,0,25.053847,0
1,2018,1,12,14,0,0,0,25.563557,0
1,2018,1,12,14,1,0,0,29.920259,0
1,2018,1,12,14,2,0,0,31.777581,0
1,2018,1,12,14,3,0,0,23.822758,0
1,2018,1,12,15,0,0,0,17.083285,0
1,2018,1,12,15,1,0,0,14.177281,0
1,2018,1,12,15,2,0,0,17.434127,0
1,2018,1,12,15,3,0,0,26.692617,0
1,2018,1,12,16,0,0,0,25.452622,0
1,2018,1,12,16,1,0,0,29.896587,0
1,2018,1,12,16,2,0,0,24.893257,0
1,2018,1,12,16,3,0,0,12.980162,0
1,2018,1,12,17,0,0,0,5.29588,0
1,2018,1,12,17,1,0,0,10.163955,0
1,2018,1,12,17,2,0,0,13.919115,0
1,2018,1,12,17,3,0,0,16.918405,0
1,2018,1,12,18,0,0,0,12.470783,0
1,2018,1,12,18,1,0,0,17.061265,0
1,2018,1,12,18,2,0,0,20.623203,0
1,2018,1,12,18,3,0,0,25.53966,0
1,2018,1,12,19,0,0,0,9.679085,0
1,2018,1,12,19,1,0,0,12.020987,0
1,2018,1,12,19,2,0,0,8.491825,0
1,2018,1,12,19,3,0,0,17.814936,0
1,2018,1,12,20,0,0,0,18.119344,0
1,2018,1,12,20,1,0,0,9.064475,0
1,2018,1,12,20,2,0,0,9.615403,0
1,2018,1,12,20,3,0,0,13.632367,0
1,2018,1,12,21,0,0,0,19.869613,0
1,2018,1,12,21,1,0,0,20.606654,0
1,2018,1,12,21,2,0,0,12.871486,0
1,2018,1,12,21,3,0,0,12.788145,0
1,2018,1,12,22,0,0,0,17.231298,0
1,2018,1,12,22,1,0,0,17.150023,0
1,2018,1,12,22,2,0,0,19.891726,0
1,2018,1,12,22,3,0,0,12.02572,0
1,2018,1,12,23,0,0,0,7.278417,0
1,2018,1,12,23,1,0,0,13.216662,0
1,2018,1,12,23,2,0,0,12.46417,0
1,2018,1,12,23,3,0,0,11.246267,0
1,2018,1,13,0,0,0,0,16.312055,0
1,2018,1,13,0,1,0,0,16.178731,0
1,2018,1,13,0,2,0,0,11.763471,0
1,2018,1,13,0,3,0,0,9.865214,0
1,2018,1,13,1,0,0,0,21.899351,0
1,2018,1,13,1,1,0,0,17.26707,0
1,2018,1,13,1,2,0,0,18.914911,0
1,2018,1,13,1,3,0,0,6.431094,0
1,2018,1,13,2,0,0,0,11.137376,0
1,2018,1,13,2,1,0,0,21.231595,0
1,2018,1,13,2,2,0,0,20.472348,0
1,2018,1,13,2,3,0,0,28.314214,0
1,2018,1,13,3,0,0,0,23.891494,0
1,2018,1,13,3,1,0,0,11.983971,0
1,2018,1,13,3,2,0,0,11.242591,0
1,2018,1,13,3,3,0,0,8.469066,0
1,2018,1,13,4,0,0,0,6.387545,0
1,2018,1,13,4,1,0,0,6.387545,0
1,2018,1,13,4,2,0,0,6.783021,0
1,2018,1,13,4,3,0,0,9.093497,0
1,2018,1,13,5,0,0,0,9.093497,0
1,2018,1,13,5,1,0,0,5.822099,0
1,2018,1,13,5,2,0,0,9.016347,0
1,2018,1,13,5,3,0,0,8.695379,0
1,2018,1,13,6,0,0,0,4.20183,0
1,2018,1,13,6,1,0,0,5.502402,0
1,2018,1,13,6,2,0,0,13.956116,0
1,2018,1,13,6,3,0,0,13.879842,0
1,2018,1,13,7,0,0,0,6.69477,0
1,2018,1,13,7,1,0,0,4.714302,0
1,2018,1,13,7,2,0,0,4.016338,0
1,2018,1,13,7,3,0,0,3.97895,0
1,2018,1,13,8,0,0,0,3.6213,0
1,2018,1,13,8,1,0,0,3.682894,0
1,2018,1,13,8,2,0,0,7.950726,0
1,2018,1,13,8,3,0,0,12.782093,0
1,2018,1,13,9,0,0,0,9.658715,0
1,2018,1,13,9,1,0,0,7.366048,0
1,2018,1,13,9,2,0,0,8.044474,0
1,2018,1,13,9,3,0,0,11.457581,0
1,2018,1,13,10,0,0,0,11.44434,0
1,2018,1,13,10,1,0,0,5.983078,0
1,2018,1,13,10,2,0,0,5.430349,0
1,2018,1,13,10,3,0,0,8.417547,0
1,2018,1,13,11,0,0,0,7.445283,0
1,2018,1,13,11,1,0,0,7.565272,0
1,2018,1,13,11,2,0,0,18.074306,0
1,2018,1,13,11,3,0,0,15.410443,0
1,2018,1,13,12,0,0,0,18.219142,0
1,2018,1,13,12,1,0,0,17.719893,0
1,2018,1,13,12,2,0,0,25.493594,0
1,2018,1,13,12,3,0,0,25.017241,0
1,2018,1,13,13,0,0,0,22.245888,0
1,2018,1,13,13,1,0,0,17.560641,0
1,2018,1,13,13,2,0,0,20.972546,0
1,2018,1,13,13,3,0,0,20.812414,0
1,2018,1,13,14,0,0,0,16.089932,0
1,2018,1,13,14,1,0,0,19.771225,0
1,2018,1,13,14,2,0,0,27.165585,0
1,2018,1,13,14,3,0,0,27.032663,0
1,2018,1,13,15,0,0,0,24.694127,0
1,2018,1,13,15,1,0,0,15.94029,0
1,2018,1,13,15,2,0,0,21.880676,0
1,2018,1,13,15,3,0,0,37.085626,0
1,2018,1,13,16,0,0,0,31.33392,0
1,2018,1,13,16,1,0,0,21.911456,0
1,2018,1,13,16,2,0,0,17.518732,0
1,2018,1,13,16,3,0,0,13.648107,0
1,2018,1,13,17,0,0,0,13.2595,0
1,2018,1,13,17,1,0,0,5.660855,0
1,2018,1,13,17,2,0,0,16.379646,0
1,2018,1,13,17,3,0,0,18.066335,0
1,2018,1,13,18,0,0,0,16.583703,0
1,2018,1,13,18,1,0,0,14.703463,0
1,2018,1,13,18,2,0,0,17.23553,0
1,2018,1,13,18,3,0,0,16.799973,0
1,2018,1,13,19,0,0,0,16.95867,0
1,2018,1,13,19,1,0,0,17.396553,0
1,2018,1,13,19,2,0,0,24.370407,0
1,2018,1,13,19,3,0,0,11.409589,0
1,2018,1,13,20,0,0,0,13.834515,0
1,2018,1,13,20,1,0,0,22.583515,0
1,2018,1,13,20,2,0,0,20.241717,0
1,2018,1,13,20,3,0,0,16.247617,0
1,2018,1,13,21,0,0,0,15.541836,0
1,2018,1,13,21,1,0,0,26.941426,0
1,2018,1,13,21,2,0,0,18.2273,0
1,2018,1,13,21,3,0,0,17.564994,0
1,2018,1,13,22,0,0,0,23.459421,0
1,2018,1,13,22,1,0,0,20.348645,0
1,2018,1,13,22,2,0,0,22.544993,0
1,2018,1,13,22,3,0,0,12.186824,0
1,2018,1,13,23,0,0,0,11.882526,0
1,2018,1,13,23,1,0,0,16.421434,0
1,2018,1,13,23,2,0,0,19.071178,0
1,2018,1,13,23,3,0,0,15.664158,0
1,2018,1,14,0,0,0,0,27.061037,0
1,2018,1,14,0,1,0,0,14.822888,0
1,2018,1,14,0,2,0,0,18.261979,0
1,2018,1,14,0,3,0,0,14.004842,0
1,2018,1,14,1,0,0,0,23.064376,0
1,2018,1,14,1,1,0,0,23.951519,0
1,2018,1,14,1,2,0,0,24.643932,0
1,2018,1,14,1,3,0,0,25.545725,0
1,2018,1,14,2,0,0,0,12.928937,0
1,2018,1,14,2,1,0,0,14.921392,0
1,2018,1,14,2,2,0,0,18.080687,0
1,2018,1,14,2,3,0,0,26.661487,0
1,2018,1,14,3,0,0,0,14.809535,0
1,2018,1,14,3,1,0,0,11.211886,0
1,2018,1,14,3,2,0,0,8.77214,0
1,2018,1,14,3,3,0,0,8.77214,0
1,2018,1,14,4,0,0,0,15.975076,0
1,2018,1,14,4,1,0,0,26.170155,0
1,2018,1,14,4,2,0,0,9.825211,0
1,2018,1,14,4,3,0,0,12.605219,0
1,2018,1,14,5,0,0,0,13.953923,0
1,2018,1,14,5,1,0,0,20.339425,0
1,2018,1,14,5,2,0,0,6.627356,0
1,2018,1,14,5,3,0,0,6.301971,0
1,2018,1,14,6,0,0,0,9.401997,0
1,2018,1,14,6,1,0,0,13.694663,0
1,2018,1,14,6,2,0,0,11.254663,0
1,2018,1,14,6,3,0,0,11.069302,0
1,2018,1,14,7,0,0,0,9.910338,0
1,2018,1,14,7,1,0,0,11.254579,0
1,2018,1,14,7,2,0,0,10.333335,0
1,2018,1,14,7,3,0,0,11.025103,0
1,2018,1,14,8,0,0,0,15.123929,0
1,2018,1,14,8,1,0,0,12.732673,0
1,2018,1,14,8,2,0,0,4.858856,0
1,2018,1,14,8,3,0,0,8.396794,0
1,2018,1,14,9,0,0,0,9.735163,0
1,2018,1,14,9,1,0,0,6.439898,0
1,2018,1,14,9,2,0,0,5.028986,0
1,2018,1,14,9,3,0,0,7.898406,0
1,2018,1,14,10,0,0,0,14.596176,0
1,2018,1,14,10,1,0,0,7.798408,0
1,2018,1,14,10,2,0,0,6.398603,0
1,2018,1,14,10,3,0,0,8.801916,0
1,2018,1,14,11,0,0,0,8.64971,0
1,2018,1,14,11,1,0,0,8.532471,0
1,2018,1,14,11,2,0,0,12.337164,0
1,2018,1,14,11,3,0,0,14.073513,0
1,2018,1,14,12,0,0,0,9.540452,0
1,2018,1,14,12,1,0,0,8.218429,0
1,2018,1,14,12,2,0,0,11.647362,0
1,2018,1,14,12,3,0,0,18.586841,0
1,2018,1,14,13,0,0,0,20.421386,0
1,2018,1,14,13,1,0,0,13.861847,0
1,2018,1,14,13,2,0,0,16.875905,0
1,2018,1,14,13,3,0,0,18.262908,0
1,2018,1,14,14,0,0,0,12.617751,0
1,2018,1,14,14,1,0,0,18.298995,0
1,2018,1,14,14,2,0,0,21.130278,0
1,2018,1,14,14,3,0,0,17.795703,0
1,2018,1,14,15,0,0,0,24.253159,0
1,2018,1,14,15,1,0,0,20.255055,0
1,2018,1,14,15,2,0,0,20.705271,0
1,2018,1,14,15,3,0,0,15.643715,0
1,2018,1,14,16,0,0,0,16.331074,0
1,2018,1,14,16,1,0,0,21.520804,0
1,2018,1,14,16,2,0,0,23.536465,0
1,2018,1,14,16,3,0,0,22.52728,0
1,2018,1,14,17,0,0,0,20.79932,0
1,2018,1,14,17,1,0,0,17.888379,0
1,2018,1,14,17,2,0,0,18.43993,0
1,2018,1,14,17,3,0,0,26.66268,0
1,2018,1,14,18,0,0,0,20.264262,0
1,2018,1,14,18,1,0,0,20.545145,0
1,2018,1,14,18,2,0,0,17.795038,0
1,2018,1,14,18,3,0,0,21.004295,0
1,2018,1,14,19,0,0,0,19.224836,0
1,2018,1,14,19,1,0,0,22.890238,0
1,2018,1,14,19,2,0,0,28.282665,0
1,2018,1,14,19,3,0,0,20.141212,0
1,2018,1,14,20,0,0,0,14.083978,0
1,2018,1,14,20,1,0,0,13.552091,0
1,2018,1,14,20,2,0,0,6.196732,0
1,2018,1,14,20,3,0,0,6.186944,0
1,2018,1,14,21,0,0,0,15.339984,0
1,2018,1,14,21,1,0,0,19.910801,0
1,2018,1,14,21,2,0,0,21.789168,0
1,2018,1,14,21,3,0,0,22.911956,0
1,2018,1,14,22,0,0,0,25.829748,0
1,2018,1,14,22,1,0,0,10.458828,0
1,2018,1,14,22,2,0,0,12.079208,0
1,2018,1,14,22,3,0,0,15.297641,0
1,2018,1,14,23,0,0,0,17.198986,0
1,2018,1,14,23,1,0,0,24.721637,0
1,2018,1,14,23,2,0,0,23.257863,0
1,2018,1,14,23,3,0,0,28.228813,0
1,2018,1,15,0,0,0,0,25.752979,0
1,2018,1,15,0,1,0,0,19.343578,0
1,2018,1,15,0,2,0,0,10.97843,0
1,2018,1,15,0,3,0,0,7.231537,0
1,2018,1,15,1,0,0,0,15.490061,0
1,2018,1,15,1,1,0,0,15.611169,0
1,2018,1,15,1,2,0,0,12.745815,0
1,2018,1,15,1,3,0,0,8.359817,0
1,2018,1,15,2,0,0,0,3.424989,0
1,2018,1,15,2,1,0,0,3.424989,0
1,2018,1,15,2,2,0,0,3.424989,0
1,2018,1,15,2,3,0,0,9.26607,0
1,2018,1,15,3,0,0,0,11.960626,0
1,2018,1,15,3,1,0,0,12.921128,0
1,2018,1,15,3,2,0,0,8.05356,0
1,2018,1,15,3,3,0,0,7.80256,0
1,2018,1,15,4,0,0,0,5.615989,0
1,2018,1,15,4,1,0,0,3.424989,0
1,2018,1,15,4,2,0,0,3.424989,0
1,2018,1,15,4,3,0,0,7.824989,0
1,2018,1,15,5,0,0,0,6.504989,0
1,2018,1,15,5,1,0,0,3.424989,0
1,2018,1,15,5,2,0,0,3.424989,0
1,2018,1,15,5,3,0,0,3.424989,0
1,2018,1,15,6,0,0,0,5.375957,0
1,2018,1,15,6,1,0,0,13.179828,0
1,2018,1,15,6,2,0,0,12.441941,0
1,2018,1,15,6,3,0,0,5.529329,0
1,2018,1,15,7,0,0,0,6.645,0
1,2018,1,15,7,1,0,0,9.664037,0
1,2018,1,15,7,2,0,0,10.65885,0
1,2018,1,15,7,3,0,0,3.70498,0
1,2018,1,15,8,0,0,0,4.449963,0
1,2018,1,15,8,1,0,0,5.084499,0
1,2018,1,15,8,2,0,0,5.157123,0
1,2018,1,15,8,3,0,0,4.755161,0
1,2018,1,15,9,0,0,0,5.401123,0
1,2018,1,15,9,1,0,0,10.367334,0
1,2018,1,15,9,2,0,0,18.897835,0
1,2018,1,15,9,3,0,0,13.847565,0
1,2018,1,15,10,0,0,0,11.325644,0
1,2018,1,15,10,1,0,0,18.30835,0
1,2018,1,15,10,2,0,0,22.304397,0
1,2018,1,15,10,3,0,0,20.660955,0
1,2018,1,15,11,0,0,0,18.857438,0
1,2018,1,15,11,1,0,0,32.860526,0
1,2018,1,15,11,2,0,0,26.167712,0
1,2018,1,15,11,3,0,0,21.904277,0
1,2018,1,15,12,0,0,0,22.988812,0
1,2018,1,15,12,1,0,0,22.226973,0
1,2018,1,15,12,2,0,0,23.365657,0
1,2018,1,15,12,3,0,0,24.526509,0
1,2018,1,15,13,0,0,0,16.286571,0
1,2018,1,15,13,1,0,0,21.293923,0
1,2018,1,15,13,2,0,0,21.034542,0
1,2018,1,15,13,3,0,0,21.209774,0
1,2018,1,15,14,0,0,0,18.796693,0
1,2018,1,15,14,1,0,0,16.713146,0
1,2018,1,15,14,2,0,0,20.192927,0
1,2018,1,15,14,3,0,0,17.70196,0
1,2018,1,15,15,0,0,0,15.618708,0
1,2018,1,15,15,1,0,0,17.429451,0
1,2018,1,15,15,2,0,0,16.290671,0
1,2018,1,15,15,3,0,0,21.927184,0
1,2018,1,15,16,0,0,0,18.038489,0
1,2018,1,15,16,1,0,0,16.764812,0
1,2018,1,15,16,2,0,0,22.365956,0
1,2018,1,15,16,3,0,0,23.48627,0
1,2018,1,15,17,0,0,0,15.903068,0
1,2018,1,15,17,1,0,0,15.086296,0
1,2018,1,15,17,2,0,0,13.941259,0
1,2018,1,15,17,3,0,0,18.667998,0
1,2018,1,15,18,0,0,0,30.430733,0
1,2018,1,15,18,1,0,0,21.203644,0
1,2018,1,15,18,2,0,0,15.119707,0
1,2018,1,15,18,3,0,0,16.590044,0
1,2018,1,15,19,0,0,0,16.478261,0
1,2018,1,15,19,1,0,0,16.347121,0
1,2018,1,15,19,2,0,0,13.682296,0
1,2018,1,15,19,3,0,0,8.499355,0
1,2018,1,15,20,0,0,0,7.616146,0
1,2018,1,15,20,1,0,0,7.616146,0
1,2018,1,15,20,2,0,0,11.121058,0
1,2018,1,15,20,3,0,0,12.767046,0
1,2018,1,15,21,0,0,0,13.356033,0
1,2018,1,15,21,1,0,0,14.041576,0
1,2018,1,15,21,2,0,0,11.355441,0
1,2018,1,15,21,3,0,0,25.316226,0
1,2018,1,15,22,0,0,0,22.049367,0
1,2018,1,15,22,1,0,0,24.745327,0
1,2018,1,15,22,2,0,0,19.987223,0
1,2018,1,15,22,3,0,0,23.552284,0
1,2018,1,15,23,0,0,0,26.599956,0
1,2018,1,15,23,1,0,0,12.719605,0
1,2018,1,15,23,2,0,0,20.900855,0
1,2018,1,15,23,3,0,0,23.283988,0
1,2018,1,16,0,0,0,0,22.897421,0
1,2018,1,16,0,1,0,0,11.043757,0
1,2018,1,16,0,2,0,0,8.171014,0
1,2018,1,16,0,3,0,0,8.171014,0
1,2018,1,16,1,0,0,0,8.171014,0
1,2018,1,16,1,1,0,0,11.686442,0
1,2018,1,16,1,2,0,0,14.762442,0
1,2018,1,16,1,3,0,0,13.444157,0
1,2018,1,16,2,0,0,0,8.171014,0
1,2018,1,16,2,1,0,0,8.532281,0
1,2018,1,16,2,2,0,0,11.925564,0
1,2018,1,16,2,3,0,0,8.019564,0
1,2018,1,16,3,0,0,0,8.019564,0
1,2018,1,16,3,1,0,0,8.019564,0
1,2018,1,16,3,2,0,0,7.894048,0
1,2018,1,16,3,3,0,0,14.472718,0
1,2018,1,16,4,0,0,0,14.192406,0
1,2018,1,16,4,1,0,0,9.551781,0
1,2018,1,16,4,2,0,0,7.231468,0
1,2018,1,16,4,3,0,0,6.924145,0
1,2018,1,16,5,0,0,0,6.719262,0
1,2018,1,16,5,1,0,0,6.719262,0
1,2018,1,16,5,2,0,0,6.719262,0
1,2018,1,16,5,3,0,0,7.210691,0
1,2018,1,16,6,0,0,0,8.168631,0
1,2018,1,16,6,1,0,0,7.086144,0
1,2018,1,16,6,2,0,0,13.790322,0
1,2018,1,16,6,3,0,0,15.809584,0
1,2018,1,16,7,0,0,0,14.503286,0
1,2018,1,16,7,1,0,0,8.834898,0
1,2018,1,16,7,2,0,0,10.657221,0
1,2018,1,16,7,3,0,0,11.657279,0
1,2018,1,16,8,0,0,0,13.169322,0
1,2018,1,16,8,1,0,0,14.049704,0
1,2018,1,16,8,2,0,0,14.234996,0
1,2018,1,16,8,3,0,0,8.041197,0
1,2018,1,16,9,0,0,0,10.998611,0
1,2018,1,16,9,1,0,0,17.72038,0
1,2018,1,16,9,2,0,0,17.410807,0
1,2018,1,16,9,3,0,0,20.002912,0
1,2018,1,16,10,0,0,0,16.53354,0
1,2018,1,16,10,1,0,0,18.267043,0
1,2018,1,16,10,2,0,0,20.794688,0
1,2018,1,16,10,3,0,0,22.718626,0
1,2018,1,16,11,0,0,0,22.4727,0
1,2018,1,16,11,1,0,0,26.162955,0
1,2018,1,16,11,2,0,0,33.672569,0
1,2018,1,16,11,3,0,0,28.353413,0
1,2018,1,16,12,0,0,0,27.537221,0
1,2018,1,16,12,1,0,0,34.193372,0
1,2018,1,16,12,2,0,0,-5.644389,0
1,2018,1,16,12,3,0,0,27.840087,0
1,2018,1,16,13,0,0,0,36.051384,0
1,2018,1,16,13,1,0,0,47.164313,0
1,2018,1,16,13,2,0,0,58.802471,0
1,2018,1,16,13,3,0,0,44.609024,0
1,2018,1,16,14,0,0,0,30.443435,0
1,2018,1,16,14,1,0,0,27.236253,0
1,2018,1,16,14,2,0,0,33.548928,0
1,2018,1,16,14,3,0,0,25.183958,0
1,2018,1,16,15,0,0,0,23.700016,0
1,2018,1,16,15,1,0,0,19.343089,0
1,2018,1,16,15,2,0,0,26.58326,0
1,2018,1,16,15,3,0,0,26.043056,0
1,2018,1,16,16,0,0,0,21.129403,0
1,2018,1,16,16,1,0,0,26.47314,0
1,2018,1,16,16,2,0,0,24.973169,0
1,2018,1,16,16,3,0,0,26.300342,0
1,2018,1,16,17,0,0,0,26.095829,0
1,2018,1,16,17,1,0,0,24.910586,0
1,2018,1,16,17,2,0,0,23.419411,0
1,2018,1,16,17,3,0,0,21.908642,0
1,2018,1,16,18,0,0,0,14.879231,0
1,2018,1,16,18,1,0,0,13.302953,0
1,2018,1,16,18,2,0,0,23.116934,0
1,2018,1,16,18,3,0,0,17.183952,0
1,2018,1,16,19,0,0,0,9.092034,0
1,2018,1,16,19,1,0,0,5.717201,0
1,2018,1,16,19,2,0,0,11.346474,0
1,2018,1,16,19,3,0,0,15.24032,0
1,2018,1,16,20,0,0,0,18.386425,0
1,2018,1,16,20,1,0,0,9.655933,0
1,2018,1,16,20,2,0,0,5.202174,0
1,2018,1,16,20,3,0,0,6.208176,0
1,2018,1,16,21,0,0,0,7.987192,0
1,2018,1,16,21,1,0,0,7.950346,0
1,2018,1,16,21,2,0,0,7.706278,0
1,2018,1,16,21,3,0,0,13.128182,0
1,2018,1,16,22,0,0,0,13.181558,0
1,2018,1,16,22,1,0,0,13.423625,0
1,2018,1,16,22,2,0,0,11.247225,0
1,2018,1,16,22,3,0,0,11.247225,0
1,2018,1,16,23,0,0,0,12.642825,0
1,2018,1,16,23,1,0,0,15.298236,0
1,2018,1,16,23,2,0,0,19.194213,0
1,2018,1,16,23,3,0,0,12.387642,0
1,2018,1,17,0,0,0,0,6.437642,0
1,2018,1,17,0,1,0,0,6.437642,0
1,2018,1,17,0,2,0,0,11.095217,0
1,2018,1,17,0,3,0,0,13.424005,0
1,2018,1,17,1,0,0,0,13.283309,0
1,2018,1,17,1,1,0,0,10.474785,0
1,2018,1,17,1,2,0,0,10.468535,0
1,2018,1,17,1,3,0,0,8.944246,0
1,2018,1,17,2,0,0,0,9.260797,0
1,2018,1,17,2,1,0,0,7.044935,0
1,2018,1,17,2,2,0,0,6.88666,0
1,2018,1,17,2,3,0,0,6.88666,0
1,2018,1,17,3,0,0,0,6.88666,0
1,2018,1,17,3,1,0,0,6.88666,0
1,2018,1,17,3,2,0,0,6.88666,0
1,2018,1,17,3,3,0,0,11.322374,0
1,2018,1,17,4,0,0,0,12.587424,0
1,2018,1,17,4,1,0,0,6.246097,0
1,2018,1,17,4,2,0,0,6.246097,0
1,2018,1,17,4,3,0,0,13.488497,0
1,2018,1,17,5,0,0,0,15.463697,0
1,2018,1,17,5,1,0,0,12.87001,0
1,2018,1,17,5,2,0,0,14.182184,0
1,2018,1,17,5,3,0,0,11.571097,0
1,2018,1,17,6,0,0,0,12.064888,0
1,2018,1,17,6,1,0,0,12.706701,0
1,2018,1,17,6,2,0,0,11.826291,0
1,2018,1,17,6,3,0,0,7.401059,0
1,2018,1,17,7,0,0,0,8.385716,0
1,2018,1,17,7,1,0,0,7.787529,0
1,2018,1,17,7,2,0,0,9.298358,0
1,2018,1,17,7,3,0,0,10.896374,0
1,2018,1,17,8,0,0,0,11.799231,0
1,2018,1,17,8,1,0,0,10.183721,0
1,2018,1,17,8,2,0,0,18.357303,0
1,2018,1,17,8,3,0,0,10.366424,0
1,2018,1,17,9,0,0,0,15.510128,0
1,2018,1,17,9,1,0,0,28.468565,0
1,2018,1,17,9,2,0,0,30.053411,0
1,2018,1,17,9,3,0,0,28.228933,0
1,2018,1,17,10,0,0,0,27.333263,0
1,2018,1,17,10,1,0,0,32.380261,0
1,2018,1,17,10,2,0,0,34.285867,0
1,2018,1,17,10,3,0,0,38.216844,0
1,2018,1,17,11,0,0,0,32.372974,0
1,2018,1,17,11,1,0,0,45.467336,0
1,2018,1,17,11,2,0,0,31.070363,0
1,2018,1,17,11,3,0,0,33.080083,0
1,2018,1,17,12,0,0,0,32.877169,0
1,2018,1,17,12,1,0,0,28.063683,0
1,2018,1,17,12,2,0,0,22.802658,0
1,2018,1,17,12,3,0,0,23.49839,0
1,2018,1,17,13,0,0,0,32.998601,0
1,2018,1,17,13,1,0,0,26.333401,0
1,2018,1,17,13,2,0,0,27.949389,0
1,2018,1,17,13,3,0,0,26.57961,0
1,2018,1,17,14,0,0,0,31.825238,0
1,2018,1,17,14,1,0,0,29.810048,0
1,2018,1,17,14,2,0,0,24.589314,0
1,2018,1,17,14,3,0,0,17.08149,0
1,2018,1,17,15,0,0,0,17.412832,0
1,2018,1,17,15,1,0,0,21.894041,0
1,2018,1,17,15,2,0,0,19.477175,0
1,2018,1,17,15,3,0,0,12.471088,0
1,2018,1,17,16,0,0,0,13.602143,0
1,2018,1,17,16,1,0,0,14.283536,0
1,2018,1,17,16,2,0,0,16.562337,0
1,2018,1,17,16,3,0,0,25.003928,0
1,2018,1,17,17,0,0,0,20.151414,0
1,2018,1,17,17,1,0,0,18.062711,0
1,2018,1,17,17,2,0,0,20.395814,0
1,2018,1,17,17,3,0,0,25.04718,0
1,2018,1,17,18,0,0,0,19.801015,0
1,2018,1,17,18,1,0,0,7.953184,0
1,2018,1,17,18,2,0,0,5.075673,0
1,2018,1,17,18,3,0,0,7.818575,0
1,2018,1,17,19,0,0,0,8.347994,0
1,2018,1,17,19,1,0,0,5.695641,0
1,2018,1,17,19,2,0,0,5.695641,0
1,2018,1,17,19,3,0,0,5.695641,0
1,2018,1,17,20,0,0,0,15.083498,0
1,2018,1,17,20,1,0,0,16.527784,0
1,2018,1,17,20,2,0,0,6.000963,0
1,2018,1,17,20,3,0,0,6.181517,0
1,2018,1,17,21,0,0,0,18.499294,0
1,2018,1,17,21,1,0,0,25.913517,0
1,2018,1,17,21,2,0,0,16.541156,0
1,2018,1,17,21,3,0,0,15.542724,0
1,2018,1,17,22,0,0,0,16.297419,0
1,2018,1,17,22,1,0,0,14.360787,0
1,2018,1,17,22,2,0,0,6.201858,0
1,2018,1,17,22,3,0,0,6.201858,0
1,2018,1,17,23,0,0,0,13.663677,0
1,2018,1,17,23,1,0,0,12.523498,0
1,2018,1,17,23,2,0,0,6.074173,0
1,2018,1,17,23,3,0,0,6.118986,0
1,2018,1,18,0,0,0,0,7.925909,0
1,2018,1,18,0,1,0,0,10.636293,0
1,2018,1,18,0,2,0,0,11.639916,0
1,2018,1,18,0,3,0,0,12.810921,0
1,2018,1,18,1,0,0,0,9.241889,0
1,2018,1,18,1,1,0,0,6.118986,0
1,2018,1,18,1,2,0,0,6.118986,0
1,2018,1,18,1,3,0,0,6.118986,0
1,2018,1,18,2,0,0,0,10.525437,0
1,2018,1,18,2,1,0,0,12.728663,0
1,2018,1,18,2,2,0,0,11.401357,0
1,2018,1,18,2,3,0,0,10.516486,0
1,2018,1,18,3,0,0,0,10.516486,0
1,2018,1,18,3,1,0,0,10.516486,0
1,2018,1,18,3,2,0,0,7.877986,0
1,2018,1,18,3,3,0,0,9.547736,0
1,2018,1,18,4,0,0,0,10.075236,0
1,2018,1,18,4,1,0,0,10.075236,0
1,2018,1,18,4,2,0,0,9.547736,0
1,2018,1,18,4,3,0,0,6.118986,0
1,2018,1,18,5,0,0,0,6.118986,0
1,2018,1,18,5,1,0,0,6.118986,0
1,2018,1,18,5,2,0,0,6.118986,0
1,2018,1,18,5,3,0,0,8.024868,0
1,2018,1,18,6,0,0,0,8.626437,0
1,2018,1,18,6,1,0,0,8.465652,0
1,2018,1,18,6,2,0,0,7.508747,0
1,2018,1,18,6,3,0,0,7.722557,0
1,2018,1,18,7,0,0,0,12.651568,0
1,2018,1,18,7,1,0,0,14.939708,0
1,2018,1,18,7,2,0,0,17.354576,0
1,2018,1,18,7,3,0,0,14.725861,0
1,2018,1,18,8,0,0,0,12.713434,0
1,2018,1,18,8,1,0,0,17.445111,0
1,2018,1,18,8,2,0,0,18.06285,0
1,2018,1,18,8,3,0,0,18.273952,0
1,2018,1,18,9,0,0,0,14.733437,0
1,2018,1,18,9,1,0,0,16.82407,0
1,2018,1,18,9,2,0,0,16.895329,0
1,2018,1,18,9,3,0,0,18.552017,0
1,2018,1,18,10,0,0,0,31.546327,0
1,2018,1,18,10,1,0,0,34.963691,0
1,2018,1,18,10,2,0,0,27.351341,0
1,2018,1,18,10,3,0,0,27.462922,0
1,2018,1,18,11,0,0,0,28.656146,0
1,2018,1,18,11,1,0,0,28.041289,0
1,2018,1,18,11,2,0,0,24.559026,0
1,2018,1,18,11,3,0,0,27.759877,0
1,2018,1,18,12,0,0,0,29.980384,0
1,2018,1,18,12,1,0,0,25.973571,0
1,2018,1,18,12,2,0,0,37.504374,0
1,2018,1,18,12,3,0,0,30.024366,0
1,2018,1,18,13,0,0,0,32.427915,0
1,2018,1,18,13,1,0,0,37.165845,0
1,2018,1,18,13,2,0,0,29.134313,0
1,2018,1,18,13,3,0,0,34.135385,0
1,2018,1,18,14,0,0,0,31.167691,0
1,2018,1,18,14,1,0,0,24.93453,0
1,2018,1,18,14,2,0,0,22.233435,0
1,2018,1,18,14,3,0,0,17.991261,0
1,2018,1,18,15,0,0,0,10.820248,0
1,2018,1,18,15,1,0,0,12.313295,0
1,2018,1,18,15,2,0,0,16.840249,0
1,2018,1,18,15,3,0,0,15.839366,0
1,2018,1,18,16,0,0,0,20.585082,0
1,2018,1,18,16,1,0,0,24.326297,0
1,2018,1,18,16,2,0,0,23.684962,0
1,2018,1,18,16,3,0,0,20.643866,0
1,2018,1,18,17,0,0,0,16.093987,0
1,2018,1,18,17,1,0,0,19.658989,0
1,2018,1,18,17,2,0,0,20.745245,0
1,2018,1,18,17,3,0,0,21.940604,0
1,2018,1,18,18,0,0,0,18.85489,0
1,2018,1,18,18,1,0,0,11.265794,0
1,2018,1,18,18,2,0,0,10.195573,0
1,2018,1,18,18,3,0,0,10.457338,0
1,2018,1,18,19,0,0,0,11.650273,0
1,2018,1,18,19,1,0,0,22.235562,0
1,2018,1,18,19,2,0,0,24.478264,0
1,2018,1,18,19,3,0,0,22.172206,0
1,2018,1,18,20,0,0,0,11.553858,0
1,2018,1,18,20,1,0,0,8.752598,0
1,2018,1,18,20,2,0,0,11.683023,0
1,2018,1,18,20,3,0,0,19.449911,0
1,2018,1,18,21,0,0,0,21.720836,0
1,2018,1,18,21,1,0,0,13.894472,0
1,2018,1,18,21,2,0,0,17.259035,0
1,2018,1,18,21,3,0,0,16.795742,0
1,2018,1,18,22,0,0,0,14.358571,0
1,2018,1,18,22,1,0,0,14.873998,0
1,2018,1,18,22,2,0,0,19.96999,0
1,2018,1,18,22,3,0,0,17.465497,0
1,2018,1,18,23,0,0,0,16.688713,0
1,2018,1,18,23,1,0,0,21.817261,0
1,2018,1,18,23,2,0,0,18.85672,0
1,2018,1,18,23,3,0,0,16.735858,0
1,2018,1,19,0,0,0,0,13.050249,0
1,2018,1,19,0,1,0,0,13.76262,0
1,2018,1,19,0,2,0,0,19.069064,0
1,2018,1,19,0,3,0,0,13.122074,0
1,2018,1,19,1,0,0,0,12.185033,0
1,2018,1,19,1,1,0,0,12.185033,0
1,2018,1,19,1,2,0,0,11.949699,0
1,2018,1,19,1,3,0,0,8.655033,0
1,2018,1,19,2,0,0,0,13.801187,0
1,2018,1,19,2,1,0,0,10.198879,0
1,2018,1,19,2,2,0,0,8.655033,0
1,2018,1,19,2,3,0,0,8.655033,0
1,2018,1,19,3,0,0,0,8.655033,0
1,2018,1,19,3,1,0,0,8.655033,0
1,2018,1,19,3,2,0,0,10.981563,0
1,2018,1,19,3,3,0,0,11.563196,0
1,2018,1,19,4,0,0,0,11.498047,0
1,2018,1,19,4,1,0,0,9.694269,0
1,2018,1,19,4,2,0,0,8.337126,0
1,2018,1,19,4,3,0,0,8.337126,0
1,2018,1,19,5,0,0,0,16.024459,0
1,2018,1,19,5,1,0,0,9.519793,0
1,2018,1,19,5,2,0,0,8.337126,0
1,2018,1,19,5,3,0,0,8.337126,0
1,2018,1,19,6,0,0,0,8.337126,0
1,2018,1,19,6,1,0,0,8.337126,0
1,2018,1,19,6,2,0,0,8.337126,0
1,2018,1,19,6,3,0,0,11.592895,0
1,2018,1,19,7,0,0,0,18.461438,0
1,2018,1,19,7,1,0,0,16.542598,0
1,2018,1,19,7,2,0,0,12.360095,0
1,2018,1,19,7,3,0,0,8.69647,0
1,2018,1,19,8,0,0,0,9.77741,0
1,2018,1,19,8,1,0,0,7.362532,0
1,2018,1,19,8,2,0,0,7.346526,0
1,2018,1,19,8,3,0,0,10.905788,0
1,2018,1,19,9,0,0,0,22.714798,0
1,2018,1,19,9,1,0,0,15.149131,0
1,2018,1,19,9,2,0,0,15.133997,0
1,2018,1,19,9,3,0,0,18.654098,0
1,2018,1,19,10,0,0,0,21.603443,0
1,2018,1,19,10,1,0,0,18.628462,0
1,2018,1,19,10,2,0,0,21.730039,0
1,2018,1,19,10,3,0,0,20.39203,0
1,2018,1,19,11,0,0,0,20.679076,0
1,2018,1,19,11,1,0,0,22.321006,0
1,2018,1,19,11,2,0,0,31.445149,0
1,2018,1,19,11,3,0,0,30.668278,0
1,2018,1,19,12,0,0,0,28.733659,0
1,2018,1,19,12,1,0,0,33.210684,0
1,2018,1,19,12,2,0,0,28.99351,0
1,2018,1,19,12,3,0,0,27.722343,0
1,2018,1,19,13,0,0,0,28.568816,0
1,2018,1,19,13,1,0,0,31.307875,0
1,2018,1,19,13,2,0,0,26.508494,0
1,2018,1,19,13,3,0,0,23.163209,0
1,2018,1,19,14,0,0,0,31.801193,0
1,2018,1,19,14,1,0,0,33.598236,0
1,2018,1,19,14,2,0,0,27.469187,0
1,2018,1,19,14,3,0,0,16.859493,0
1,2018,1,19,15,0,0,0,17.895649,0
1,2018,1,19,15,1,0,0,21.212855,0
1,2018,1,19,15,2,0,0,28.192379,0
1,2018,1,19,15,3,0,0,23.443641,0
1,2018,1,19,16,0,0,0,23.699779,0
1,2018,1,19,16,1,0,0,22.5274,0
1,2018,1,19,16,2,0,0,19.041096,0
1,2018,1,19,16,3,0,0,20.821389,0
1,2018,1,19,17,0,0,0,20.632224,0
1,2018,1,19,17,1,0,0,18.971176,0
1,2018,1,19,17,2,0,0,10.909167,0
1,2018,1,19,17,3,0,0,16.224247,0
1,2018,1,19,18,0,0,0,24.554227,0
1,2018,1,19,18,1,0,0,27.165389,0
1,2018,1,19,18,2,0,0,21.468754,0
1,2018,1,19,18,3,0,0,21.556604,0
1,2018,1,19,19,0,0,0,18.468136,0
1,2018,1,19,19,1,0,0,20.799091,0
1,2018,1,19,19,2,0,0,19.315875,0
1,2018,1,19,19,3,0,0,20.319412,0
1,2018,1,19,20,0,0,0,12.860915,0
1,2018,1,19,20,1,0,0,11.559622,0
1,2018,1,19,20,2,0,0,16.517847,0
1,2018,1,19,20,3,0,0,24.140605,0
1,2018,1,19,21,0,0,0,21.256522,0
1,2018,1,19,21,1,0,0,20.268255,0
1,2018,1,19,21,2,0,0,17.066596,0
1,2018,1,19,21,3,0,0,9.158274,0
1,2018,1,19,22,0,0,0,8.810699,0
1,2018,1,19,22,1,0,0,6.767159,0
1,2018,1,19,22,2,0,0,12.01077,0
1,2018,1,19,22,3,0,0,12.967026,0
1,2018,1,19,23,0,0,0,9.951381,0
1,2018,1,19,23,1,0,0,20.315857,0
1,2018,1,19,23,2,0,0,17.887743,0
1,2018,1,19,23,3,0,0,13.11303,0
1,2018,1,20,0,0,0,0,12.34532,0
1,2018,1,20,0,1,0,0,19.045483,0
1,2018,1,20,0,2,0,0,16.717293,0
1,2018,1,20,0,3,0,0,10.377439,0
1,2018,1,20,1,0,0,0,14.90831,0
1,2018,1,20,1,1,0,0,21.812291,0
1,2018,1,20,1,2,0,0,26.986761,0
1,2018,1,20,1,3,0,0,20.04301,0
1,2018,1,20,2,0,0,0,8.969362,0
1,2018,1,20,2,1,0,0,13.195374,0
1,2018,1,20,2,2,0,0,19.586666,0
1,2018,1,20,2,3,0,0,16.43338,0
1,2018,1,20,3,0,0,0,10.203129,0
1,2018,1,20,3,1,0,0,18.318434,0
1,2018,1,20,3,2,0,0,20.655691,0
1,2018,1,20,3,3,0,0,13.986237,0
1,2018,1,20,4,0,0,0,7.467487,0
1,2018,1,20,4,1,0,0,8.091862,0
1,2018,1,20,4,2,0,0,9.142107,0
1,2018,1,20,4,3,0,0,12.499885,0
1,2018,1,20,5,0,0,0,13.452172,0
1,2018,1,20,5,1,0,0,7.216486,0
1,2018,1,20,5,2,0,0,5.077663,0
1,2018,1,20,5,3,0,0,5.077663,0
1,2018,1,20,6,0,0,0,5.077663,0
1,2018,1,20,6,1,0,0,5.077663,0
1,2018,1,20,6,2,0,0,5.077663,0
1,2018,1,20,6,3,0,0,8.890759,0
1,2018,1,20,7,0,0,0,9.898143,0
1,2018,1,20,7,1,0,0,6.819355,0
1,2018,1,20,7,2,0,0,3.826798,0
1,2018,1,20,7,3,0,0,16.289156,0
1,2018,1,20,8,0,0,0,18.019254,0
1,2018,1,20,8,1,0,0,4.794205,0
1,2018,1,20,8,2,0,0,2.884793,0
1,2018,1,20,8,3,0,0,6.121422,0
1,2018,1,20,9,0,0,0,11.706029,0
1,2018,1,20,9,1,0,0,18.78736,0
1,2018,1,20,9,2,0,0,16.244337,0
1,2018,1,20,9,3,0,0,11.666888,0
1,2018,1,20,10,0,0,0,15.844722,0
1,2018,1,20,10,1,0,0,22.243198,0
1,2018,1,20,10,2,0,0,25.9684,0
1,2018,1,20,10,3,0,0,17.148075,0
1,2018,1,20,11,0,0,0,11.002951,0
1,2018,1,20,11,1,0,0,15.997146,0
1,2018,1,20,11,2,0,0,18.462223,0
1,2018,1,20,11,3,0,0,12.314579,0
1,2018,1,20,12,0,0,0,7.672827,0
1,2018,1,20,12,1,0,0,11.255886,0
1,2018,1,20,12,2,0,0,9.575322,0
1,2018,1,20,12,3,0,0,10.827817,0
1,2018,1,20,13,0,0,0,14.789,0
1,2018,1,20,13,1,0,0,13.903541,0
1,2018,1,20,13,2,0,0,17.650346,0
1,2018,1,20,13,3,0,0,21.400428,0
1,2018,1,20,14,0,0,0,21.062633,0
1,2018,1,20,14,1,0,0,14.310292,0
1,2018,1,20,14,2,0,0,20.564216,0
1,2018,1,20,14,3,0,0,28.653487,0
1,2018,1,20,15,0,0,0,23.348958,0
1,2018,1,20,15,1,0,0,13.195842,0
1,2018,1,20,15,2,0,0,11.212008,0
1,2018,1,20,15,3,0,0,9.419775,0
1,2018,1,20,16,0,0,0,10.424638,0
1,2018,1,20,16,1,0,0,14.378881,0
1,2018,1,20,16,2,0,0,24.610174,0
1,2018,1,20,16,3,0,0,19.324781,0
1,2018,1,20,17,0,0,0,22.25382,0
1,2018,1,20,17,1,0,0,17.876197,0
1,2018,1,20,17,2,0,0,13.822034,0
1,2018,1,20,17,3,0,0,18.595275,0
1,2018,1,20,18,0,0,0,22.458469,0
1,2018,1,20,18,1,0,0,25.441131,0
1,2018,1,20,18,2,0,0,28.856217,0
1,2018,1,20,18,3,0,0,24.156247,0
1,2018,1,20,19,0,0,0,20.491404,0
1,2018,1,20,19,1,0,0,23.147917,0
1,2018,1,20,19,2,0,0,24.273874,0
1,2018,1,20,19,3,0,0,18.785653,0
1,2018,1,20,20,0,0,0,19.09094,0
1,2018,1,20,20,1,0,0,18.882661,0
1,2018,1,20,20,2,0,0,25.373344,0
1,2018,1,20,20,3,0,0,27.513971,0
1,2018,1,20,21,0,0,0,28.851236,0
1,2018,1,20,21,1,0,0,29.408585,0
1,2018,1,20,21,2,0,0,23.214624,0
1,2018,1,20,21,3,0,0,25.574339,0
1,2018,1,20,22,0,0,0,23.234172,0
1,2018,1,20,22,1,0,0,21.861663,0
1,2018,1,20,22,2,0,0,16.015107,0
1,2018,1,20,22,3,0,0,24.468466,0
1,2018,1,20,23,0,0,0,18.056349,0
1,2018,1,20,23,1,0,0,18.347924,0
1,2018,1,20,23,2,0,0,18.920847,0
1,2018,1,20,23,3,0,0,28.731366,0
1,2018,1,21,0,0,0,0,20.70628,0
1,2018,1,21,0,1,0,0,21.604953,0
1,2018,1,21,0,2,0,0,26.69131,0
1,2018,1,21,0,3,0,0,19.457384,0
1,2018,1,21,1,0,0,0,14.951383,0
1,2018,1,21,1,1,0,0,20.157762,0
1,2018,1,21,1,2,0,0,16.537853,0
1,2018,1,21,1,3,0,0,19.805363,0
1,2018,1,21,2,0,0,0,20.676198,0
1,2018,1,21,2,1,0,0,15.825557,0
1,2018,1,21,2,2,0,0,8.88248,0
1,2018,1,21,2,3,0,0,14.719322,0
1,2018,1,21,3,0,0,0,15.867638,0
1,2018,1,21,3,1,0,0,14.93851,0
1,2018,1,21,3,2,0,0,14.968216,0
1,2018,1,21,3,3,0,0,14.968216,0
1,2018,1,21,4,0,0,0,17.88298,0
1,2018,1,21,4,1,0,0,13.651052,0
1,2018,1,21,4,2,0,0,12.671985,0
1,2018,1,21,4,3,0,0,10.403822,0
1,2018,1,21,5,0,0,0,12.592433,0
1,2018,1,21,5,1,0,0,20.902221,0
1,2018,1,21,5,2,0,0,22.102646,0
1,2018,1,21,5,3,0,0,7.928539,0
1,2018,1,21,6,0,0,0,5.156504,0
1,2018,1,21,6,1,0,0,5.156504,0
1,2018,1,21,6,2,0,0,11.950819,0
1,2018,1,21,6,3,0,0,13.942761,0
1,2018,1,21,7,0,0,0,4.894203,0
1,2018,1,21,7,1,0,0,4.886353,0
1,2018,1,21,7,2,0,0,4.886353,0
1,2018,1,21,7,3,0,0,7.703853,0
1,2018,1,21,8,0,0,0,15.745282,0
1,2018,1,21,8,1,0,0,13.034512,0
1,2018,1,21,8,2,0,0,16.527377,0
1,2018,1,21,8,3,0,0,17.685229,0
1,2018,1,21,9,0,0,0,15.796294,0
1,2018,1,21,9,1,0,0,12.386973,0
1,2018,1,21,9,2,0,0,5.337676,0
1,2018,1,21,9,3,0,0,7.047961,0
1,2018,1,21,10,0,0,0,9.24939,0
1,2018,1,21,10,1,0,0,7.853931,0
1,2018,1,21,10,2,0,0,5.030693,0
1,2018,1,21,10,3,0,0,7.721611,0
1,2018,1,21,11,0,0,0,7.721611,0
1,2018,1,21,11,1,0,0,7.691715,0
1,2018,1,21,11,2,0,0,6.320514,0
1,2018,1,21,11,3,0,0,5.11959,0
1,2018,1,21,12,0,0,0,10.643864,0
1,2018,1,21,12,1,0,0,16.13776,0
1,2018,1,21,12,2,0,0,20.760812,0
1,2018,1,21,12,3,0,0,19.646646,0
1,2018,1,21,13,0,0,0,21.499996,0
1,2018,1,21,13,1,0,0,17.990103,0
1,2018,1,21,13,2,0,0,18.649786,0
1,2018,1,21,13,3,0,0,17.47039,0
1,2018,1,21,14,0,0,0,22.939834,0
1,2018,1,21,14,1,0,0,19.935043,0
1,2018,1,21,14,2,0,0,15.052701,0
1,2018,1,21,14,3,0,0,15.76563,0
1,2018,1,21,15,0,0,0,15.677881,0
1,2018,1,21,15,1,0,0,17.300015,0
1,2018,1,21,15,2,0,0,14.167714,0
1,2018,1,21,15,3,0,0,9.839597,0
1,2018,1,21,16,0,0,0,8.794879,0
1,2018,1,21,16,1,0,0,10.915484,0
1,2018,1,21,16,2,0,0,12.462541,0
1,2018,1,21,16,3,0,0,21.130191,0
1,2018,1,21,17,0,0,0,20.431977,0
1,2018,1,21,17,1,0,0,8.583937,0
1,2018,1,21,17,2,0,0,12.22128,0
1,2018,1,21,17,3,0,0,18.836394,0
1,2018,1,21,18,0,0,0,23.215057,0
1,2018,1,21,18,1,0,0,14.306763,0
1,2018,1,21,18,2,0,0,13.523258,0
1,2018,1,21,18,3,0,0,12.898476,0
1,2018,1,21,19,0,0,0,4.154449,0
1,2018,1,21,19,1,0,0,7.242964,0
1,2018,1,21,19,2,0,0,13.072288,0
1,2018,1,21,19,3,0,0,14.990346,0
1,2018,1,21,20,0,0,0,9.028605,0
1,2018,1,21,20,1,0,0,13.664605,0
1,2018,1,21,20,2,0,0,16.501126,0
1,2018,1,21,20,3,0,0,16.59802,0
1,2018,1,21,21,0,0,0,7.28701,0
1,2018,1,21,21,1,0,0,15.419712,0
1,2018,1,21,21,2,0,0,14.476313,0
1,2018,1,21,21,3,0,0,13.264891,0
1,2018,1,21,22,0,0,0,10.592939,0
1,2018,1,21,22,1,0,0,6.620355,0
1,2018,1,21,22,2,0,0,5.452646,0
1,2018,1,21,22,3,0,0,10.984424,0
1,2018,1,21,23,0,0,0,21.666681,0
1,2018,1,21,23,1,0,0,18.815632,0
1,2018,1,21,23,2,0,0,13.538816,0
1,2018,1,21,23,3,0,0,8.984946,0
1,2018,1,22,0,0,0,0,12.265381,0
1,2018,1,22,0,1,0,0,9.753992,0
1,2018,1,22,0,2,0,0,14.228923,0
1,2018,1,22,0,3,0,0,6.342739,0
1,2018,1,22,1,0,0,0,7.065571,0
1,2018,1,22,1,1,0,0,8.188071,0
1,2018,1,22,1,2,0,0,5.396796,0
1,2018,1,22,1,3,0,0,9.494294,0
1,2018,1,22,2,0,0,0,9.494294,0
1,2018,1,22,2,1,0,0,5.989571,0
1,2018,1,22,2,2,0,0,4.715127,0
1,2018,1,22,2,3,0,0,4.715127,0
1,2018,1,22,3,0,0,0,4.715127,0
1,2018,1,22,3,1,0,0,4.715127,0
1,2018,1,22,3,2,0,0,8.818594,0
1,2018,1,22,3,3,0,0,16.579127,0
1,2018,1,22,4,0,0,0,11.510327,0
1,2018,1,22,4,1,0,0,7.075127,0
1,2018,1,22,4,2,0,0,4.87246,0
1,2018,1,22,4,3,0,0,4.715127,0
1,2018,1,22,5,0,0,0,4.715127,0
1,2018,1,22,5,1,0,0,4.715127,0
1,2018,1,22,5,2,0,0,4.715127,0
1,2018,1,22,5,3,0,0,5.021884,0
1,2018,1,22,6,0,0,0,9.316478,0
1,2018,1,22,6,1,0,0,10.178017,0
1,2018,1,22,6,2,0,0,7.094129,0
1,2018,1,22,6,3,0,0,9.267486,0
1,2018,1,22,7,0,0,0,10.308632,0
1,2018,1,22,7,1,0,0,9.550667,0
1,2018,1,22,7,2,0,0,4.993798,0
1,2018,1,22,7,3,0,0,6.363785,0
1,2018,1,22,8,0,0,0,6.949058,0
1,2018,1,22,8,1,0,0,10.541499,0
1,2018,1,22,8,2,0,0,13.474771,0
1,2018,1,22,8,3,0,0,12.449536,0
1,2018,1,22,9,0,0,0,12.212418,0
1,2018,1,22,9,1,0,0,17.71612,0
1,2018,1,22,9,2,0,0,16.729752,0
1,2018,1,22,9,3,0,0,17.440052,0
1,2018,1,22,10,0,0,0,21.933279,0
1,2018,1,22,10,1,0,0,22.87129,0
1,2018,1,22,10,2,0,0,20.965886,0
1,2018,1,22,10,3,0,0,21.166874,0
1,2018,1,22,11,0,0,0,24.253185,0
1,2018,1,22,11,1,0,0,25.171532,0
1,2018,1,22,11,2,0,0,19.393476,0
1,2018,1,22,11,3,0,0,17.448613,0
1,2018,1,22,12,0,0,0,17.506148,0
1,2018,1,22,12,1,0,0,23.098571,0
1,2018,1,22,12,2,0,0,25.077851,0
1,2018,1,22,12,3,0,0,25.323392,0
1,2018,1,22,13,0,0,0,23.611352,0
1,2018,1,22,13,1,0,0,29.251128,0
1,2018,1,22,13,2,0,0,39.092383,0
1,2018,1,22,13,3,0,0,26.510392,0
1,2018,1,22,14,0,0,0,33.190155,0
1,2018,1,22,14,1,0,0,43.139345,0
1,2018,1,22,14,2,0,0,34.716734,0
1,2018,1,22,14,3,0,0,23.501047,0
1,2018,1,22,15,0,0,0,22.81552,0
1,2018,1,22,15,1,0,0,21.936277,0
1,2018,1,22,15,2,0,0,30.043229,0
1,2018,1,22,15,3,0,0,18.375849,0
1,2018,1,22,16,0,0,0,15.822729,0
1,2018,1,22,16,1,0,0,18.564149,0
1,2018,1,22,16,2,0,0,15.822047,0
1,2018,1,22,16,3,0,0,10.013815,0
1,2018,1,22,17,0,0,0,21.121951,0
1,2018,1,22,17,1,0,0,20.519286,0
1,2018,1,22,17,2,0,0,20.996942,0
1,2018,1,22,17,3,0,0,12.739437,0
1,2018,1,22,18,0,0,0,11.807592,0
1,2018,1,22,18,1,0,0,11.399574,0
1,2018,1,22,18,2,0,0,7.195844,0
1,2018,1,22,18,3,0,0,12.813732,0
1,2018,1,22,19,0,0,0,16.717812,0
1,2018,1,22,19,1,0,0,12.153812,0
1,2018,1,22,19,2,0,0,13.081851,0
1,2018,1,22,19,3,0,0,10.121067,0
1,2018,1,22,20,0,0,0,11.078503,0
1,2018,1,22,20,1,0,0,15.285896,0
1,2018,1,22,20,2,0,0,18.180596,0
1,2018,1,22,20,3,0,0,10.381225,0
1,2018,1,22,21,0,0,0,9.308725,0
1,2018,1,22,21,1,0,0,12.457508,0
1,2018,1,22,21,2,0,0,11.976839,0
1,2018,1,22,21,3,0,0,12.160274,0
1,2018,1,22,22,0,0,0,14.287678,0
1,2018,1,22,22,1,0,0,17.206488,0
1,2018,1,22,22,2,0,0,10.488946,0
1,2018,1,22,22,3,0,0,8.031022,0
1,2018,1,22,23,0,0,0,6.794384,0
1,2018,1,22,23,1,0,0,6.883286,0
1,2018,1,22,23,2,0,0,7.661083,0
1,2018,1,22,23,3,0,0,11.225083,0
1,2018,1,23,0,0,0,0,7.013083,0
1,2018,1,23,0,1,0,0,10.43175,0
1,2018,1,23,0,2,0,0,14.00975,0
1,2018,1,23,0,3,0,0,14.16726,0
1,2018,1,23,1,0,0,0,10.619203,0
1,2018,1,23,1,1,0,0,7.627869,0
1,2018,1,23,1,2,0,0,9.395098,0
1,2018,1,23,1,3,0,0,12.16416,0
1,2018,1,23,2,0,0,0,12.16416,0
1,2018,1,23,2,1,0,0,9.936887,0
1,2018,1,23,2,2,0,0,7.391433,0
1,2018,1,23,2,3,0,0,7.391433,0
1,2018,1,23,3,0,0,0,7.391433,0
1,2018,1,23,3,1,0,0,7.391433,0
1,2018,1,23,3,2,0,0,7.391433,0
1,2018,1,23,3,3,0,0,7.391433,0
1,2018,1,23,4,0,0,0,10.916433,0
1,2018,1,23,4,1,0,0,10.916433,0
1,2018,1,23,4,2,0,0,7.391433,0
1,2018,1,23,4,3,0,0,7.487995,0
1,2018,1,23,5,0,0,0,8.723503,0
1,2018,1,23,5,1,0,0,7.624644,0
1,2018,1,23,5,2,0,0,6.272769,0
1,2018,1,23,5,3,0,0,6.66298,0
1,2018,1,23,6,0,0,0,8.610077,0
1,2018,1,23,6,1,0,0,8.680561,0
1,2018,1,23,6,2,0,0,6.971783,0
1,2018,1,23,6,3,0,0,9.263,0
1,2018,1,23,7,0,0,0,8.266673,0
1,2018,1,23,7,1,0,0,6.666092,0
1,2018,1,23,7,2,0,0,8.692496,0
1,2018,1,23,7,3,0,0,11.167456,0
1,2018,1,23,8,0,0,0,8.123238,0
1,2018,1,23,8,1,0,0,9.514819,0
1,2018,1,23,8,2,0,0,10.263007,0
1,2018,1,23,8,3,0,0,8.082692,0
1,2018,1,23,9,0,0,0,7.778351,0
1,2018,1,23,9,1,0,0,7.532573,0
1,2018,1,23,9,2,0,0,11.695485,0
1,2018,1,23,9,3,0,0,19.004309,0
1,2018,1,23,10,0,0,0,23.114225,0
1,2018,1,23,10,1,0,0,24.360972,0
1,2018,1,23,10,2,0,0,26.297476,0
1,2018,1,23,10,3,0,0,21.708827,0
1,2018,1,23,11,0,0,0,22.77534,0
1,2018,1,23,11,1,0,0,25.966443,0
1,2018,1,23,11,2,0,0,21.447685,0
1,2018,1,23,11,3,0,0,17.625503,0
1,2018,1,23,12,0,0,0,20.585296,0
1,2018,1,23,12,1,0,0,22.52699,0
1,2018,1,23,12,2,0,0,22.683322,0
1,2018,1,23,12,3,0,0,18.743173,0
1,2018,1,23,13,0,0,0,23.006483,0
1,2018,1,23,13,1,0,0,13.606586,0
1,2018,1,23,13,2,0,0,9.90777,0
1,2018,1,23,13,3,0,0,15.910002,0
1,2018,1,23,14,0,0,0,11.225203,0
1,2018,1,23,14,1,0,0,17.871201,0
1,2018,1,23,14,2,0,0,24.028828,0
1,2018,1,23,14,3,0,0,21.672228,0
1,2018,1,23,15,0,0,0,13.368043,0
1,2018,1,23,15,1,0,0,14.352669,0
1,2018,1,23,15,2,0,0,15.883751,0
1,2018,1,23,15,3,0,0,14.478525,0
1,2018,1,23,16,0,0,0,24.930739,0
1,2018,1,23,16,1,0,0,17.140098,0
1,2018,1,23,16,2,0,0,17.297636,0
1,2018,1,23,16,3,0,0,16.295105,0
1,2018,1,23,17,0,0,0,17.846296,0
1,2018,1,23,17,1,0,0,16.634857,0
1,2018,1,23,17,2,0,0,16.599306,0
1,2018,1,23,17,3,0,0,11.170268,0
1,2018,1,23,18,0,0,0,7.134198,0
1,2018,1,23,18,1,0,0,9.421913,0
1,2018,1,23,18,2,0,0,15.745541,0
1,2018,1,23,18,3,0,0,16.618103,0
1,2018,1,23,19,0,0,0,14.842194,0
1,2018,1,23,19,1,0,0,14.904819,0
1,2018,1,23,19,2,0,0,8.733432,0
1,2018,1,23,19,3,0,0,12.392478,0
1,2018,1,23,20,0,0,0,17.206442,0
1,2018,1,23,20,1,0,0,21.283118,0
1,2018,1,23,20,2,0,0,22.19866,0
1,2018,1,23,20,3,0,0,15.721387,0
1,2018,1,23,21,0,0,0,14.909577,0
1,2018,1,23,21,1,0,0,13.127809,0
1,2018,1,23,21,2,0,0,13.653334,0
1,2018,1,23,21,3,0,0,18.178118,0
1,2018,1,23,22,0,0,0,17.504264,0
1,2018,1,23,22,1,0,0,10.243728,0
1,2018,1,23,22,2,0,0,9.529077,0
1,2018,1,23,22,3,0,0,9.690231,0
1,2018,1,23,23,0,0,0,9.545052,0
1,2018,1,23,23,1,0,0,5.516053,0
1,2018,1,23,23,2,0,0,5.838032,0
1,2018,1,23,23,3,0,0,5.838032,0
1,2018,1,24,0,0,0,0,5.838032,0
1,2018,1,24,0,1,0,0,5.881881,0
1,2018,1,24,0,2,0,0,6.152738,0
1,2018,1,24,0,3,0,0,6.152738,0
1,2018,1,24,1,0,0,0,10.203706,0
1,2018,1,24,1,1,0,0,14.833383,0
1,2018,1,24,1,2,0,0,12.474459,0
1,2018,1,24,1,3,0,0,14.502738,0
1,2018,1,24,2,0,0,0,8.881282,0
1,2018,1,24,2,1,0,0,11.554914,0
1,2018,1,24,2,2,0,0,5.684145,0
1,2018,1,24,2,3,0,0,5.684145,0
1,2018,1,24,3,0,0,0,5.684145,0
1,2018,1,24,3,1,0,0,5.684145,0
1,2018,1,24,3,2,0,0,5.684145,0
1,2018,1,24,3,3,0,0,11.957145,0
1,2018,1,24,4,0,0,0,13.351145,0
1,2018,1,24,4,1,0,0,6.13625,0
1,2018,1,24,4,2,0,0,12.465724,0
1,2018,1,24,4,3,0,0,15.68194,0
1,2018,1,24,5,0,0,0,12.294828,0
1,2018,1,24,5,1,0,0,8.557658,0
1,2018,1,24,5,2,0,0,9.445638,0
1,2018,1,24,5,3,0,0,13.030434,0
1,2018,1,24,6,0,0,0,6.343407,0
1,2018,1,24,6,1,0,0,5.739507,0
1,2018,1,24,6,2,0,0,8.026896,0
1,2018,1,24,6,3,0,0,9.027461,0
1,2018,1,24,7,0,0,0,9.101242,0
1,2018,1,24,7,1,0,0,11.111547,0
1,2018,1,24,7,2,0,0,17.263787,0
1,2018,1,24,7,3,0,0,12.8775,0
1,2018,1,24,8,0,0,0,10.983858,0
1,2018,1,24,8,1,0,0,7.84586,0
1,2018,1,24,8,2,0,0,6.995259,0
1,2018,1,24,8,3,0,0,8.149616,0
1,2018,1,24,9,0,0,0,8.984464,0
1,2018,1,24,9,1,0,0,32.20983,0
1,2018,1,24,9,2,0,0,26.569865,0
1,2018,1,24,9,3,0,0,21.550919,0
1,2018,1,24,10,0,0,0,21.34789,0
1,2018,1,24,10,1,0,0,14.840461,0
1,2018,1,24,10,2,0,0,14.097347,0
1,2018,1,24,10,3,0,0,24.273181,0
1,2018,1,24,11,0,0,0,26.146999,0
1,2018,1,24,11,1,0,0,28.837483,0
1,2018,1,24,11,2,0,0,22.2055,0
1,2018,1,24,11,3,0,0,18.928735,0
1,2018,1,24,12,0,0,0,24.928112,0
1,2018,1,24,12,1,0,0,28.102758,0
1,2018,1,24,12,2,0,0,29.766959,0
1,2018,1,24,12,3,0,0,29.53828,0
1,2018,1,24,13,0,0,0,27.159648,0
1,2018,1,24,13,1,0,0,24.443676,0
1,2018,1,24,13,2,0,0,32.026252,0
1,2018,1,24,13,3,0,0,24.781747,0
1,2018,1,24,14,0,0,0,22.465845,0
1,2018,1,24,14,1,0,0,30.35229,0
1,2018,1,24,14,2,0,0,19.994483,0
1,2018,1,24,14,3,0,0,23.400649,0
1,2018,1,24,15,0,0,0,27.850597,0
1,2018,1,24,15,1,0,0,25.925596,0
1,2018,1,24,15,2,0,0,16.143294,0
1,2018,1,24,15,3,0,0,21.352638,0
1,2018,1,24,16,0,0,0,23.304344,0
1,2018,1,24,16,1,0,0,13.915897,0
1,2018,1,24,16,2,0,0,14.184224,0
1,2018,1,24,16,3,0,0,16.638713,0
1,2018,1,24,17,0,0,0,18.684577,0
1,2018,1,24,17,1,0,0,16.521262,0
1,2018,1,24,17,2,0,0,14.664523,0
1,2018,1,24,17,3,0,0,11.338448,0
1,2018,1,24,18,0,0,0,10.285434,0
1,2018,1,24,18,1,0,0,12.944136,0
1,2018,1,24,18,2,0,0,11.88083,0
1,2018,1,24,18,3,0,0,12.157226,0
1,2018,1,24,19,0,0,0,13.422237,0
1,2018,1,24,19,1,0,0,21.706984,0
1,2018,1,24,19,2,0,0,13.547196,0
1,2018,1,24,19,3,0,0,14.254996,0
1,2018,1,24,20,0,0,0,4.570148,0
1,2018,1,24,20,1,0,0,5.07802,0
1,2018,1,24,20,2,0,0,17.304475,0
1,2018,1,24,20,3,0,0,18.916476,0
1,2018,1,24,21,0,0,0,24.648279,0
1,2018,1,24,21,1,0,0,16.138687,0
1,2018,1,24,21,2,0,0,7.393516,0
1,2018,1,24,21,3,0,0,4.076814,0
1,2018,1,24,22,0,0,0,3.862962,0
1,2018,1,24,22,1,0,0,8.079629,0
1,2018,1,24,22,2,0,0,17.003871,0
1,2018,1,24,22,3,0,0,10.405386,0
1,2018,1,24,23,0,0,0,14.940272,0
1,2018,1,24,23,1,0,0,16.342974,0
1,2018,1,24,23,2,0,0,12.620596,0
1,2018,1,24,23,3,0,0,9.100594,0
1,2018,1,25,0,0,0,0,9.983412,0
1,2018,1,25,0,1,0,0,12.603782,0
1,2018,1,25,0,2,0,0,5.780819,0
1,2018,1,25,0,3,0,0,4.006004,0
1,2018,1,25,1,0,0,0,6.061671,0
1,2018,1,25,1,1,0,0,8.411004,0
1,2018,1,25,1,2,0,0,6.355337,0
1,2018,1,25,1,3,0,0,4.006004,0
1,2018,1,25,2,0,0,0,4.006004,0
1,2018,1,25,2,1,0,0,4.006004,0
1,2018,1,25,2,2,0,0,4.006004,0
1,2018,1,25,2,3,0,0,4.006004,0
1,2018,1,25,3,0,0,0,4.006004,0
1,2018,1,25,3,1,0,0,4.974004,0
1,2018,1,25,3,2,0,0,7.636004,0
1,2018,1,25,3,3,0,0,7.636004,0
1,2018,1,25,4,0,0,0,10.030004,0
1,2018,1,25,4,1,0,0,10.228411,0
1,2018,1,25,4,2,0,0,7.09753,0
1,2018,1,25,4,3,0,0,7.09753,0
1,2018,1,25,5,0,0,0,11.892266,0
1,2018,1,25,5,1,0,0,10.382284,0
1,2018,1,25,5,2,0,0,4.006004,0
1,2018,1,25,5,3,0,0,6.43279,0
1,2018,1,25,6,0,0,0,8.050647,0
1,2018,1,25,6,1,0,0,5.084576,0
1,2018,1,25,6,2,0,0,4.006004,0
1,2018,1,25,6,3,0,0,3.971591,0
1,2018,1,25,7,0,0,0,6.758238,0
1,2018,1,25,7,1,0,0,8.501175,0
1,2018,1,25,7,2,0,0,13.810868,0
1,2018,1,25,7,3,0,0,15.500519,0
1,2018,1,25,8,0,0,0,12.281318,0
1,2018,1,25,8,1,0,0,9.170837,0
1,2018,1,25,8,2,0,0,8.819575,0
1,2018,1,25,8,3,0,0,11.048253,0
1,2018,1,25,9,0,0,0,12.048435,0
1,2018,1,25,9,1,0,0,11.083332,0
1,2018,1,25,9,2,0,0,20.02208,0
1,2018,1,25,9,3,0,0,29.887878,0
1,2018,1,25,10,0,0,0,19.683809,0
1,2018,1,25,10,1,0,0,6.739541,0
1,2018,1,25,10,2,0,0,13.167159,0
1,2018,1,25,10,3,0,0,23.589534,0
1,2018,1,25,11,0,0,0,24.299915,0
1,2018,1,25,11,1,0,0,26.147909,0
1,2018,1,25,11,2,0,0,29.527343,0
1,2018,1,25,11,3,0,0,25.037461,0
1,2018,1,25,12,0,0,0,24.564527,0
1,2018,1,25,12,1,0,0,23.401647,0
1,2018,1,25,12,2,0,0,31.675689,0
1,2018,1,25,12,3,0,0,28.678608,0
1,2018,1,25,13,0,0,0,22.354306,0
1,2018,1,25,13,1,0,0,24.794932,0
1,2018,1,25,13,2,0,0,28.59763,0
1,2018,1,25,13,3,0,0,21.009653,0
1,2018,1,25,14,0,0,0,27.034941,0
1,2018,1,25,14,1,0,0,29.662218,0
1,2018,1,25,14,2,0,0,27.180765,0
1,2018,1,25,14,3,0,0,21.433559,0
1,2018,1,25,15,0,0,0,23.37762,0
1,2018,1,25,15,1,0,0,17.729439,0
1,2018,1,25,15,2,0,0,22.663179,0
1,2018,1,25,15,3,0,0,18.785948,0
1,2018,1,25,16,0,0,0,32.924672,0
1,2018,1,25,16,1,0,0,30.575371,0
1,2018,1,25,16,2,0,0,10.514096,0
1,2018,1,25,16,3,0,0,10.030492,0
1,2018,1,25,17,0,0,0,7.542312,0
1,2018,1,25,17,1,0,0,11.811285,0
1,2018,1,25,17,2,0,0,17.751008,0
1,2018,1,25,17,3,0,0,18.1391,0
1,2018,1,25,18,0,0,0,13.076178,0
1,2018,1,25,18,1,0,0,16.780463,0
1,2018,1,25,18,2,0,0,19.914081,0
1,2018,1,25,18,3,0,0,15.037326,0
1,2018,1,25,19,0,0,0,14.399213,0
1,2018,1,25,19,1,0,0,13.747453,0
1,2018,1,25,19,2,0,0,20.688907,0
1,2018,1,25,19,3,0,0,26.15868,0
1,2018,1,25,20,0,0,0,25.955264,0
1,2018,1,25,20,1,0,0,20.32913,0
1,2018,1,25,20,2,0,0,18.004206,0
1,2018,1,25,20,3,0,0,12.838702,0
1,2018,1,25,21,0,0,0,10.982085,0
1,2018,1,25,21,1,0,0,9.612176,0
1,2018,1,25,21,2,0,0,19.238947,0
1,2018,1,25,21,3,0,0,17.228326,0
1,2018,1,25,22,0,0,0,12.129917,0
1,2018,1,25,22,1,0,0,15.721682,0
1,2018,1,25,22,2,0,0,11.428152,0
1,2018,1,25,22,3,0,0,4.498152,0
1,2018,1,25,23,0,0,0,5.256152,0
1,2018,1,25,23,1,0,0,16.195625,0
1,2018,1,25,23,2,0,0,11.863383,0
1,2018,1,25,23,3,0,0,11.310619,0
1,2018,1,26,0,0,0,0,11.974559,0
1,2018,1,26,0,1,0,0,11.974559,0
1,2018,1,26,0,2,0,0,6.08675,0
1,2018,1,26,0,3,0,0,13.694489,0
1,2018,1,26,1,0,0,0,4.879104,0
1,2018,1,26,1,1,0,0,4.879104,0
1,2018,1,26,1,2,0,0,8.416704,0
1,2018,1,26,1,3,0,0,9.381504,0
1,2018,1,26,2,0,0,0,4.879104,0
1,2018,1,26,2,1,0,0,4.879104,0
1,2018,1,26,2,2,0,0,4.879104,0
1,2018,1,26,2,3,0,0,4.879104,0
1,2018,1,26,3,0,0,0,4.879104,0
1,2018,1,26,3,1,0,0,8.648335,0
1,2018,1,26,3,2,0,0,11.946412,0
1,2018,1,26,3,3,0,0,6.292566,0
1,2018,1,26,4,0,0,0,4.879104,0
1,2018,1,26,4,1,0,0,4.879104,0
1,2018,1,26,4,2,0,0,4.879104,0
1,2018,1,26,4,3,0,0,4.879104,0
1,2018,1,26,5,0,0,0,4.879104,0
1,2018,1,26,5,1,0,0,12.306772,0
1,2018,1,26,5,2,0,0,12.575357,0
1,2018,1,26,5,3,0,0,5.245357,0
1,2018,1,26,6,0,0,0,5.245357,0
1,2018,1,26,6,1,0,0,5.245357,0
1,2018,1,26,6,2,0,0,5.245357,0
1,2018,1,26,6,3,0,0,6.652464,0
1,2018,1,26,7,0,0,0,15.201742,0
1,2018,1,26,7,1,0,0,20.301468,0
1,2018,1,26,7,2,0,0,18.10981,0
1,2018,1,26,7,3,0,0,12.762758,0
1,2018,1,26,8,0,0,0,11.825633,0
1,2018,1,26,8,1,0,0,12.271578,0
1,2018,1,26,8,2,0,0,20.501233,0
1,2018,1,26,8,3,0,0,19.266532,0
1,2018,1,26,9,0,0,0,30.766033,0
1,2018,1,26,9,1,0,0,31.68769,0
1,2018,1,26,9,2,0,0,26.159644,0
1,2018,1,26,9,3,0,0,24.872588,0
1,2018,1,26,10,0,0,0,19.804865,0
1,2018,1,26,10,1,0,0,26.490952,0
1,2018,1,26,10,2,0,0,30.933623,0
1,2018,1,26,10,3,0,0,22.571544,0
1,2018,1,26,11,0,0,0,29.679191,0
1,2018,1,26,11,1,0,0,30.852749,0
1,2018,1,26,11,2,0,0,24.049851,0
1,2018,1,26,11,3,0,0,27.184296,0
1,2018,1,26,12,0,0,0,25.971805,0
1,2018,1,26,12,1,0,0,27.808453,0
1,2018,1,26,12,2,0,0,31.959837,0
1,2018,1,26,12,3,0,0,22.853162,0
1,2018,1,26,13,0,0,0,23.795205,0
1,2018,1,26,13,1,0,0,28.003976,0
1,2018,1,26,13,2,0,0,30.537953,0
1,2018,1,26,13,3,0,0,32.258212,0
1,2018,1,26,14,0,0,0,33.788403,0
1,2018,1,26,14,1,0,0,31.22582,0
1,2018,1,26,14,2,0,0,14.166004,0
1,2018,1,26,14,3,0,0,13.847523,0
1,2018,1,26,15,0,0,0,22.615604,0
1,2018,1,26,15,1,0,0,21.758679,0
1,2018,1,26,15,2,0,0,11.421206,0
1,2018,1,26,15,3,0,0,9.644273,0
1,2018,1,26,16,0,0,0,11.250347,0
1,2018,1,26,16,1,0,0,16.749918,0
1,2018,1,26,16,2,0,0,20.075672,0
1,2018,1,26,16,3,0,0,18.447746,0
1,2018,1,26,17,0,0,0,16.967184,0
1,2018,1,26,17,1,0,0,6.64353,0
1,2018,1,26,17,2,0,0,5.315466,0
1,2018,1,26,17,3,0,0,17.217355,0
1,2018,1,26,18,0,0,0,19.051994,0
1,2018,1,26,18,1,0,0,13.734749,0
1,2018,1,26,18,2,0,0,13.869373,0
1,2018,1,26,18,3,0,0,17.919419,0
1,2018,1,26,19,0,0,0,22.208367,0
1,2018,1,26,19,1,0,0,22.341549,0
1,2018,1,26,19,2,0,0,20.58136,0
1,2018,1,26,19,3,0,0,20.295623,0
1,2018,1,26,20,0,0,0,12.97424,0
1,2018,1,26,20,1,0,0,15.033495,0
1,2018,1,26,20,2,0,0,20.908395,0
1,2018,1,26,20,3,0,0,13.659453,0
1,2018,1,26,21,0,0,0,16.291222,0
1,2018,1,26,21,1,0,0,24.747917,0
1,2018,1,26,21,2,0,0,20.427741,0
1,2018,1,26,21,3,0,0,19.622071,0
1,2018,1,26,22,0,0,0,12.824374,0
1,2018,1,26,22,1,0,0,11.628374,0
1,2018,1,26,22,2,0,0,11.628374,0
1,2018,1,26,22,3,0,0,5.964946,0
1,2018,1,26,23,0,0,0,11.106,0
1,2018,1,26,23,1,0,0,18.405774,0
1,2018,1,26,23,2,0,0,7.98045,0
1,2018,1,26,23,3,0,0,6.155269,0
1,2018,1,27,0,0,0,0,7.943441,0
1,2018,1,27,0,1,0,0,11.481892,0
1,2018,1,27,0,2,0,0,14.571873,0
1,2018,1,27,0,3,0,0,20.390943,0
1,2018,1,27,1,0,0,0,19.770613,0
1,2018,1,27,1,1,0,0,17.919186,0
1,2018,1,27,1,2,0,0,30.355717,0
1,2018,1,27,1,3,0,0,35.26026,0
1,2018,1,27,2,0,0,0,16.746822,0
1,2018,1,27,2,1,0,0,25.614132,0
1,2018,1,27,2,2,0,0,16.167489,0
1,2018,1,27,2,3,0,0,4.420722,0
1,2018,1,27,3,0,0,0,5.549156,0
1,2018,1,27,3,1,0,0,8.520021,0
1,2018,1,27,3,2,0,0,10.09491,0
1,2018,1,27,3,3,0,0,6.909188,0
1,2018,1,27,4,0,0,0,6.401966,0
1,2018,1,27,4,1,0,0,8.705021,0
1,2018,1,27,4,2,0,0,17.769021,0
1,2018,1,27,4,3,0,0,12.881021,0
1,2018,1,27,5,0,0,0,9.770646,0
1,2018,1,27,5,1,0,0,4.235396,0
1,2018,1,27,5,2,0,0,20.129504,0
1,2018,1,27,5,3,0,0,19.680539,0
1,2018,1,27,6,0,0,0,5.849021,0
1,2018,1,27,6,1,0,0,3.105021,0
1,2018,1,27,6,2,0,0,3.2046,0
1,2018,1,27,6,3,0,0,3.615663,0
1,2018,1,27,7,0,0,0,4.801802,0
1,2018,1,27,7,1,0,0,9.907257,0
1,2018,1,27,7,2,0,0,11.21333,0
1,2018,1,27,7,3,0,0,8.655413,0
1,2018,1,27,8,0,0,0,12.473696,0
1,2018,1,27,8,1,0,0,18.247068,0
1,2018,1,27,8,2,0,0,13.130931,0
1,2018,1,27,8,3,0,0,9.794518,0
1,2018,1,27,9,0,0,0,5.736847,0
1,2018,1,27,9,1,0,0,7.348638,0
1,2018,1,27,9,2,0,0,11.063165,0
1,2018,1,27,9,3,0,0,4.482372,0
1,2018,1,27,10,0,0,0,3.896569,0
1,2018,1,27,10,1,0,0,5.729149,0
1,2018,1,27,10,2,0,0,9.289306,0
1,2018,1,27,10,3,0,0,14.433213,0
1,2018,1,27,11,0,0,0,15.98555,0
1,2018,1,27,11,1,0,0,16.360499,0
1,2018,1,27,11,2,0,0,13.423223,0
1,2018,1,27,11,3,0,0,9.863337,0
1,2018,1,27,12,0,0,0,10.276369,0
1,2018,1,27,12,1,0,0,10.892549,0
1,2018,1,27,12,2,0,0,10.359773,0
1,2018,1,27,12,3,0,0,10.725513,0
1,2018,1,27,13,0,0,0,9.627844,0
1,2018,1,27,13,1,0,0,13.937363,0
1,2018,1,27,13,2,0,0,14.558823,0
1,2018,1,27,13,3,0,0,17.931697,0
1,2018,1,27,14,0,0,0,23.010202,0
1,2018,1,27,14,1,0,0,19.660244,0
1,2018,1,27,14,2,0,0,26.483406,0
1,2018,1,27,14,3,0,0,23.540147,0
1,2018,1,27,15,0,0,0,26.682951,0
1,2018,1,27,15,1,0,0,26.783733,0
1,2018,1,27,15,2,0,0,39.259014,0
1,2018,1,27,15,3,0,0,32.753786,0
1,2018,1,27,16,0,0,0,14.759207,0
1,2018,1,27,16,1,0,0,17.102261,0
1,2018,1,27,16,2,0,0,20.66184,0
1,2018,1,27,16,3,0,0,21.952534,0
1,2018,1,27,17,0,0,0,24.693332,0
1,2018,1,27,17,1,0,0,9.770655,0
1,2018,1,27,17,2,0,0,9.1503,0
1,2018,1,27,17,3,0,0,6.876226,0
1,2018,1,27,18,0,0,0,14.607579,0
1,2018,1,27,18,1,0,0,23.701459,0
1,2018,1,27,18,2,0,0,17.563179,0
1,2018,1,27,18,3,0,0,29.478967,0
1,2018,1,27,19,0,0,0,24.486705,0
1,2018,1,27,19,1,0,0,14.447162,0
1,2018,1,27,19,2,0,0,9.888791,0
1,2018,1,27,19,3,0,0,10.293213,0
1,2018,1,27,20,0,0,0,9.840183,0
1,2018,1,27,20,1,0,0,7.468382,0
1,2018,1,27,20,2,0,0,15.596115,0
1,2018,1,27,20,3,0,0,21.309799,0
1,2018,1,27,21,0,0,0,19.317679,0
1,2018,1,27,21,1,0,0,24.023691,0
1,2018,1,27,21,2,0,0,39.793364,0
1,2018,1,27,21,3,0,0,29.298457,0
1,2018,1,27,22,0,0,0,19.779417,0
1,2018,1,27,22,1,0,0,20.026123,0
1,2018,1,27,22,2,0,0,24.771829,0
1,2018,1,27,22,3,0,0,28.876465,0
1,2018,1,27,23,0,0,0,22.138119,0
1,2018,1,27,23,1,0,0,18.267152,0
1,2018,1,27,23,2,0,0,20.307924,0
1,2018,1,27,23,3,0,0,23.059285,0
1,2018,1,28,0,0,0,0,10.909755,0
1,2018,1,28,0,1,0,0,15.509996,0
1,2018,1,28,0,2,0,0,8.906511,0
1,2018,1,28,0,3,0,0,15.342292,0
1,2018,1,28,1,0,0,0,18.187419,0
1,2018,1,28,1,1,0,0,20.906759,0
1,2018,1,28,1,2,0,0,25.162553,0
1,2018,1,28,1,3,0,0,21.452277,0
1,2018,1,28,2,0,0,0,15.020734,0
1,2018,1,28,2,1,0,0,15.197818,0
1,2018,1,28,2,2,0,0,13.142233,0
1,2018,1,28,2,3,0,0,18.290184,0
1,2018,1,28,3,0,0,0,19.787605,0
1,2018,1,28,3,1,0,0,10.287257,0
1,2018,1,28,3,2,0,0,17.143514,0
1,2018,1,28,3,3,0,0,29.094137,0
1,2018,1,28,4,0,0,0,27.529413,0
1,2018,1,28,4,1,0,0,12.98178,0
1,2018,1,28,4,2,0,0,12.803644,0
1,2018,1,28,4,3,0,0,18.260239,0
1,2018,1,28,5,0,0,0,15.570557,0
1,2018,1,28,5,1,0,0,7.809549,0
1,2018,1,28,5,2,0,0,7.574395,0
1,2018,1,28,5,3,0,0,13.479395,0
1,2018,1,28,6,0,0,0,13.479395,0
1,2018,1,28,6,1,0,0,19.780868,0
1,2018,1,28,6,2,0,0,23.172759,0
1,2018,1,28,6,3,0,0,15.933122,0
1,2018,1,28,7,0,0,0,10.032475,0
1,2018,1,28,7,1,0,0,8.605901,0
1,2018,1,28,7,2,0,0,30.073486,0
1,2018,1,28,7,3,0,0,23.648445,0
1,2018,1,28,8,0,0,0,9.375615,0
1,2018,1,28,8,1,0,0,11.986313,0
1,2018,1,28,8,2,0,0,7.176313,0
1,2018,1,28,8,3,0,0,10.281592,0
1,2018,1,28,9,0,0,0,10.648085,0
1,2018,1,28,9,1,0,0,13.287247,0
1,2018,1,28,9,2,0,0,13.213551,0
1,2018,1,28,9,3,0,0,9.664709,0
1,2018,1,28,10,0,0,0,18.412506,0
1,2018,1,28,10,1,0,0,21.362625,0
1,2018,1,28,10,2,0,0,16.654226,0
1,2018,1,28,10,3,0,0,11.225678,0
1,2018,1,28,11,0,0,0,10.450892,0
1,2018,1,28,11,1,0,0,12.161555,0
1,2018,1,28,11,2,0,0,14.824772,0
1,2018,1,28,11,3,0,0,18.220033,0
1,2018,1,28,12,0,0,0,12.574689,0
1,2018,1,28,12,1,0,0,17.516451,0
1,2018,1,28,12,2,0,0,17.813007,0
1,2018,1,28,12,3,0,0,17.022722,0
1,2018,1,28,13,0,0,0,11.791838,0
1,2018,1,28,13,1,0,0,12.311957,0
1,2018,1,28,13,2,0,0,15.584895,0
1,2018,1,28,13,3,0,0,15.249792,0
1,2018,1,28,14,0,0,0,16.184219,0
1,2018,1,28,14,1,0,0,16.860386,0
1,2018,1,28,14,2,0,0,21.639636,0
1,2018,1,28,14,3,0,0,24.941332,0
1,2018,1,28,15,0,0,0,26.504637,0
1,2018,1,28,15,1,0,0,22.367676,0
1,2018,1,28,15,2,0,0,22.372144,0
1,2018,1,28,15,3,0,0,19.252984,0
1,2018,1,28,16,0,0,0,16.547995,0
1,2018,1,28,16,1,0,0,21.174832,0
1,2018,1,28,16,2,0,0,23.750041,0
1,2018,1,28,16,3,0,0,23.140329,0
1,2018,1,28,17,0,0,0,19.484285,0
1,2018,1,28,17,1,0,0,16.624758,0
1,2018,1,28,17,2,0,0,10.942489,0
1,2018,1,28,17,3,0,0,12.082845,0
1,2018,1,28,18,0,0,0,11.282804,0
1,2018,1,28,18,1,0,0,15.344463,0
1,2018,1,28,18,2,0,0,16.40153,0
1,2018,1,28,18,3,0,0,14.745791,0
1,2018,1,28,19,0,0,0,15.330392,0
1,2018,1,28,19,1,0,0,4.653167,0
1,2018,1,28,19,2,0,0,6.963577,0
1,2018,1,28,19,3,0,0,10.433914,0
1,2018,1,28,20,0,0,0,21.720492,0
1,2018,1,28,20,1,0,0,16.487791,0
1,2018,1,28,20,2,0,0,8.799809,0
1,2018,1,28,20,3,0,0,9.072723,0
1,2018,1,28,21,0,0,0,4.663923,0
1,2018,1,28,21,1,0,0,8.455168,0
1,2018,1,28,21,2,0,0,10.261747,0
1,2018,1,28,21,3,0,0,16.255795,0
1,2018,1,28,22,0,0,0,14.218483,0
1,2018,1,28,22,1,0,0,17.67441,0
1,2018,1,28,22,2,0,0,11.955656,0
1,2018,1,28,22,3,0,0,12.927838,0
1,2018,1,28,23,0,0,0,14.690583,0
1,2018,1,28,23,1,0,0,18.675514,0
1,2018,1,28,23,2,0,0,22.366646,0
1,2018,1,28,23,3,0,0,13.048115,0
1,2018,1,29,0,0,0,0,13.518441,0
1,2018,1,29,0,1,0,0,7.597105,0
1,2018,1,29,0,2,0,0,6.99162,0
1,2018,1,29,0,3,0,0,9.869477,0
1,2018,1,29,1,0,0,0,25.652286,0
1,2018,1,29,1,1,0,0,27.915114,0
1,2018,1,29,1,2,0,0,21.84999,0
1,2018,1,29,1,3,0,0,3.385678,0
1,2018,1,29,2,0,0,0,3.008287,0
1,2018,1,29,2,1,0,0,3.008287,0
1,2018,1,29,2,2,0,0,3.008287,0
1,2018,1,29,2,3,0,0,3.008287,0
1,2018,1,29,3,0,0,0,3.008287,0
1,2018,1,29,3,1,0,0,3.008287,0
1,2018,1,29,3,2,0,0,5.410414,0
1,2018,1,29,3,3,0,0,6.611478,0
1,2018,1,29,4,0,0,0,6.611478,0
1,2018,1,29,4,1,0,0,4.689776,0
1,2018,1,29,4,2,0,0,3.008287,0
1,2018,1,29,4,3,0,0,3.008287,0
1,2018,1,29,5,0,0,0,9.828287,0
1,2018,1,29,5,1,0,0,11.533287,0
1,2018,1,29,5,2,0,0,8.123287,0
1,2018,1,29,5,3,0,0,3.885863,0
1,2018,1,29,6,0,0,0,9.590105,0
1,2018,1,29,6,1,0,0,9.590105,0
1,2018,1,29,6,2,0,0,10.017984,0
1,2018,1,29,6,3,0,0,11.067378,0
1,2018,1,29,7,0,0,0,13.541939,0
1,2018,1,29,7,1,0,0,14.896666,0
1,2018,1,29,7,2,0,0,4.008861,0
1,2018,1,29,7,3,0,0,3.841204,0
1,2018,1,29,8,0,0,0,3.781885,0
1,2018,1,29,8,1,0,0,6.357878,0
1,2018,1,29,8,2,0,0,10.493203,0
1,2018,1,29,8,3,0,0,6.906499,0
1,2018,1,29,9,0,0,0,10.081579,0
1,2018,1,29,9,1,0,0,22.701345,0
1,2018,1,29,9,2,0,0,27.653153,0
1,2018,1,29,9,3,0,0,21.682848,0
1,2018,1,29,10,0,0,0,24.103408,0
1,2018,1,29,10,1,0,0,17.429238,0
1,2018,1,29,10,2,0,0,19.814609,0
1,2018,1,29,10,3,0,0,18.956477,0
1,2018,1,29,11,0,0,0,15.509491,0
1,2018,1,29,11,1,0,0,17.838972,0
1,2018,1,29,11,2,0,0,15.743948,0
1,2018,1,29,11,3,0,0,20.754204,0
1,2018,1,29,12,0,0,0,17.314152,0
1,2018,1,29,12,1,0,0,17.689284,0
1,2018,1,29,12,2,0,0,29.728501,0
1,2018,1,29,12,3,0,0,26.237979,0
1,2018,1,29,13,0,0,0,20.006475,0
1,2018,1,29,13,1,0,0,18.711575,0
1,2018,1,29,13,2,0,0,19.534645,0
1,2018,1,29,13,3,0,0,29.093821,0
1,2018,1,29,14,0,0,0,24.866213,0
1,2018,1,29,14,1,0,0,22.947432,0
1,2018,1,29,14,2,0,0,24.082771,0
1,2018,1,29,14,3,0,0,18.040375,0
1,2018,1,29,15,0,0,0,18.424535,0
1,2018,1,29,15,1,0,0,31.497543,0
1,2018,1,29,15,2,0,0,39.761523,0
1,2018,1,29,15,3,0,0,20.210406,0
1,2018,1,29,16,0,0,0,18.471636,0
1,2018,1,29,16,1,0,0,15.118365,0
1,2018,1,29,16,2,0,0,11.155783,0
1,2018,1,29,16,3,0,0,5.778173,0
1,2018,1,29,17,0,0,0,9.35277,0
1,2018,1,29,17,1,0,0,4.632282,0
1,2018,1,29,17,2,0,0,6.126606,0
1,2018,1,29,17,3,0,0,14.582926,0
1,2018,1,29,18,0,0,0,22.560516,0
1,2018,1,29,18,1,0,0,23.241143,0
1,2018,1,29,18,2,0,0,25.575402,0
1,2018,1,29,18,3,0,0,18.589632,0
1,2018,1,29,19,0,0,0,19.973173,0
1,2018,1,29,19,1,0,0,21.48793,0
1,2018,1,29,19,2,0,0,27.721839,0
1,2018,1,29,19,3,0,0,19.474648,0
1,2018,1,29,20,0,0,0,24.146575,0
1,2018,1,29,20,1,0,0,19.205346,0
1,2018,1,29,20,2,0,0,14.429644,0
1,2018,1,29,20,3,0,0,18.272502,0
1,2018,1,29,21,0,0,0,19.285402,0
1,2018,1,29,21,1,0,0,19.513816,0
1,2018,1,29,21,2,0,0,15.663063,0
1,2018,1,29,21,3,0,0,8.357965,0
1,2018,1,29,22,0,0,0,10.123152,0
1,2018,1,29,22,1,0,0,10.022368,0
1,2018,1,29,22,2,0,0,24.173082,0
1,2018,1,29,22,3,0,0,22.243797,0
1,2018,1,29,23,0,0,0,13.985225,0
1,2018,1,29,23,1,0,0,14.226351,0
1,2018,1,29,23,2,0,0,12.742141,0
1,2018,1,29,23,3,0,0,15.071037,0
1,2018,1,30,0,0,0,0,14.752557,0
1,2018,1,30,0,1,0,0,16.876551,0
1,2018,1,30,0,2,0,0,16.573641,0
1,2018,1,30,0,3,0,0,7.954005,0
1,2018,1,30,1,0,0,0,13.317163,0
1,2018,1,30,1,1,0,0,15.319365,0
1,2018,1,30,1,2,0,0,16.469438,0
1,2018,1,30,1,3,0,0,17.314955,0
1,2018,1,30,2,0,0,0,14.778403,0
1,2018,1,30,2,1,0,0,11.593265,0
1,2018,1,30,2,2,0,0,7.766765,0
1,2018,1,30,2,3,0,0,7.766765,0
1,2018,1,30,3,0,0,0,7.766765,0
1,2018,1,30,3,1,0,0,7.766765,0
1,2018,1,30,3,2,0,0,7.766765,0
1,2018,1,30,3,3,0,0,8.883942,0
1,2018,1,30,4,0,0,0,13.42441,0
1,2018,1,30,4,1,0,0,13.83464,0
1,2018,1,30,4,2,0,0,14.560617,0
1,2018,1,30,4,3,0,0,12.085617,0
1,2018,1,30,5,0,0,0,7.135617,0
1,2018,1,30,5,1,0,0,7.135617,0
1,2018,1,30,5,2,0,0,7.135617,0
1,2018,1,30,5,3,0,0,7.135617,0
1,2018,1,30,6,0,0,0,6.889732,0
1,2018,1,30,6,1,0,0,6.82826,0
1,2018,1,30,6,2,0,0,6.82826,0
1,2018,1,30,6,3,0,0,7.621891,0
1,2018,1,30,7,0,0,0,7.083369,0
1,2018,1,30,7,1,0,0,14.861718,0
1,2018,1,30,7,2,0,0,9.176384,0
1,2018,1,30,7,3,0,0,4.458261,0
1,2018,1,30,8,0,0,0,12.708725,0
1,2018,1,30,8,1,0,0,22.02444,0
1,2018,1,30,8,2,0,0,19.224068,0
1,2018,1,30,8,3,0,0,19.356255,0
1,2018,1,30,9,0,0,0,19.175905,0
1,2018,1,30,9,1,0,0,28.580916,0
1,2018,1,30,9,2,0,0,32.422004,0
1,2018,1,30,9,3,0,0,23.670815,0
1,2018,1,30,10,0,0,0,17.965983,0
1,2018,1,30,10,1,0,0,20.029345,0
1,2018,1,30,10,2,0,0,20.407043,0
1,2018,1,30,10,3,0,0,21.770914,0
1,2018,1,30,11,0,0,0,31.398327,0
1,2018,1,30,11,1,0,0,28.735904,0
1,2018,1,30,11,2,0,0,30.422528,0
1,2018,1,30,11,3,0,0,27.908074,0
1,2018,1,30,12,0,0,0,24.347743,0
1,2018,1,30,12,1,0,0,24.298003,0
1,2018,1,30,12,2,0,0,21.153428,0
1,2018,1,30,12,3,0,0,22.869814,0
1,2018,1,30,13,0,0,0,29.817016,0
1,2018,1,30,13,1,0,0,26.497941,0
1,2018,1,30,13,2,0,0,26.236672,0
1,2018,1,30,13,3,0,0,18.888756,0
1,2018,1,30,14,0,0,0,19.402712,0
1,2018,1,30,14,1,0,0,32.682736,0
1,2018,1,30,14,2,0,0,26.638724,0
1,2018,1,30,14,3,0,0,23.833045,0
1,2018,1,30,15,0,0,0,27.932064,0
1,2018,1,30,15,1,0,0,23.765615,0
1,2018,1,30,15,2,0,0,15.008664,0
1,2018,1,30,15,3,0,0,20.225315,0
1,2018,1,30,16,0,0,0,21.435531,0
1,2018,1,30,16,1,0,0,22.510725,0
1,2018,1,30,16,2,0,0,13.828249,0
1,2018,1,30,16,3,0,0,14.377301,0
1,2018,1,30,17,0,0,0,14.153779,0
1,2018,1,30,17,1,0,0,19.054522,0
1,2018,1,30,17,2,0,0,24.061688,0
1,2018,1,30,17,3,0,0,24.188619,0
1,2018,1,30,18,0,0,0,19.630689,0
1,2018,1,30,18,1,0,0,14.308889,0
1,2018,1,30,18,2,0,0,12.014177,0
1,2018,1,30,18,3,0,0,18.97492,0
1,2018,1,30,19,0,0,0,26.371661,0
1,2018,1,30,19,1,0,0,34.727752,0
1,2018,1,30,19,2,0,0,22.635253,0
1,2018,1,30,19,3,0,0,18.487309,0
1,2018,1,30,20,0,0,0,16.264712,0
1,2018,1,30,20,1,0,0,19.136505,0
1,2018,1,30,20,2,0,0,9.542524,0
1,2018,1,30,20,3,0,0,28.790493,0
1,2018,1,30,21,0,0,0,20.87158,0
1,2018,1,30,21,1,0,0,10.362926,0
1,2018,1,30,21,2,0,0,15.939286,0
1,2018,1,30,21,3,0,0,20.743765,0
1,2018,1,30,22,0,0,0,16.490609,0
1,2018,1,30,22,1,0,0,18.454054,0
1,2018,1,30,22,2,0,0,15.586777,0
1,2018,1,30,22,3,0,0,11.316328,0
1,2018,1,30,23,0,0,0,10.472737,0
1,2018,1,30,23,1,0,0,8.419081,0
1,2018,1,30,23,2,0,0,8.431022,0
1,2018,1,30,23,3,0,0,8.37513,0
1,2018,1,31,0,0,0,0,9.379878,0
1,2018,1,31,0,1,0,0,15.770643,0
1,2018,1,31,0,2,0,0,14.964154,0
1,2018,1,31,0,3,0,0,13.931709,0
1,2018,1,31,1,0,0,0,15.777226,0
1,2018,1,31,1,1,0,0,17.687705,0
1,2018,1,31,1,2,0,0,13.759127,0
1,2018,1,31,1,3,0,0,11.792765,0
1,2018,1,31,2,0,0,0,21.484069,0
1,2018,1,31,2,1,0,0,12.815032,0
1,2018,1,31,2,2,0,0,7.646337,0
1,2018,1,31,2,3,0,0,7.646337,0
1,2018,1,31,3,0,0,0,7.646337,0
1,2018,1,31,3,1,0,0,7.646337,0
1,2018,1,31,3,2,0,0,12.483837,0
1,2018,1,31,3,3,0,0,9.258837,0
1,2018,1,31,4,0,0,0,6.395946,0
1,2018,1,31,4,1,0,0,6.439163,0
1,2018,1,31,4,2,0,0,6.439163,0
1,2018,1,31,4,3,0,0,12.781163,0
1,2018,1,31,5,0,0,0,10.667163,0
1,2018,1,31,5,1,0,0,6.439163,0
1,2018,1,31,5,2,0,0,6.439163,0
1,2018,1,31,5,3,0,0,6.439163,0
1,2018,1,31,6,0,0,0,6.439163,0
1,2018,1,31,6,1,0,0,6.439163,0
1,2018,1,31,6,2,0,0,6.439163,0
1,2018,1,31,6,3,0,0,6.31422,0
1,2018,1,31,7,0,0,0,5.967317,0
1,2018,1,31,7,1,0,0,12.774545,0
1,2018,1,31,7,2,0,0,11.130962,0
1,2018,1,31,7,3,0,0,6.171031,0
1,2018,1,31,8,0,0,0,7.319797,0
1,2018,1,31,8,1,0,0,15.202921,0
1,2018,1,31,8,2,0,0,16.123999,0
1,2018,1,31,8,3,0,0,12.608816,0
1,2018,1,31,9,0,0,0,13.654499,0
1,2018,1,31,9,1,0,0,13.997069,0
1,2018,1,31,9,2,0,0,20.003622,0
1,2018,1,31,9,3,0,0,30.080015,0
1,2018,1,31,10,0,0,0,17.991158,0
1,2018,1,31,10,1,0,0,12.388501,0
1,2018,1,31,10,2,0,0,15.456946,0
1,2018,1,31,10,3,0,0,16.023384,0
1,2018,1,31,11,0,0,0,23.976994,0
1,2018,1,31,11,1,0,0,29.321888,0
1,2018,1,31,11,2,0,0,24.083388,0
1,2018,1,31,11,3,0,0,18.119766,0
1,2018,1,31,12,0,0,0,21.51504,0
1,2018,1,31,12,1,0,0,21.40018,0
1,2018,1,31,12,2,0,0,24.142541,0
1,2018,1,31,12,3,0,0,36.22847,0
1,2018,1,31,13,0,0,0,44.011602,0
1,2018,1,31,13,1,0,0,40.516375,0
1,2018,1,31,13,2,0,0,31.901651,0
1,2018,1,31,13,3,0,0,27.406261,0
1,2018,1,31,14,0,0,0,26.531531,0
1,2018,1,31,14,1,0,0,27.12226,0
1,2018,1,31,14,2,0,0,22.342511,0
1,2018,1,31,14,3,0,0,19.445255,0
1,2018,1,31,15,0,0,0,19.630053,0
1,2018,1,31,15,1,0,0,11.095835,0
1,2018,1,31,15,2,0,0,12.181738,0
1,2018,1,31,15,3,0,0,19.178737,0
1,2018,1,31,16,0,0,0,20.23793,0
1,2018,1,31,16,1,0,0,16.885609,0
1,2018,1,31,16,2,0,0,12.676041,0
1,2018,1,31,16,3,0,0,12.415966,0
1,2018,1,31,17,0,0,0,16.477282,0
1,2018,1,31,17,1,0,0,19.11956,0
1,2018,1,31,17,2,0,0,20.19092,0
1,2018,1,31,17,3,0,0,20.652042,0
1,2018,1,31,18,0,0,0,27.339311,0
1,2018,1,31,18,1,0,0,21.301004,0
1,2018,1,31,18,2,0,0,23.389567,0
1,2018,1,31,18,3,0,0,18.088133,0
1,2018,1,31,19,0,0,0,12.368739,0
1,2018,1,31,19,1,0,0,12.531199,0
1,2018,1,31,19,2,0,0,8.709943,0
1,2018,1,31,19,3,0,0,5.863214,0
1,2018,1,31,20,0,0,0,9.935993,0
1,2018,1,31,20,1,0,0,12.604601,0
1,2018,1,31,20,2,0,0,17.683399,0
1,2018,1,31,20,3,0,0,26.519468,0
1,2018,1,31,21,0,0,0,10.705201,0
1,2018,1,31,21,1,0,0,12.469995,0
1,2018,1,31,21,2,0,0,27.446292,0
1,2018,1,31,21,3,0,0,20.135569,0
1,2018,1,31,22,0,0,0,12.121458,0
1,2018,1,31,22,1,0,0,11.551702,0
1,2018,1,31,22,2,0,0,7.848287,0
1,2018,1,31,22,3,0,0,10.79355,0
1,2018,1,31,23,0,0,0,26.243024,0
1,2018,1,31,23,1,0,0,15.335105,0
1,2018,1,31,23,2,0,0,13.228676,0
1,2018,1,31,23,3,0,0,11.085231,0
1,2018,2,1,0,0,0,0,10.649192,0
1,2018,2,1,0,1,0,0,8.200556,0
1,2018,2,1,0,2,0,0,11.173283,0
1,2018,2,1,0,3,0,0,19.940089,0
1,2018,2,1,1,0,0,0,12.895081,0
1,2018,2,1,1,1,0,0,10.219627,0
1,2018,2,1,1,2,0,0,7.38024,0
1,2018,2,1,1,3,0,0,6.086155,0
1,2018,2,1,2,0,0,0,6.086155,0
1,2018,2,1,2,1,0,0,6.086155,0
1,2018,2,1,2,2,0,0,6.086155,0
1,2018,2,1,2,3,0,0,6.086155,0
1,2018,2,1,3,0,0,0,6.086155,0
1,2018,2,1,3,1,0,0,6.086155,0
1,2018,2,1,3,2,0,0,6.086155,0
1,2018,2,1,3,3,0,0,6.086155,0
1,2018,2,1,4,0,0,0,6.086155,0
1,2018,2,1,4,1,0,0,6.086155,0
1,2018,2,1,4,2,0,0,6.086155,0
1,2018,2,1,4,3,0,0,6.086155,0
1,2018,2,1,5,0,0,0,6.086155,0
1,2018,2,1,5,1,0,0,6.086155,0
1,2018,2,1,5,2,0,0,6.086155,0
1,2018,2,1,5,3,0,0,6.086155,0
1,2018,2,1,6,0,0,0,6.086155,0
1,2018,2,1,6,1,0,0,6.154766,0
1,2018,2,1,6,2,0,0,7.115321,0
1,2018,2,1,6,3,0,0,7.033166,0
1,2018,2,1,7,0,0,0,5.549172,0
1,2018,2,1,7,1,0,0,7.751582,0
1,2018,2,1,7,2,0,0,17.042441,0
1,2018,2,1,7,3,0,0,10.042707,0
1,2018,2,1,8,0,0,0,10.514465,0
1,2018,2,1,8,1,0,0,20.85766,0
1,2018,2,1,8,2,0,0,14.631653,0
1,2018,2,1,8,3,0,0,9.659037,0
1,2018,2,1,9,0,0,0,29.066837,0
1,2018,2,1,9,1,0,0,30.845279,0
1,2018,2,1,9,2,0,0,25.961995,0
1,2018,2,1,9,3,0,0,16.532997,0
1,2018,2,1,10,0,0,0,12.131032,0
1,2018,2,1,10,1,0,0,20.412624,0
1,2018,2,1,10,2,0,0,19.683533,0
1,2018,2,1,10,3,0,0,12.712209,0
1,2018,2,1,11,0,0,0,22.877324,0
1,2018,2,1,11,1,0,0,25.350587,0
1,2018,2,1,11,2,0,0,35.935007,0
1,2018,2,1,11,3,0,0,28.233659,0
1,2018,2,1,12,0,0,0,23.094753,0
1,2018,2,1,12,1,0,0,26.850031,0
1,2018,2,1,12,2,0,0,32.865423,0
1,2018,2,1,12,3,0,0,34.441526,0
1,2018,2,1,13,0,0,0,28.025516,0
1,2018,2,1,13,1,0,0,29.756692,0
1,2018,2,1,13,2,0,0,33.335813,0
1,2018,2,1,13,3,0,0,35.650256,0
1,2018,2,1,14,0,0,0,26.301064,0
1,2018,2,1,14,1,0,0,24.304259,0
1,2018,2,1,14,2,0,0,26.337175,0
1,2018,2,1,14,3,0,0,12.608518,0
1,2018,2,1,15,0,0,0,19.274077,0
1,2018,2,1,15,1,0,0,22.885969,0
1,2018,2,1,15,2,0,0,16.509403,0
1,2018,2,1,15,3,0,0,15.933464,0
1,2018,2,1,16,0,0,0,18.287996,0
1,2018,2,1,16,1,0,0,25.26621,0
1,2018,2,1,16,2,0,0,25.361772,0
1,2018,2,1,16,3,0,0,22.025214,0
1,2018,2,1,17,0,0,0,19.438254,0
1,2018,2,1,17,1,0,0,28.201132,0
1,2018,2,1,17,2,0,0,22.877357,0
1,2018,2,1,17,3,0,0,16.108395,0
1,2018,2,1,18,0,0,0,16.983299,0
1,2018,2,1,18,1,0,0,9.009271,0
1,2018,2,1,18,2,0,0,8.857085,0
1,2018,2,1,18,3,0,0,22.136714,0
1,2018,2,1,19,0,0,0,17.721515,0
1,2018,2,1,19,1,0,0,10.555021,0
1,2018,2,1,19,2,0,0,12.79296,0
1,2018,2,1,19,3,0,0,10.052473,0
1,2018,2,1,20,0,0,0,8.820682,0
1,2018,2,1,20,1,0,0,9.829727,0
1,2018,2,1,20,2,0,0,13.710303,0
1,2018,2,1,20,3,0,0,7.905291,0
1,2018,2,1,21,0,0,0,5.343832,0
1,2018,2,1,21,1,0,0,11.254553,0
1,2018,2,1,21,2,0,0,12.70449,0
1,2018,2,1,21,3,0,0,18.654981,0
1,2018,2,1,22,0,0,0,15.105016,0
1,2018,2,1,22,1,0,0,11.047412,0
1,2018,2,1,22,2,0,0,14.712526,0
1,2018,2,1,22,3,0,0,15.551517,0
1,2018,2,1,23,0,0,0,20.143898,0
1,2018,2,1,23,1,0,0,21.301938,0
1,2018,2,1,23,2,0,0,8.861886,0
1,2018,2,1,23,3,0,0,9.781774,0
1,2018,2,2,0,0,0,0,10.383489,0
1,2018,2,2,0,1,0,0,8.424381,0
1,2018,2,2,0,2,0,0,10.138881,0
1,2018,2,2,0,3,0,0,10.138881,0
1,2018,2,2,1,0,0,0,6.138381,0
1,2018,2,2,1,1,0,0,5.852631,0
1,2018,2,2,1,2,0,0,5.852631,0
1,2018,2,2,1,3,0,0,5.852631,0
1,2018,2,2,2,0,0,0,5.852631,0
1,2018,2,2,2,1,0,0,5.852631,0
1,2018,2,2,2,2,0,0,5.852631,0
1,2018,2,2,2,3,0,0,5.852631,0
1,2018,2,2,3,0,0,0,5.852631,0
1,2018,2,2,3,1,0,0,5.852631,0
1,2018,2,2,3,2,0,0,5.852631,0
1,2018,2,2,3,3,0,0,5.852631,0
1,2018,2,2,4,0,0,0,5.852631,0
1,2018,2,2,4,1,0,0,10.812944,0
1,2018,2,2,4,2,0,0,12.616694,0
1,2018,2,2,4,3,0,0,8.558256,0
1,2018,2,2,5,0,0,0,5.852631,0
1,2018,2,2,5,1,0,0,5.852631,0
1,2018,2,2,5,2,0,0,5.852631,0
1,2018,2,2,5,3,0,0,5.675682,0
1,2018,2,2,6,0,0,0,7.402183,0
1,2018,2,2,6,1,0,0,9.779783,0
1,2018,2,2,6,2,0,0,6.213383,0
1,2018,2,2,6,3,0,0,5.361741,0
1,2018,2,2,7,0,0,0,8.26112,0
1,2018,2,2,7,1,0,0,15.40784,0
1,2018,2,2,7,2,0,0,11.691602,0
1,2018,2,2,7,3,0,0,12.4222,0
1,2018,2,2,8,0,0,0,11.67853,0
1,2018,2,2,8,1,0,0,8.147132,0
1,2018,2,2,8,2,0,0,6.396392,0
1,2018,2,2,8,3,0,0,9.969082,0
1,2018,2,2,9,0,0,0,10.28764,0
1,2018,2,2,9,1,0,0,16.783211,0
1,2018,2,2,9,2,0,0,20.527932,0
1,2018,2,2,9,3,0,0,15.881614,0
1,2018,2,2,10,0,0,0,21.321995,0
1,2018,2,2,10,1,0,0,19.779057,0
1,2018,2,2,10,2,0,0,21.001234,0
1,2018,2,2,10,3,0,0,19.33378,0
1,2018,2,2,11,0,0,0,16.957923,0
1,2018,2,2,11,1,0,0,14.641214,0
1,2018,2,2,11,2,0,0,16.998316,0
1,2018,2,2,11,3,0,0,23.744956,0
1,2018,2,2,12,0,0,0,19.393102,0
1,2018,2,2,12,1,0,0,21.380984,0
1,2018,2,2,12,2,0,0,26.172465,0
1,2018,2,2,12,3,0,0,23.054142,0
1,2018,2,2,13,0,0,0,23.293749,0
1,2018,2,2,13,1,0,0,27.132776,0
1,2018,2,2,13,2,0,0,22.727159,0
1,2018,2,2,13,3,0,0,13.500659,0
1,2018,2,2,14,0,0,0,21.583217,0
1,2018,2,2,14,1,0,0,14.724989,0
1,2018,2,2,14,2,0,0,23.570948,0
1,2018,2,2,14,3,0,0,26.148767,0
1,2018,2,2,15,0,0,0,14.671892,0
1,2018,2,2,15,1,0,0,14.022339,0
1,2018,2,2,15,2,0,0,15.375221,0
1,2018,2,2,15,3,0,0,16.57503,0
1,2018,2,2,16,0,0,0,18.798972,0
1,2018,2,2,16,1,0,0,20.019213,0
1,2018,2,2,16,2,0,0,20.230535,0
1,2018,2,2,16,3,0,0,20.654408,0
1,2018,2,2,17,0,0,0,19.973551,0
1,2018,2,2,17,1,0,0,16.986089,0
1,2018,2,2,17,2,0,0,11.797728,0
1,2018,2,2,17,3,0,0,10.357145,0
1,2018,2,2,18,0,0,0,16.029219,0
1,2018,2,2,18,1,0,0,19.848677,0
1,2018,2,2,18,2,0,0,14.299263,0
1,2018,2,2,18,3,0,0,9.040759,0
1,2018,2,2,19,0,0,0,7.815239,0
1,2018,2,2,19,1,0,0,7.895389,0
1,2018,2,2,19,2,0,0,14.159671,0
1,2018,2,2,19,3,0,0,20.423361,0
1,2018,2,2,20,0,0,0,32.213561,0
1,2018,2,2,20,1,0,0,32.013051,0
1,2018,2,2,20,2,0,0,16.534362,0
1,2018,2,2,20,3,0,0,13.908807,0
1,2018,2,2,21,0,0,0,19.242913,0
1,2018,2,2,21,1,0,0,13.832798,0
1,2018,2,2,21,2,0,0,17.307939,0
1,2018,2,2,21,3,0,0,26.319151,0
1,2018,2,2,22,0,0,0,19.983437,0
1,2018,2,2,22,1,0,0,9.203025,0
1,2018,2,2,22,2,0,0,12.849092,0
1,2018,2,2,22,3,0,0,21.934934,0
1,2018,2,2,23,0,0,0,34.605862,0
1,2018,2,2,23,1,0,0,26.76305,0
1,2018,2,2,23,2,0,0,18.11432,0
1,2018,2,2,23,3,0,0,20.075628,0
1,2018,2,3,0,0,0,0,23.659348,0
1,2018,2,3,0,1,0,0,18.250657,0
1,2018,2,3,0,2,0,0,5.215003,0
1,2018,2,3,0,3,0,0,22.930997,0
1,2018,2,3,1,0,0,0,31.487014,0
1,2018,2,3,1,1,0,0,25.793538,0
1,2018,2,3,1,2,0,0,17.345387,0
1,2018,2,3,1,3,0,0,12.5539,0
1,2018,2,3,2,0,0,0,12.795257,0
1,2018,2,3,2,1,0,0,13.817314,0
1,2018,2,3,2,2,0,0,10.522686,0
1,2018,2,3,2,3,0,0,4.880886,0
1,2018,2,3,3,0,0,0,10.36402,0
1,2018,2,3,3,1,0,0,8.096328,0
1,2018,2,3,3,2,0,0,5.133328,0
1,2018,2,3,3,3,0,0,12.548713,0
1,2018,2,3,4,0,0,0,9.213482,0
1,2018,2,3,4,1,0,0,12.968174,0
1,2018,2,3,4,2,0,0,15.122174,0
1,2018,2,3,4,3,0,0,20.746865,0
1,2018,2,3,5,0,0,0,15.915608,0
1,2018,2,3,5,1,0,0,14.447614,0
1,2018,2,3,5,2,0,0,10.063328,0
1,2018,2,3,5,3,0,0,4.803995,0
1,2018,2,3,6,0,0,0,10.188328,0
1,2018,2,3,6,1,0,0,11.796328,0
1,2018,2,3,6,2,0,0,7.108328,0
1,2018,2,3,6,3,0,0,7.225933,0
1,2018,2,3,7,0,0,0,6.670912,0
1,2018,2,3,7,1,0,0,4.852373,0
1,2018,2,3,7,2,0,0,3.634357,0
1,2018,2,3,7,3,0,0,4.631737,0
1,2018,2,3,8,0,0,0,8.42422,0
1,2018,2,3,8,1,0,0,18.508433,0
1,2018,2,3,8,2,0,0,16.960252,0
1,2018,2,3,8,3,0,0,2.976442,0
1,2018,2,3,9,0,0,0,4.829775,0
1,2018,2,3,9,1,0,0,9.204535,0
1,2018,2,3,9,2,0,0,9.065865,0
1,2018,2,3,9,3,0,0,13.049225,0
1,2018,2,3,10,0,0,0,11.034883,0
1,2018,2,3,10,1,0,0,10.306868,0
1,2018,2,3,10,2,0,0,9.386912,0
1,2018,2,3,10,3,0,0,17.430969,0
1,2018,2,3,11,0,0,0,13.25117,0
1,2018,2,3,11,1,0,0,17.658294,0
1,2018,2,3,11,2,0,0,14.331261,0
1,2018,2,3,11,3,0,0,9.314952,0
1,2018,2,3,12,0,0,0,10.691516,0
1,2018,2,3,12,1,0,0,17.509915,0
1,2018,2,3,12,2,0,0,23.155866,0
1,2018,2,3,12,3,0,0,25.320423,0
1,2018,2,3,13,0,0,0,21.858603,0
1,2018,2,3,13,1,0,0,33.8684,0
1,2018,2,3,13,2,0,0,20.989571,0
1,2018,2,3,13,3,0,0,12.483034,0
1,2018,2,3,14,0,0,0,13.350534,0
1,2018,2,3,14,1,0,0,17.114795,0
1,2018,2,3,14,2,0,0,14.675526,0
1,2018,2,3,14,3,0,0,11.320257,0
1,2018,2,3,15,0,0,0,17.637107,0
1,2018,2,3,15,1,0,0,34.649676,0
1,2018,2,3,15,2,0,0,33.985038,0
1,2018,2,3,15,3,0,0,38.42428,0
1,2018,2,3,16,0,0,0,18.812987,0
1,2018,2,3,16,1,0,0,18.480358,0
1,2018,2,3,16,2,0,0,19.699543,0
1,2018,2,3,16,3,0,0,27.917837,0
1,2018,2,3,17,0,0,0,11.174938,0
1,2018,2,3,17,1,0,0,14.875992,0
1,2018,2,3,17,2,0,0,13.245403,0
1,2018,2,3,17,3,0,0,9.013583,0
1,2018,2,3,18,0,0,0,19.907473,0
1,2018,2,3,18,1,0,0,24.102753,0
1,2018,2,3,18,2,0,0,23.106629,0
1,2018,2,3,18,3,0,0,15.111257,0
1,2018,2,3,19,0,0,0,19.067628,0
1,2018,2,3,19,1,0,0,17.321838,0
1,2018,2,3,19,2,0,0,28.863784,0
1,2018,2,3,19,3,0,0,14.135349,0
1,2018,2,3,20,0,0,0,8.314525,0
1,2018,2,3,20,1,0,0,26.029776,0
1,2018,2,3,20,2,0,0,25.029913,0
1,2018,2,3,20,3,0,0,11.980001,0
1,2018,2,3,21,0,0,0,21.372927,0
1,2018,2,3,21,1,0,0,16.767345,0
1,2018,2,3,21,2,0,0,15.059793,0
1,2018,2,3,21,3,0,0,24.531747,0
1,2018,2,3,22,0,0,0,27.607879,0
1,2018,2,3,22,1,0,0,21.411546,0
1,2018,2,3,22,2,0,0,19.980361,0
1,2018,2,3,22,3,0,0,21.311149,0
1,2018,2,3,23,0,0,0,6.914,0
1,2018,2,3,23,1,0,0,13.290832,0
1,2018,2,3,23,2,0,0,25.105238,0
1,2018,2,3,23,3,0,0,20.790592,0
1,2018,2,4,0,0,0,0,20.864874,0
1,2018,2,4,0,1,0,0,30.566874,0
1,2018,2,4,0,2,0,0,27.988208,0
1,2018,2,4,0,3,0,0,9.1027,0
1,2018,2,4,1,0,0,0,17.989744,0
1,2018,2,4,1,1,0,0,18.58041,0
1,2018,2,4,1,2,0,0,11.221098,0
1,2018,2,4,1,3,0,0,16.244223,0
1,2018,2,4,2,0,0,0,30.385261,0
1,2018,2,4,2,1,0,0,23.865586,0
1,2018,2,4,2,2,0,0,15.255716,0
1,2018,2,4,2,3,0,0,8.37771,0
1,2018,2,4,3,0,0,0,8.37771,0
1,2018,2,4,3,1,0,0,16.921289,0
1,2018,2,4,3,2,0,0,16.296336,0
1,2018,2,4,3,3,0,0,16.528211,0
1,2018,2,4,4,0,0,0,14.392198,0
1,2018,2,4,4,1,0,0,11.379826,0
1,2018,2,4,4,2,0,0,8.047518,0
1,2018,2,4,4,3,0,0,8.708208,0
1,2018,2,4,5,0,0,0,24.905773,0
1,2018,2,4,5,1,0,0,7.356742,0
1,2018,2,4,5,2,0,0,14.055314,0
1,2018,2,4,5,3,0,0,5.351028,0
1,2018,2,4,6,0,0,0,12.268528,0
1,2018,2,4,6,1,0,0,8.853528,0
1,2018,2,4,6,2,0,0,3.731028,0
1,2018,2,4,6,3,0,0,10.191358,0
1,2018,2,4,7,0,0,0,22.810216,0
1,2018,2,4,7,1,0,0,15.152652,0
1,2018,2,4,7,2,0,0,8.392142,0
1,2018,2,4,7,3,0,0,7.385835,0
1,2018,2,4,8,0,0,0,9.896604,0
1,2018,2,4,8,1,0,0,7.261041,0
1,2018,2,4,8,2,0,0,8.332069,0
1,2018,2,4,8,3,0,0,7.738238,0
1,2018,2,4,9,0,0,0,7.032585,0
1,2018,2,4,9,1,0,0,6.626486,0
1,2018,2,4,9,2,0,0,17.649616,0
1,2018,2,4,9,3,0,0,19.931635,0
1,2018,2,4,10,0,0,0,11.70947,0
1,2018,2,4,10,1,0,0,6.42843,0
1,2018,2,4,10,2,0,0,9.080084,0
1,2018,2,4,10,3,0,0,13.980091,0
1,2018,2,4,11,0,0,0,13.097425,0
1,2018,2,4,11,1,0,0,12.639192,0
1,2018,2,4,11,2,0,0,6.786962,0
1,2018,2,4,11,3,0,0,4.213951,0
1,2018,2,4,12,0,0,0,4.63537,0
1,2018,2,4,12,1,0,0,13.849315,0
1,2018,2,4,12,2,0,0,15.738233,0
1,2018,2,4,12,3,0,0,18.623906,0
1,2018,2,4,13,0,0,0,17.933268,0
1,2018,2,4,13,1,0,0,20.559234,0
1,2018,2,4,13,2,0,0,18.384677,0
1,2018,2,4,13,3,0,0,25.912907,0
1,2018,2,4,14,0,0,0,25.816232,0
1,2018,2,4,14,1,0,0,27.013898,0
1,2018,2,4,14,2,0,0,20.704458,0
1,2018,2,4,14,3,0,0,16.161062,0
1,2018,2,4,15,0,0,0,12.334294,0
1,2018,2,4,15,1,0,0,16.172127,0
1,2018,2,4,15,2,0,0,19.462293,0
1,2018,2,4,15,3,0,0,21.804339,0
1,2018,2,4,16,0,0,0,17.52866,0
1,2018,2,4,16,1,0,0,18.724631,0
1,2018,2,4,16,2,0,0,25.03981,0
1,2018,2,4,16,3,0,0,23.060029,0
1,2018,2,4,17,0,0,0,17.910125,0
1,2018,2,4,17,1,0,0,15.426009,0
1,2018,2,4,17,2,0,0,11.388433,0
1,2018,2,4,17,3,0,0,7.056878,0
1,2018,2,4,18,0,0,0,10.676218,0
1,2018,2,4,18,1,0,0,18.288852,0
1,2018,2,4,18,2,0,0,17.023518,0
1,2018,2,4,18,3,0,0,22.189829,0
1,2018,2,4,19,0,0,0,15.236524,0
1,2018,2,4,19,1,0,0,23.341887,0
1,2018,2,4,19,2,0,0,19.210125,0
1,2018,2,4,19,3,0,0,12.549229,0
1,2018,2,4,20,0,0,0,7.650365,0
1,2018,2,4,20,1,0,0,22.115322,0
1,2018,2,4,20,2,0,0,26.650354,0
1,2018,2,4,20,3,0,0,24.74747,0
1,2018,2,4,21,0,0,0,27.810161,0
1,2018,2,4,21,1,0,0,17.310901,0
1,2018,2,4,21,2,0,0,5.814733,0
1,2018,2,4,21,3,0,0,11.155322,0
1,2018,2,4,22,0,0,0,10.786363,0
1,2018,2,4,22,1,0,0,5.580285,0
1,2018,2,4,22,2,0,0,12.342561,0
1,2018,2,4,22,3,0,0,11.702126,0
1,2018,2,4,23,0,0,0,4.657344,0
1,2018,2,4,23,1,0,0,14.610895,0
1,2018,2,4,23,2,0,0,17.078218,0
1,2018,2,4,23,3,0,0,18.604727,0
1,2018,2,5,0,0,0,0,16.085245,0
1,2018,2,5,0,1,0,0,14.887948,0
1,2018,2,5,0,2,0,0,12.436837,0
1,2018,2,5,0,3,0,0,5.267392,0
1,2018,2,5,1,0,0,0,13.098441,0
1,2018,2,5,1,1,0,0,14.983925,0
1,2018,2,5,1,2,0,0,12.159812,0
1,2018,2,5,1,3,0,0,4.312392,0
1,2018,2,5,2,0,0,0,4.312392,0
1,2018,2,5,2,1,0,0,4.312392,0
1,2018,2,5,2,2,0,0,4.142076,0
1,2018,2,5,2,3,0,0,3.886601,0
1,2018,2,5,3,0,0,0,3.886601,0
1,2018,2,5,3,1,0,0,3.886601,0
1,2018,2,5,3,2,0,0,3.886601,0
1,2018,2,5,3,3,0,0,5.965172,0
1,2018,2,5,4,0,0,0,14.279458,0
1,2018,2,5,4,1,0,0,10.815172,0
1,2018,2,5,4,2,0,0,3.886601,0
1,2018,2,5,4,3,0,0,3.886601,0
1,2018,2,5,5,0,0,0,3.886601,0
1,2018,2,5,5,1,0,0,3.886601,0
1,2018,2,5,5,2,0,0,3.886601,0
1,2018,2,5,5,3,0,0,3.886601,0
1,2018,2,5,6,0,0,0,3.886601,0
1,2018,2,5,6,1,0,0,5.096601,0
1,2018,2,5,6,2,0,0,6.911601,0
1,2018,2,5,6,3,0,0,4.481936,0
1,2018,2,5,7,0,0,0,3.585991,0
1,2018,2,5,7,1,0,0,5.421302,0
1,2018,2,5,7,2,0,0,17.796056,0
1,2018,2,5,7,3,0,0,19.051396,0
1,2018,2,5,8,0,0,0,8.457402,0
1,2018,2,5,8,1,0,0,10.776261,0
1,2018,2,5,8,2,0,0,15.682932,0
1,2018,2,5,8,3,0,0,12.914659,0
1,2018,2,5,9,0,0,0,14.115855,0
1,2018,2,5,9,1,0,0,15.221183,0
1,2018,2,5,9,2,0,0,16.167532,0
1,2018,2,5,9,3,0,0,15.039128,0
1,2018,2,5,10,0,0,0,19.247623,0
1,2018,2,5,10,1,0,0,26.774578,0
1,2018,2,5,10,2,0,0,30.108018,0
1,2018,2,5,10,3,0,0,20.183176,0
1,2018,2,5,11,0,0,0,19.843094,0
1,2018,2,5,11,1,0,0,25.770052,0
1,2018,2,5,11,2,0,0,29.394012,0
1,2018,2,5,11,3,0,0,33.606124,0
1,2018,2,5,12,0,0,0,24.64253,0
1,2018,2,5,12,1,0,0,25.655473,0
1,2018,2,5,12,2,0,0,29.923135,0
1,2018,2,5,12,3,0,0,25.4153,0
1,2018,2,5,13,0,0,0,23.089061,0
1,2018,2,5,13,1,0,0,25.751081,0
1,2018,2,5,13,2,0,0,29.668942,0
1,2018,2,5,13,3,0,0,27.476592,0
1,2018,2,5,14,0,0,0,27.44446,0
1,2018,2,5,14,1,0,0,29.932039,0
1,2018,2,5,14,2,0,0,25.542572,0
1,2018,2,5,14,3,0,0,25.316431,0
1,2018,2,5,15,0,0,0,30.839935,0
1,2018,2,5,15,1,0,0,30.560827,0
1,2018,2,5,15,2,0,0,35.093769,0
1,2018,2,5,15,3,0,0,20.860945,0
1,2018,2,5,16,0,0,0,20.991871,0
1,2018,2,5,16,1,0,0,25.759117,0
1,2018,2,5,16,2,0,0,19.412816,0
1,2018,2,5,16,3,0,0,11.466148,0
1,2018,2,5,17,0,0,0,21.269221,0
1,2018,2,5,17,1,0,0,19.312601,0
1,2018,2,5,17,2,0,0,14.890347,0
1,2018,2,5,17,3,0,0,14.667503,0
1,2018,2,5,18,0,0,0,17.910416,0
1,2018,2,5,18,1,0,0,20.569932,0
1,2018,2,5,18,2,0,0,22.615146,0
1,2018,2,5,18,3,0,0,16.983248,0
1,2018,2,5,19,0,0,0,17.668668,0
1,2018,2,5,19,1,0,0,14.718589,0
1,2018,2,5,19,2,0,0,12.060256,0
1,2018,2,5,19,3,0,0,23.607154,0
1,2018,2,5,20,0,0,0,14.479284,0
1,2018,2,5,20,1,0,0,7.930997,0
1,2018,2,5,20,2,0,0,8.386118,0
1,2018,2,5,20,3,0,0,16.973905,0
1,2018,2,5,21,0,0,0,20.840536,0
1,2018,2,5,21,1,0,0,13.80227,0
1,2018,2,5,21,2,0,0,12.488684,0
1,2018,2,5,21,3,0,0,14.561064,0
1,2018,2,5,22,0,0,0,16.18727,0
1,2018,2,5,22,1,0,0,19.480667,0
1,2018,2,5,22,2,0,0,15.987623,0
1,2018,2,5,22,3,0,0,13.384912,0
1,2018,2,5,23,0,0,0,13.267833,0
1,2018,2,5,23,1,0,0,16.376966,0
1,2018,2,5,23,2,0,0,16.962085,0
1,2018,2,5,23,3,0,0,10.613047,0
1,2018,2,6,0,0,0,0,10.376142,0
1,2018,2,6,0,1,0,0,13.69252,0
1,2018,2,6,0,2,0,0,9.810813,0
1,2018,2,6,0,3,0,0,7.534024,0
1,2018,2,6,1,0,0,0,15.731265,0
1,2018,2,6,1,1,0,0,12.998852,0
1,2018,2,6,1,2,0,0,5.484714,0
1,2018,2,6,1,3,0,0,5.484714,0
1,2018,2,6,2,0,0,0,5.484714,0
1,2018,2,6,2,1,0,0,5.484714,0
1,2018,2,6,2,2,0,0,5.484714,0
1,2018,2,6,2,3,0,0,5.484714,0
1,2018,2,6,3,0,0,0,5.484714,0
1,2018,2,6,3,1,0,0,5.484714,0
1,2018,2,6,3,2,0,0,5.484714,0
1,2018,2,6,3,3,0,0,5.484714,0
1,2018,2,6,4,0,0,0,5.484714,0
1,2018,2,6,4,1,0,0,5.484714,0
1,2018,2,6,4,2,0,0,5.484714,0
1,2018,2,6,4,3,0,0,5.484714,0
1,2018,2,6,5,0,0,0,5.484714,0
1,2018,2,6,5,1,0,0,5.484714,0
1,2018,2,6,5,2,0,0,5.484714,0
1,2018,2,6,5,3,0,0,5.484714,0
1,2018,2,6,6,0,0,0,5.484714,0
1,2018,2,6,6,1,0,0,5.206633,0
1,2018,2,6,6,2,0,0,8.094518,0
1,2018,2,6,6,3,0,0,11.277409,0
1,2018,2,6,7,0,0,0,10.070984,0
1,2018,2,6,7,1,0,0,10.292352,0
1,2018,2,6,7,2,0,0,9.205112,0
1,2018,2,6,7,3,0,0,10.998039,0
1,2018,2,6,8,0,0,0,9.303419,0
1,2018,2,6,8,1,0,0,12.819875,0
1,2018,2,6,8,2,0,0,12.484737,0
1,2018,2,6,8,3,0,0,12.615074,0
1,2018,2,6,9,0,0,0,10.360639,0
1,2018,2,6,9,1,0,0,11.09542,0
1,2018,2,6,9,2,0,0,25.70812,0
1,2018,2,6,9,3,0,0,21.346377,0
1,2018,2,6,10,0,0,0,23.814618,0
1,2018,2,6,10,1,0,0,13.677985,0
1,2018,2,6,10,2,0,0,10.605212,0
1,2018,2,6,10,3,0,0,14.16951,0
1,2018,2,6,11,0,0,0,15.995708,0
1,2018,2,6,11,1,0,0,17.740547,0
1,2018,2,6,11,2,0,0,21.439424,0
1,2018,2,6,11,3,0,0,23.01882,0
1,2018,2,6,12,0,0,0,13.550723,0
1,2018,2,6,12,1,0,0,11.614507,0
1,2018,2,6,12,2,0,0,18.711746,0
1,2018,2,6,12,3,0,0,16.650196,0
1,2018,2,6,13,0,0,0,26.715396,0
1,2018,2,6,13,1,0,0,22.365388,0
1,2018,2,6,13,2,0,0,23.852765,0
1,2018,2,6,13,3,0,0,25.646419,0
1,2018,2,6,14,0,0,0,21.357336,0
1,2018,2,6,14,1,0,0,18.084774,0
1,2018,2,6,14,2,0,0,31.710394,0
1,2018,2,6,14,3,0,0,31.661769,0
1,2018,2,6,15,0,0,0,18.499933,0
1,2018,2,6,15,1,0,0,24.849226,0
1,2018,2,6,15,2,0,0,17.709027,0
1,2018,2,6,15,3,0,0,15.626776,0
1,2018,2,6,16,0,0,0,15.497221,0
1,2018,2,6,16,1,0,0,20.282861,0
1,2018,2,6,16,2,0,0,22.650515,0
1,2018,2,6,16,3,0,0,21.586776,0
1,2018,2,6,17,0,0,0,24.535618,0
1,2018,2,6,17,1,0,0,19.679169,0
1,2018,2,6,17,2,0,0,20.360456,0
1,2018,2,6,17,3,0,0,11.979309,0
1,2018,2,6,18,0,0,0,11.136545,0
1,2018,2,6,18,1,0,0,16.216545,0
1,2018,2,6,18,2,0,0,19.761601,0
1,2018,2,6,18,3,0,0,10.226087,0
1,2018,2,6,19,0,0,0,9.921186,0
1,2018,2,6,19,1,0,0,9.61373,0
1,2018,2,6,19,2,0,0,17.413727,0
1,2018,2,6,19,3,0,0,15.545087,0
1,2018,2,6,20,0,0,0,13.200901,0
1,2018,2,6,20,1,0,0,10.971297,0
1,2018,2,6,20,2,0,0,8.231297,0
1,2018,2,6,20,3,0,0,7.229297,0
1,2018,2,6,21,0,0,0,17.967891,0
1,2018,2,6,21,1,0,0,25.223429,0
1,2018,2,6,21,2,0,0,24.54867,0
1,2018,2,6,21,3,0,0,20.29684,0
1,2018,2,6,22,0,0,0,25.319506,0
1,2018,2,6,22,1,0,0,18.660544,0
1,2018,2,6,22,2,0,0,12.681608,0
1,2018,2,6,22,3,0,0,13.227791,0
1,2018,2,6,23,0,0,0,13.49474,0
1,2018,2,6,23,1,0,0,11.532703,0
1,2018,2,6,23,2,0,0,10.420527,0
1,2018,2,6,23,3,0,0,6.219345,0
1,2018,2,7,0,0,0,0,6.215437,0
1,2018,2,7,0,1,0,0,6.215437,0
1,2018,2,7,0,2,0,0,6.215437,0
1,2018,2,7,0,3,0,0,6.215437,0
1,2018,2,7,1,0,0,0,12.254383,0
1,2018,2,7,1,1,0,0,13.167526,0
1,2018,2,7,1,2,0,0,5.512169,0
1,2018,2,7,1,3,0,0,12.092169,0
1,2018,2,7,2,0,0,0,12.562169,0
1,2018,2,7,2,1,0,0,9.742169,0
1,2018,2,7,2,2,0,0,5.512169,0
1,2018,2,7,2,3,0,0,5.512169,0
1,2018,2,7,3,0,0,0,5.512169,0
1,2018,2,7,3,1,0,0,5.512169,0
1,2018,2,7,3,2,0,0,5.512169,0
1,2018,2,7,3,3,0,0,6.8614,0
1,2018,2,7,4,0,0,0,8.885246,0
1,2018,2,7,4,1,0,0,8.885246,0
1,2018,2,7,4,2,0,0,6.186784,0
1,2018,2,7,4,3,0,0,5.991809,0
1,2018,2,7,5,0,0,0,7.910369,0
1,2018,2,7,5,1,0,0,7.288284,0
1,2018,2,7,5,2,0,0,6.91993,0
1,2018,2,7,5,3,0,0,6.91993,0
1,2018,2,7,6,0,0,0,6.91993,0
1,2018,2,7,6,1,0,0,6.91993,0
1,2018,2,7,6,2,0,0,6.162445,0
1,2018,2,7,6,3,0,0,6.493645,0
1,2018,2,7,7,0,0,0,10.992516,0
1,2018,2,7,7,1,0,0,12.852194,0
1,2018,2,7,7,2,0,0,9.801738,0
1,2018,2,7,7,3,0,0,6.328576,0
1,2018,2,7,8,0,0,0,8.256886,0
1,2018,2,7,8,1,0,0,14.526722,0
1,2018,2,7,8,2,0,0,19.747893,0
1,2018,2,7,8,3,0,0,12.489661,0
1,2018,2,7,9,0,0,0,15.837352,0
1,2018,2,7,9,1,0,0,21.776797,0
1,2018,2,7,9,2,0,0,18.229801,0
1,2018,2,7,9,3,0,0,17.093851,0
1,2018,2,7,10,0,0,0,28.828465,0
1,2018,2,7,10,1,0,0,19.471724,0
1,2018,2,7,10,2,0,0,25.981538,0
1,2018,2,7,10,3,0,0,23.95099,0
1,2018,2,7,11,0,0,0,22.885756,0
1,2018,2,7,11,1,0,0,23.722612,0
1,2018,2,7,11,2,0,0,27.75432,0
1,2018,2,7,11,3,0,0,34.827844,0
1,2018,2,7,12,0,0,0,26.76073,0
1,2018,2,7,12,1,0,0,19.923164,0
1,2018,2,7,12,2,0,0,22.714798,0
1,2018,2,7,12,3,0,0,21.858674,0
1,2018,2,7,13,0,0,0,21.197315,0
1,2018,2,7,13,1,0,0,23.179573,0
1,2018,2,7,13,2,0,0,23.455436,0
1,2018,2,7,13,3,0,0,22.336329,0
1,2018,2,7,14,0,0,0,19.459341,0
1,2018,2,7,14,1,0,0,17.847285,0
1,2018,2,7,14,2,0,0,22.560218,0
1,2018,2,7,14,3,0,0,28.605429,0
1,2018,2,7,15,0,0,0,27.475008,0
1,2018,2,7,15,1,0,0,21.963011,0
1,2018,2,7,15,2,0,0,18.700394,0
1,2018,2,7,15,3,0,0,25.640251,0
1,2018,2,7,16,0,0,0,24.791891,0
1,2018,2,7,16,1,0,0,17.170062,0
1,2018,2,7,16,2,0,0,23.996955,0
1,2018,2,7,16,3,0,0,24.455801,0
1,2018,2,7,17,0,0,0,24.723741,0
1,2018,2,7,17,1,0,0,26.580637,0
1,2018,2,7,17,2,0,0,20.07498,0
1,2018,2,7,17,3,0,0,11.349378,0
1,2018,2,7,18,0,0,0,14.825141,0
1,2018,2,7,18,1,0,0,16.545615,0
1,2018,2,7,18,2,0,0,17.043031,0
1,2018,2,7,18,3,0,0,11.944295,0
1,2018,2,7,19,0,0,0,11.552335,0
1,2018,2,7,19,1,0,0,12.709123,0
1,2018,2,7,19,2,0,0,12.709123,0
1,2018,2,7,19,3,0,0,12.039014,0
1,2018,2,7,20,0,0,0,18.582826,0
1,2018,2,7,20,1,0,0,14.850468,0
1,2018,2,7,20,2,0,0,14.992181,0
1,2018,2,7,20,3,0,0,18.997824,0
1,2018,2,7,21,0,0,0,22.0799,0
1,2018,2,7,21,1,0,0,15.312545,0
1,2018,2,7,21,2,0,0,7.80547,0
1,2018,2,7,21,3,0,0,16.983619,0
1,2018,2,7,22,0,0,0,9.827044,0
1,2018,2,7,22,1,0,0,8.597044,0
1,2018,2,7,22,2,0,0,11.084544,0
1,2018,2,7,22,3,0,0,11.704525,0
1,2018,2,7,23,0,0,0,11.745606,0
1,2018,2,7,23,1,0,0,20.885188,0
1,2018,2,7,23,2,0,0,16.819935,0
1,2018,2,7,23,3,0,0,15.070625,0
1,2018,2,8,0,0,0,0,12.268291,0
1,2018,2,8,0,1,0,0,14.17718,0
1,2018,2,8,0,2,0,0,19.497458,0
1,2018,2,8,0,3,0,0,16.454709,0
1,2018,2,8,1,0,0,0,15.612151,0
1,2018,2,8,1,1,0,0,15.612151,0
1,2018,2,8,1,2,0,0,9.646098,0
1,2018,2,8,1,3,0,0,7.476625,0
1,2018,2,8,2,0,0,0,7.476625,0
1,2018,2,8,2,1,0,0,7.476625,0
1,2018,2,8,2,2,0,0,7.476625,0
1,2018,2,8,2,3,0,0,13.518163,0
1,2018,2,8,3,0,0,0,15.715086,0
1,2018,2,8,3,1,0,0,7.476625,0
1,2018,2,8,3,2,0,0,7.476625,0
1,2018,2,8,3,3,0,0,7.476625,0
1,2018,2,8,4,0,0,0,9.343971,0
1,2018,2,8,4,1,0,0,12.144992,0
1,2018,2,8,4,2,0,0,12.144992,0
1,2018,2,8,4,3,0,0,11.522543,0
1,2018,2,8,5,0,0,0,7.476625,0
1,2018,2,8,5,1,0,0,7.476625,0
1,2018,2,8,5,2,0,0,7.476625,0
1,2018,2,8,5,3,0,0,7.476625,0
1,2018,2,8,6,0,0,0,7.152258,0
1,2018,2,8,6,1,0,0,18.173263,0
1,2018,2,8,6,2,0,0,19.756915,0
1,2018,2,8,6,3,0,0,8.711623,0
1,2018,2,8,7,0,0,0,10.932425,0
1,2018,2,8,7,1,0,0,11.08216,0
1,2018,2,8,7,2,0,0,9.024391,0
1,2018,2,8,7,3,0,0,25.894768,0
1,2018,2,8,8,0,0,0,20.093796,0
1,2018,2,8,8,1,0,0,21.98033,0
1,2018,2,8,8,2,0,0,12.992284,0
1,2018,2,8,8,3,0,0,12.457437,0
1,2018,2,8,9,0,0,0,16.206245,0
1,2018,2,8,9,1,0,0,23.94508,0
1,2018,2,8,9,2,0,0,22.296622,0
1,2018,2,8,9,3,0,0,20.784165,0
1,2018,2,8,10,0,0,0,27.857352,0
1,2018,2,8,10,1,0,0,25.053908,0
1,2018,2,8,10,2,0,0,20.313968,0
1,2018,2,8,10,3,0,0,24.306884,0
1,2018,2,8,11,0,0,0,22.390848,0
1,2018,2,8,11,1,0,0,23.592579,0
1,2018,2,8,11,2,0,0,27.928461,0
1,2018,2,8,11,3,0,0,25.479846,0
1,2018,2,8,12,0,0,0,18.515592,0
1,2018,2,8,12,1,0,0,20.236617,0
1,2018,2,8,12,2,0,0,20.537894,0
1,2018,2,8,12,3,0,0,21.836161,0
1,2018,2,8,13,0,0,0,22.100217,0
1,2018,2,8,13,1,0,0,30.201494,0
1,2018,2,8,13,2,0,0,40.457989,0
1,2018,2,8,13,3,0,0,46.820608,0
1,2018,2,8,14,0,0,0,33.433318,0
1,2018,2,8,14,1,0,0,23.57906,0
1,2018,2,8,14,2,0,0,18.941357,0
1,2018,2,8,14,3,0,0,18.299114,0
1,2018,2,8,15,0,0,0,25.211973,0
1,2018,2,8,15,1,0,0,32.393887,0
1,2018,2,8,15,2,0,0,16.951254,0
1,2018,2,8,15,3,0,0,20.627358,0
1,2018,2,8,16,0,0,0,32.438979,0
1,2018,2,8,16,1,0,0,22.490372,0
1,2018,2,8,16,2,0,0,14.689658,0
1,2018,2,8,16,3,0,0,12.088722,0
1,2018,2,8,17,0,0,0,11.485205,0
1,2018,2,8,17,1,0,0,20.609128,0
1,2018,2,8,17,2,0,0,10.696392,0
1,2018,2,8,17,3,0,0,10.49147,0
1,2018,2,8,18,0,0,0,14.129867,0
1,2018,2,8,18,1,0,0,15.154641,0
1,2018,2,8,18,2,0,0,12.04884,0
1,2018,2,8,18,3,0,0,10.700943,0
1,2018,2,8,19,0,0,0,10.420953,0
1,2018,2,8,19,1,0,0,14.452953,0
1,2018,2,8,19,2,0,0,15.113497,0
1,2018,2,8,19,3,0,0,8.09844,0
1,2018,2,8,20,0,0,0,11.204775,0
1,2018,2,8,20,1,0,0,11.035131,0
1,2018,2,8,20,2,0,0,13.502726,0
1,2018,2,8,20,3,0,0,21.10744,0
1,2018,2,8,21,0,0,0,31.192726,0
1,2018,2,8,21,1,0,0,13.770087,0
1,2018,2,8,21,2,0,0,9.15719,0
1,2018,2,8,21,3,0,0,11.041477,0
1,2018,2,8,22,0,0,0,10.570765,0
1,2018,2,8,22,1,0,0,7.540397,0
1,2018,2,8,22,2,0,0,8.900957,0
1,2018,2,8,22,3,0,0,6.667606,0
1,2018,2,8,23,0,0,0,5.620421,0
1,2018,2,8,23,1,0,0,7.050633,0
1,2018,2,8,23,2,0,0,12.686799,0
1,2018,2,8,23,3,0,0,12.686799,0
1,2018,2,9,0,0,0,0,7.895371,0
1,2018,2,9,0,1,0,0,5.499657,0
1,2018,2,9,0,2,0,0,5.499657,0
1,2018,2,9,0,3,0,0,11.881715,0
1,2018,2,9,1,0,0,0,21.157009,0
1,2018,2,9,1,1,0,0,16.400245,0
1,2018,2,9,1,2,0,0,5.499657,0
1,2018,2,9,1,3,0,0,5.499657,0
1,2018,2,9,2,0,0,0,5.499657,0
1,2018,2,9,2,1,0,0,5.499657,0
1,2018,2,9,2,2,0,0,5.499657,0
1,2018,2,9,2,3,0,0,5.499657,0
1,2018,2,9,3,0,0,0,5.499657,0
1,2018,2,9,3,1,0,0,5.499657,0
1,2018,2,9,3,2,0,0,5.499657,0
1,2018,2,9,3,3,0,0,5.499657,0
1,2018,2,9,4,0,0,0,5.567122,0
1,2018,2,9,4,1,0,0,5.574576,0
1,2018,2,9,4,2,0,0,5.479154,0
1,2018,2,9,4,3,0,0,5.479154,0
1,2018,2,9,5,0,0,0,5.479154,0
1,2018,2,9,5,1,0,0,5.479154,0
1,2018,2,9,5,2,0,0,5.479154,0
1,2018,2,9,5,3,0,0,5.479154,0
1,2018,2,9,6,0,0,0,5.479154,0
1,2018,2,9,6,1,0,0,5.479154,0
1,2018,2,9,6,2,0,0,5.479154,0
1,2018,2,9,6,3,0,0,5.668006,0
1,2018,2,9,7,0,0,0,11.721484,0
1,2018,2,9,7,1,0,0,11.37312,0
1,2018,2,9,7,2,0,0,10.813454,0
1,2018,2,9,7,3,0,0,14.9998,0
1,2018,2,9,8,0,0,0,11.823153,0
1,2018,2,9,8,1,0,0,9.63405,0
1,2018,2,9,8,2,0,0,10.400571,0
1,2018,2,9,8,3,0,0,11.310203,0
1,2018,2,9,9,0,0,0,16.782143,0
1,2018,2,9,9,1,0,0,22.521206,0
1,2018,2,9,9,2,0,0,14.452567,0
1,2018,2,9,9,3,0,0,13.055835,0
1,2018,2,9,10,0,0,0,13.909324,0
1,2018,2,9,10,1,0,0,11.701835,0
1,2018,2,9,10,2,0,0,13.183216,0
1,2018,2,9,10,3,0,0,12.460089,0
1,2018,2,9,11,0,0,0,15.352421,0
1,2018,2,9,11,1,0,0,26.252063,0
1,2018,2,9,11,2,0,0,22.601442,0
1,2018,2,9,11,3,0,0,22.264856,0
1,2018,2,9,12,0,0,0,31.537708,0
1,2018,2,9,12,1,0,0,28.349016,0
1,2018,2,9,12,2,0,0,21.519563,0
1,2018,2,9,12,3,0,0,18.926028,0
1,2018,2,9,13,0,0,0,24.443145,0
1,2018,2,9,13,1,0,0,24.714881,0
1,2018,2,9,13,2,0,0,23.815915,0
1,2018,2,9,13,3,0,0,20.514432,0
1,2018,2,9,14,0,0,0,22.389728,0
1,2018,2,9,14,1,0,0,20.110318,0
1,2018,2,9,14,2,0,0,23.486864,0
1,2018,2,9,14,3,0,0,18.751865,0
1,2018,2,9,15,0,0,0,14.837466,0
1,2018,2,9,15,1,0,0,11.607881,0
1,2018,2,9,15,2,0,0,9.650858,0
1,2018,2,9,15,3,0,0,11.11363,0
1,2018,2,9,16,0,0,0,13.871222,0
1,2018,2,9,16,1,0,0,10.316485,0
1,2018,2,9,16,2,0,0,7.261328,0
1,2018,2,9,16,3,0,0,16.143112,0
1,2018,2,9,17,0,0,0,5.980991,0
1,2018,2,9,17,1,0,0,13.877247,0
1,2018,2,9,17,2,0,0,14.94732,0
1,2018,2,9,17,3,0,0,6.770293,0
1,2018,2,9,18,0,0,0,9.624865,0
1,2018,2,9,18,1,0,0,14.941273,0
1,2018,2,9,18,2,0,0,20.02041,0
1,2018,2,9,18,3,0,0,20.069621,0
1,2018,2,9,19,0,0,0,21.586674,0
1,2018,2,9,19,1,0,0,16.273438,0
1,2018,2,9,19,2,0,0,10.467812,0
1,2018,2,9,19,3,0,0,16.720401,0
1,2018,2,9,20,0,0,0,15.921619,0
1,2018,2,9,20,1,0,0,7.409418,0
1,2018,2,9,20,2,0,0,7.23829,0
1,2018,2,9,20,3,0,0,15.177719,0
1,2018,2,9,21,0,0,0,22.161837,0
1,2018,2,9,21,1,0,0,20.915754,0
1,2018,2,9,21,2,0,0,9.04983,0
1,2018,2,9,21,3,0,0,7.430827,0
1,2018,2,9,22,0,0,0,5.896376,0
1,2018,2,9,22,1,0,0,6.528084,0
1,2018,2,9,22,2,0,0,15.049543,0
1,2018,2,9,22,3,0,0,17.416626,0
1,2018,2,9,23,0,0,0,13.281418,0
1,2018,2,9,23,1,0,0,11.198456,0
1,2018,2,9,23,2,0,0,11.694493,0
1,2018,2,9,23,3,0,0,15.518586,0
1,2018,2,10,0,0,0,0,11.966586,0
1,2018,2,10,0,1,0,0,9.355258,0
1,2018,2,10,0,2,0,0,12.220032,0
1,2018,2,10,0,3,0,0,13.257816,0
1,2018,2,10,1,0,0,0,12.437101,0
1,2018,2,10,1,1,0,0,17.221238,0
1,2018,2,10,1,2,0,0,15.738818,0
1,2018,2,10,1,3,0,0,22.999466,0
1,2018,2,10,2,0,0,0,23.468016,0
1,2018,2,10,2,1,0,0,18.912016,0
1,2018,2,10,2,2,0,0,19.552837,0
1,2018,2,10,2,3,0,0,19.052461,0
1,2018,2,10,3,0,0,0,8.104112,0
1,2018,2,10,3,1,0,0,13.752689,0
1,2018,2,10,3,2,0,0,14.725592,0
1,2018,2,10,3,3,0,0,19.669423,0
1,2018,2,10,4,0,0,0,8.742632,0
1,2018,2,10,4,1,0,0,10.86952,0
1,2018,2,10,4,2,0,0,10.902761,0
1,2018,2,10,4,3,0,0,9.392761,0
1,2018,2,10,5,0,0,0,7.127761,0
1,2018,2,10,5,1,0,0,8.01853,0
1,2018,2,10,5,2,0,0,10.096992,0
1,2018,2,10,5,3,0,0,9.27867,0
1,2018,2,10,6,0,0,0,10.108852,0
1,2018,2,10,6,1,0,0,9.922176,0
1,2018,2,10,6,2,0,0,15.504711,0
1,2018,2,10,6,3,0,0,20.627793,0
1,2018,2,10,7,0,0,0,22.581728,0
1,2018,2,10,7,1,0,0,15.321448,0
1,2018,2,10,7,2,0,0,11.549749,0
1,2018,2,10,7,3,0,0,10.796222,0
1,2018,2,10,8,0,0,0,10.882425,0
1,2018,2,10,8,1,0,0,5.204884,0
1,2018,2,10,8,2,0,0,12.86308,0
1,2018,2,10,8,3,0,0,25.534211,0
1,2018,2,10,9,0,0,0,11.215527,0
1,2018,2,10,9,1,0,0,9.262997,0
1,2018,2,10,9,2,0,0,10.991524,0
1,2018,2,10,9,3,0,0,5.318692,0
1,2018,2,10,10,0,0,0,3.966218,0
1,2018,2,10,10,1,0,0,9.955557,0
1,2018,2,10,10,2,0,0,13.7153,0
1,2018,2,10,10,3,0,0,22.742783,0
1,2018,2,10,11,0,0,0,14.815971,0
1,2018,2,10,11,1,0,0,9.85055,0
1,2018,2,10,11,2,0,0,3.601361,0
1,2018,2,10,11,3,0,0,3.924548,0
1,2018,2,10,12,0,0,0,18.261686,0
1,2018,2,10,12,1,0,0,11.478737,0
1,2018,2,10,12,2,0,0,14.810214,0
1,2018,2,10,12,3,0,0,15.012384,0
1,2018,2,10,13,0,0,0,14.781187,0
1,2018,2,10,13,1,0,0,12.567283,0
1,2018,2,10,13,2,0,0,15.31994,0
1,2018,2,10,13,3,0,0,14.789512,0
1,2018,2,10,14,0,0,0,20.609653,0
1,2018,2,10,14,1,0,0,22.936592,0
1,2018,2,10,14,2,0,0,17.227207,0
1,2018,2,10,14,3,0,0,17.807741,0
1,2018,2,10,15,0,0,0,16.715454,0
1,2018,2,10,15,1,0,0,14.974762,0
1,2018,2,10,15,2,0,0,12.213001,0
1,2018,2,10,15,3,0,0,8.012344,0
1,2018,2,10,16,0,0,0,7.848322,0
1,2018,2,10,16,1,0,0,10.833588,0
1,2018,2,10,16,2,0,0,15.057841,0
1,2018,2,10,16,3,0,0,16.329507,0
1,2018,2,10,17,0,0,0,20.934529,0
1,2018,2,10,17,1,0,0,26.24912,0
1,2018,2,10,17,2,0,0,14.945317,0
1,2018,2,10,17,3,0,0,12.368254,0
1,2018,2,10,18,0,0,0,17.192426,0
1,2018,2,10,18,1,0,0,15.644564,0
1,2018,2,10,18,2,0,0,21.147813,0
1,2018,2,10,18,3,0,0,19.249896,0
1,2018,2,10,19,0,0,0,16.794499,0
1,2018,2,10,19,1,0,0,25.138191,0
1,2018,2,10,19,2,0,0,20.057727,0
1,2018,2,10,19,3,0,0,19.729309,0
1,2018,2,10,20,0,0,0,22.609912,0
1,2018,2,10,20,1,0,0,26.314068,0
1,2018,2,10,20,2,0,0,27.038163,0
1,2018,2,10,20,3,0,0,15.547282,0
1,2018,2,10,21,0,0,0,11.909607,0
1,2018,2,10,21,1,0,0,13.986194,0
1,2018,2,10,21,2,0,0,11.463524,0
1,2018,2,10,21,3,0,0,19.24798,0
1,2018,2,10,22,0,0,0,27.00083,0
1,2018,2,10,22,1,0,0,24.569465,0
1,2018,2,10,22,2,0,0,14.600186,0
1,2018,2,10,22,3,0,0,10.939961,0
1,2018,2,10,23,0,0,0,15.536597,0
1,2018,2,10,23,1,0,0,23.141625,0
1,2018,2,10,23,2,0,0,18.544731,0
1,2018,2,10,23,3,0,0,15.839153,0
1,2018,2,11,0,0,0,0,8.731498,0
1,2018,2,11,0,1,0,0,10.507203,0
1,2018,2,11,0,2,0,0,11.578556,0
1,2018,2,11,0,3,0,0,8.282706,0
1,2018,2,11,1,0,0,0,24.547454,0
1,2018,2,11,1,1,0,0,29.852858,0
1,2018,2,11,1,2,0,0,13.510516,0
1,2018,2,11,1,3,0,0,12.102384,0
1,2018,2,11,2,0,0,0,24.118355,0
1,2018,2,11,2,1,0,0,26.81115,0
1,2018,2,11,2,2,0,0,29.711435,0
1,2018,2,11,2,3,0,0,27.437586,0
1,2018,2,11,3,0,0,0,14.329383,0
1,2018,2,11,3,1,0,0,16.313915,0
1,2018,2,11,3,2,0,0,11.512582,0
1,2018,2,11,3,3,0,0,12.111411,0
1,2018,2,11,4,0,0,0,17.640631,0
1,2018,2,11,4,1,0,0,10.980631,0
1,2018,2,11,4,2,0,0,9.468408,0
1,2018,2,11,4,3,0,0,11.636819,0
1,2018,2,11,5,0,0,0,11.636819,0
1,2018,2,11,5,1,0,0,11.609374,0
1,2018,2,11,5,2,0,0,4.522871,0
1,2018,2,11,5,3,0,0,12.125143,0
1,2018,2,11,6,0,0,0,8.070598,0
1,2018,2,11,6,1,0,0,4.204289,0
1,2018,2,11,6,2,0,0,4.088441,0
1,2018,2,11,6,3,0,0,4.088441,0
1,2018,2,11,7,0,0,0,4.116537,0
1,2018,2,11,7,1,0,0,15.655956,0
1,2018,2,11,7,2,0,0,15.966444,0
1,2018,2,11,7,3,0,0,10.868504,0
1,2018,2,11,8,0,0,0,6.860216,0
1,2018,2,11,8,1,0,0,12.39682,0
1,2018,2,11,8,2,0,0,12.004792,0
1,2018,2,11,8,3,0,0,12.754792,0
1,2018,2,11,9,0,0,0,9.490597,0
1,2018,2,11,9,1,0,0,9.762008,0
1,2018,2,11,9,2,0,0,3.394006,0
1,2018,2,11,9,3,0,0,3.3814,0
1,2018,2,11,10,0,0,0,7.77582,0
1,2018,2,11,10,1,0,0,17.687662,0
1,2018,2,11,10,2,0,0,25.500086,0
1,2018,2,11,10,3,0,0,21.44852,0
1,2018,2,11,11,0,0,0,14.268074,0
1,2018,2,11,11,1,0,0,18.993219,0
1,2018,2,11,11,2,0,0,14.493113,0
1,2018,2,11,11,3,0,0,15.252209,0
1,2018,2,11,12,0,0,0,10.221201,0
1,2018,2,11,12,1,0,0,8.992098,0
1,2018,2,11,12,2,0,0,13.196888,0
1,2018,2,11,12,3,0,0,21.529003,0
1,2018,2,11,13,0,0,0,26.594984,0
1,2018,2,11,13,1,0,0,23.643681,0
1,2018,2,11,13,2,0,0,15.677556,0
1,2018,2,11,13,3,0,0,14.566253,0
1,2018,2,11,14,0,0,0,20.950165,0
1,2018,2,11,14,1,0,0,16.082073,0
1,2018,2,11,14,2,0,0,17.57029,0
1,2018,2,11,14,3,0,0,19.513915,0
1,2018,2,11,15,0,0,0,17.979672,0
1,2018,2,11,15,1,0,0,14.602713,0
1,2018,2,11,15,2,0,0,9.444341,0
1,2018,2,11,15,3,0,0,23.237743,0
1,2018,2,11,16,0,0,0,24.990186,0
1,2018,2,11,16,1,0,0,12.674675,0
1,2018,2,11,16,2,0,0,11.88869,0
1,2018,2,11,16,3,0,0,21.246741,0
1,2018,2,11,17,0,0,0,12.728359,0
1,2018,2,11,17,1,0,0,16.635052,0
1,2018,2,11,17,2,0,0,19.708526,0
1,2018,2,11,17,3,0,0,14.835077,0
1,2018,2,11,18,0,0,0,12.405597,0
1,2018,2,11,18,1,0,0,17.330389,0
1,2018,2,11,18,2,0,0,16.852825,0
1,2018,2,11,18,3,0,0,17.075065,0
1,2018,2,11,19,0,0,0,16.493399,0
1,2018,2,11,19,1,0,0,6.161018,0
1,2018,2,11,19,2,0,0,7.461018,0
1,2018,2,11,19,3,0,0,15.443962,0
1,2018,2,11,20,0,0,0,8.682366,0
1,2018,2,11,20,1,0,0,20.667141,0
1,2018,2,11,20,2,0,0,15.992941,0
1,2018,2,11,20,3,0,0,9.159557,0
1,2018,2,11,21,0,0,0,10.01619,0
1,2018,2,11,21,1,0,0,8.432825,0
1,2018,2,11,21,2,0,0,11.182,0
1,2018,2,11,21,3,0,0,14.232092,0
1,2018,2,11,22,0,0,0,16.353925,0
1,2018,2,11,22,1,0,0,10.428092,0
1,2018,2,11,22,2,0,0,19.349228,0
1,2018,2,11,22,3,0,0,20.154683,0
1,2018,2,11,23,0,0,0,16.844147,0
1,2018,2,11,23,1,0,0,11.386334,0
1,2018,2,11,23,2,0,0,10.569458,0
1,2018,2,11,23,3,0,0,12.8518,0
1,2018,2,12,0,0,0,0,15.110404,0
1,2018,2,12,0,1,0,0,12.581833,0
1,2018,2,12,0,2,0,0,10.394145,0
1,2018,2,12,0,3,0,0,21.885625,0
1,2018,2,12,1,0,0,0,22.055605,0
1,2018,2,12,1,1,0,0,14.501097,0
1,2018,2,12,1,2,0,0,3.35195,0
1,2018,2,12,1,3,0,0,6.829222,0
1,2018,2,12,2,0,0,0,12.045132,0
1,2018,2,12,2,1,0,0,12.045132,0
1,2018,2,12,2,2,0,0,7.988313,0
1,2018,2,12,2,3,0,0,3.35195,0
1,2018,2,12,3,0,0,0,3.35195,0
1,2018,2,12,3,1,0,0,3.35195,0
1,2018,2,12,3,2,0,0,3.35195,0
1,2018,2,12,3,3,0,0,3.35195,0
1,2018,2,12,4,0,0,0,3.35195,0
1,2018,2,12,4,1,0,0,3.35195,0
1,2018,2,12,4,2,0,0,3.35195,0
1,2018,2,12,4,3,0,0,3.35195,0
1,2018,2,12,5,0,0,0,3.35195,0
1,2018,2,12,5,1,0,0,3.35195,0
1,2018,2,12,5,2,0,0,4.567887,0
1,2018,2,12,5,3,0,0,10.503066,0
1,2018,2,12,6,0,0,0,9.454896,0
1,2018,2,12,6,1,0,0,3.887334,0
1,2018,2,12,6,2,0,0,5.359642,0
1,2018,2,12,6,3,0,0,5.252835,0
1,2018,2,12,7,0,0,0,4.759545,0
1,2018,2,12,7,1,0,0,8.60157,0
1,2018,2,12,7,2,0,0,8.055779,0
1,2018,2,12,7,3,0,0,7.484973,0
1,2018,2,12,8,0,0,0,3.688348,0
1,2018,2,12,8,1,0,0,9.964408,0
1,2018,2,12,8,2,0,0,12.632156,0
1,2018,2,12,8,3,0,0,14.218511,0
1,2018,2,12,9,0,0,0,17.37952,0
1,2018,2,12,9,1,0,0,22.423624,0
1,2018,2,12,9,2,0,0,27.922772,0
1,2018,2,12,9,3,0,0,32.98043,0
1,2018,2,12,10,0,0,0,22.877336,0
1,2018,2,12,10,1,0,0,32.592988,0
1,2018,2,12,10,2,0,0,35.364023,0
1,2018,2,12,10,3,0,0,38.619945,0
1,2018,2,12,11,0,0,0,39.671828,0
1,2018,2,12,11,1,0,0,27.249453,0
1,2018,2,12,11,2,0,0,28.482875,0
1,2018,2,12,11,3,0,0,25.618831,0
1,2018,2,12,12,0,0,0,14.736341,0
1,2018,2,12,12,1,0,0,20.452394,0
1,2018,2,12,12,2,0,0,25.004776,0
1,2018,2,12,12,3,0,0,22.578934,0
1,2018,2,12,13,0,0,0,26.524043,0
1,2018,2,12,13,1,0,0,32.727358,0
1,2018,2,12,13,2,0,0,24.717158,0
1,2018,2,12,13,3,0,0,23.473067,0
1,2018,2,12,14,0,0,0,24.573861,0
1,2018,2,12,14,1,0,0,16.941282,0
1,2018,2,12,14,2,0,0,17.926229,0
1,2018,2,12,14,3,0,0,22.780344,0
1,2018,2,12,15,0,0,0,31.260125,0
1,2018,2,12,15,1,0,0,28.807034,0
1,2018,2,12,15,2,0,0,30.685189,0
1,2018,2,12,15,3,0,0,18.57918,0
1,2018,2,12,16,0,0,0,21.516446,0
1,2018,2,12,16,1,0,0,17.5324,0
1,2018,2,12,16,2,0,0,14.648559,0
1,2018,2,12,16,3,0,0,16.525915,0
1,2018,2,12,17,0,0,0,18.1488,0
1,2018,2,12,17,1,0,0,8.101127,0
1,2018,2,12,17,2,0,0,10.345179,0
1,2018,2,12,17,3,0,0,16.715148,0
1,2018,2,12,18,0,0,0,13.042652,0
1,2018,2,12,18,1,0,0,19.549465,0
1,2018,2,12,18,2,0,0,18.226134,0
1,2018,2,12,18,3,0,0,15.312358,0
1,2018,2,12,19,0,0,0,14.348358,0
1,2018,2,12,19,1,0,0,10.610358,0
1,2018,2,12,19,2,0,0,15.25633,0
1,2018,2,12,19,3,0,0,24.813787,0
1,2018,2,12,20,0,0,0,17.174047,0
1,2018,2,12,20,1,0,0,15.723421,0
1,2018,2,12,20,2,0,0,26.454616,0
1,2018,2,12,20,3,0,0,29.349845,0
1,2018,2,12,21,0,0,0,16.929666,0
1,2018,2,12,21,1,0,0,19.461533,0
1,2018,2,12,21,2,0,0,16.646905,0
1,2018,2,12,21,3,0,0,13.021474,0
1,2018,2,12,22,0,0,0,19.120544,0
1,2018,2,12,22,1,0,0,16.183702,0
1,2018,2,12,22,2,0,0,8.607281,0
1,2018,2,12,22,3,0,0,14.640071,0
1,2018,2,12,23,0,0,0,21.444255,0
1,2018,2,12,23,1,0,0,19.092414,0
1,2018,2,12,23,2,0,0,12.936048,0
1,2018,2,12,23,3,0,0,6.824833,0
1,2018,2,13,0,0,0,0,9.899366,0
1,2018,2,13,0,1,0,0,12.776128,0
1,2018,2,13,0,2,0,0,12.776128,0
1,2018,2,13,0,3,0,0,8.619384,0
1,2018,2,13,1,0,0,0,5.848221,0
1,2018,2,13,1,1,0,0,5.848221,0
1,2018,2,13,1,2,0,0,5.848221,0
1,2018,2,13,1,3,0,0,5.848221,0
1,2018,2,13,2,0,0,0,6.334027,0
1,2018,2,13,2,1,0,0,10.864312,0
1,2018,2,13,2,2,0,0,14.421029,0
1,2018,2,13,2,3,0,0,11.453515,0
1,2018,2,13,3,0,0,0,5.848221,0
1,2018,2,13,3,1,0,0,5.848221,0
1,2018,2,13,3,2,0,0,5.848221,0
1,2018,2,13,3,3,0,0,5.848221,0
1,2018,2,13,4,0,0,0,6.746221,0
1,2018,2,13,4,1,0,0,10.338221,0
1,2018,2,13,4,2,0,0,15.837015,0
1,2018,2,13,4,3,0,0,16.272698,0
1,2018,2,13,5,0,0,0,16.272698,0
1,2018,2,13,5,1,0,0,7.372472,0
1,2018,2,13,5,2,0,0,5.848221,0
1,2018,2,13,5,3,0,0,5.848221,0
1,2018,2,13,6,0,0,0,5.848221,0
1,2018,2,13,6,1,0,0,5.798585,0
1,2018,2,13,6,2,0,0,7.155117,0
1,2018,2,13,6,3,0,0,9.583194,0
1,2018,2,13,7,0,0,0,12.625275,0
1,2018,2,13,7,1,0,0,11.428454,0
1,2018,2,13,7,2,0,0,4.96368,0
1,2018,2,13,7,3,0,0,5.929012,0
1,2018,2,13,8,0,0,0,7.764954,0
1,2018,2,13,8,1,0,0,8.58432,0
1,2018,2,13,8,2,0,0,10.938983,0
1,2018,2,13,8,3,0,0,14.012775,0
1,2018,2,13,9,0,0,0,14.044203,0
1,2018,2,13,9,1,0,0,18.809309,0
1,2018,2,13,9,2,0,0,20.849377,0
1,2018,2,13,9,3,0,0,13.415096,0
1,2018,2,13,10,0,0,0,15.054466,0
1,2018,2,13,10,1,0,0,18.309669,0
1,2018,2,13,10,2,0,0,13.649949,0
1,2018,2,13,10,3,0,0,16.073053,0
1,2018,2,13,11,0,0,0,18.448229,0
1,2018,2,13,11,1,0,0,18.943625,0
1,2018,2,13,11,2,0,0,25.60055,0
1,2018,2,13,11,3,0,0,34.004308,0
1,2018,2,13,12,0,0,0,31.359424,0
1,2018,2,13,12,1,0,0,25.417352,0
1,2018,2,13,12,2,0,0,26.939888,0
1,2018,2,13,12,3,0,0,23.198533,0
1,2018,2,13,13,0,0,0,25.428052,0
1,2018,2,13,13,1,0,0,25.959358,0
1,2018,2,13,13,2,0,0,23.593966,0
1,2018,2,13,13,3,0,0,20.766671,0
1,2018,2,13,14,0,0,0,18.27924,0
1,2018,2,13,14,1,0,0,12.951253,0
1,2018,2,13,14,2,0,0,-2.484819,0
1,2018,2,13,14,3,0,0,-2.432793,0
1,2018,2,13,15,0,0,0,15.795933,0
1,2018,2,13,15,1,0,0,27.113688,0
1,2018,2,13,15,2,0,0,21.755388,0
1,2018,2,13,15,3,0,0,15.003558,0
1,2018,2,13,16,0,0,0,11.658832,0
1,2018,2,13,16,1,0,0,14.582719,0
1,2018,2,13,16,2,0,0,25.900341,0
1,2018,2,13,16,3,0,0,15.169778,0
1,2018,2,13,17,0,0,0,13.742372,0
1,2018,2,13,17,1,0,0,15.08703,0
1,2018,2,13,17,2,0,0,13.293983,0
1,2018,2,13,17,3,0,0,11.474616,0
1,2018,2,13,18,0,0,0,13.597976,0
1,2018,2,13,18,1,0,0,15.909254,0
1,2018,2,13,18,2,0,0,10.543302,0
1,2018,2,13,18,3,0,0,7.688709,0
1,2018,2,13,19,0,0,0,7.481767,0
1,2018,2,13,19,1,0,0,9.194245,0
1,2018,2,13,19,2,0,0,9.059148,0
1,2018,2,13,19,3,0,0,9.488482,0
1,2018,2,13,20,0,0,0,12.5207,0
1,2018,2,13,20,1,0,0,14.22719,0
1,2018,2,13,20,2,0,0,17.851361,0
1,2018,2,13,20,3,0,0,17.025372,0
1,2018,2,13,21,0,0,0,13.411038,0
1,2018,2,13,21,1,0,0,14.451494,0
1,2018,2,13,21,2,0,0,18.706423,0
1,2018,2,13,21,3,0,0,20.296852,0
1,2018,2,13,22,0,0,0,15.399951,0
1,2018,2,13,22,1,0,0,8.595229,0
1,2018,2,13,22,2,0,0,10.870121,0
1,2018,2,13,22,3,0,0,10.870121,0
1,2018,2,13,23,0,0,0,7.266877,0
1,2018,2,13,23,1,0,0,10.762761,0
1,2018,2,13,23,2,0,0,12.662895,0
1,2018,2,13,23,3,0,0,9.560952,0
1,2018,2,14,0,0,0,0,11.863893,0
1,2018,2,14,0,1,0,0,6.797422,0
1,2018,2,14,0,2,0,0,6.797422,0
1,2018,2,14,0,3,0,0,7.639422,0
1,2018,2,14,1,0,0,0,13.45857,0
1,2018,2,14,1,1,0,0,14.071357,0
1,2018,2,14,1,2,0,0,13.229357,0
1,2018,2,14,1,3,0,0,9.861357,0
1,2018,2,14,2,0,0,0,7.614471,0
1,2018,2,14,2,1,0,0,8.247422,0
1,2018,2,14,2,2,0,0,9.697422,0
1,2018,2,14,2,3,0,0,8.905422,0
1,2018,2,14,3,0,0,0,12.067422,0
1,2018,2,14,3,1,0,0,9.959422,0
1,2018,2,14,3,2,0,0,6.797422,0
1,2018,2,14,3,3,0,0,14.73582,0
1,2018,2,14,4,0,0,0,9.268585,0
1,2018,2,14,4,1,0,0,6.281918,0
1,2018,2,14,4,2,0,0,6.281918,0
1,2018,2,14,4,3,0,0,6.281918,0
1,2018,2,14,5,0,0,0,6.685918,0
1,2018,2,14,5,1,0,0,7.493918,0
1,2018,2,14,5,2,0,0,9.39703,0
1,2018,2,14,5,3,0,0,10.180169,0
1,2018,2,14,6,0,0,0,8.677188,0
1,2018,2,14,6,1,0,0,13.970916,0
1,2018,2,14,6,2,0,0,13.551253,0
1,2018,2,14,6,3,0,0,16.656304,0
1,2018,2,14,7,0,0,0,19.428213,0
1,2018,2,14,7,1,0,0,15.375335,0
1,2018,2,14,7,2,0,0,7.716568,0
1,2018,2,14,7,3,0,0,7.59276,0
1,2018,2,14,8,0,0,0,9.407112,0
1,2018,2,14,8,1,0,0,11.341923,0
1,2018,2,14,8,2,0,0,13.98016,0
1,2018,2,14,8,3,0,0,12.495142,0
1,2018,2,14,9,0,0,0,14.465582,0
1,2018,2,14,9,1,0,0,20.764338,0
1,2018,2,14,9,2,0,0,24.69278,0
1,2018,2,14,9,3,0,0,17.108189,0
1,2018,2,14,10,0,0,0,10.945569,0
1,2018,2,14,10,1,0,0,9.825343,0
1,2018,2,14,10,2,0,0,15.633827,0
1,2018,2,14,10,3,0,0,26.351374,0
1,2018,2,14,11,0,0,0,21.72708,0
1,2018,2,14,11,1,0,0,15.304823,0
1,2018,2,14,11,2,0,0,20.482561,0
1,2018,2,14,11,3,0,0,22.307899,0
1,2018,2,14,12,0,0,0,23.855099,0
1,2018,2,14,12,1,0,0,27.002137,0
1,2018,2,14,12,2,0,0,26.68916,0
1,2018,2,14,12,3,0,0,37.023626,0
1,2018,2,14,13,0,0,0,36.99852,0
1,2018,2,14,13,1,0,0,36.931182,0
1,2018,2,14,13,2,0,0,31.010943,0
1,2018,2,14,13,3,0,0,35.773656,0
1,2018,2,14,14,0,0,0,31.552798,0
1,2018,2,14,14,1,0,0,24.576165,0
1,2018,2,14,14,2,0,0,22.843981,0
1,2018,2,14,14,3,0,0,28.348267,0
1,2018,2,14,15,0,0,0,27.189118,0
1,2018,2,14,15,1,0,0,14.564496,0
1,2018,2,14,15,2,0,0,14.811666,0
1,2018,2,14,15,3,0,0,16.534041,0
1,2018,2,14,16,0,0,0,14.309861,0
1,2018,2,14,16,1,0,0,19.206736,0
1,2018,2,14,16,2,0,0,16.601426,0
1,2018,2,14,16,3,0,0,12.597702,0
1,2018,2,14,17,0,0,0,14.434034,0
1,2018,2,14,17,1,0,0,12.87446,0
1,2018,2,14,17,2,0,0,15.496688,0
1,2018,2,14,17,3,0,0,12.913337,0
1,2018,2,14,18,0,0,0,16.039544,0
1,2018,2,14,18,1,0,0,13.277187,0
1,2018,2,14,18,2,0,0,17.041109,0
1,2018,2,14,18,3,0,0,18.296681,0
1,2018,2,14,19,0,0,0,19.069393,0
1,2018,2,14,19,1,0,0,18.414737,0
1,2018,2,14,19,2,0,0,20.495851,0
1,2018,2,14,19,3,0,0,21.299959,0
1,2018,2,14,20,0,0,0,14.311422,0
1,2018,2,14,20,1,0,0,14.434386,0
1,2018,2,14,20,2,0,0,14.94337,0
1,2018,2,14,20,3,0,0,12.374175,0
1,2018,2,14,21,0,0,0,7.047654,0
1,2018,2,14,21,1,0,0,11.741278,0
1,2018,2,14,21,2,0,0,12.824734,0
1,2018,2,14,21,3,0,0,13.307669,0
1,2018,2,14,22,0,0,0,7.28319,0
1,2018,2,14,22,1,0,0,4.55839,0
1,2018,2,14,22,2,0,0,4.652802,0
1,2018,2,14,22,3,0,0,11.403905,0
1,2018,2,14,23,0,0,0,16.42703,0
1,2018,2,14,23,1,0,0,10.82078,0
1,2018,2,14,23,2,0,0,6.903905,0
1,2018,2,14,23,3,0,0,4.676405,0
1,2018,2,15,0,0,0,0,10.988247,0
1,2018,2,15,0,1,0,0,10.988247,0
1,2018,2,15,0,2,0,0,11.350054,0
1,2018,2,15,0,3,0,0,5.879071,0
1,2018,2,15,1,0,0,0,4.676405,0
1,2018,2,15,1,1,0,0,4.676405,0
1,2018,2,15,1,2,0,0,4.676405,0
1,2018,2,15,1,3,0,0,4.702124,0
1,2018,2,15,2,0,0,0,4.719805,0
1,2018,2,15,2,1,0,0,4.719805,0
1,2018,2,15,2,2,0,0,4.719805,0
1,2018,2,15,2,3,0,0,4.719805,0
1,2018,2,15,3,0,0,0,4.719805,0
1,2018,2,15,3,1,0,0,4.719805,0
1,2018,2,15,3,2,0,0,4.719805,0
1,2018,2,15,3,3,0,0,4.719805,0
1,2018,2,15,4,0,0,0,4.719805,0
1,2018,2,15,4,1,0,0,4.719805,0
1,2018,2,15,4,2,0,0,4.719805,0
1,2018,2,15,4,3,0,0,4.719805,0
1,2018,2,15,5,0,0,0,4.719805,0
1,2018,2,15,5,1,0,0,5.234805,0
1,2018,2,15,5,2,0,0,5.234805,0
1,2018,2,15,5,3,0,0,5.813879,0
1,2018,2,15,6,0,0,0,7.06425,0
1,2018,2,15,6,1,0,0,6.40864,0
1,2018,2,15,6,2,0,0,7.441864,0
1,2018,2,15,6,3,0,0,7.193068,0
1,2018,2,15,7,0,0,0,4.054384,0
1,2018,2,15,7,1,0,0,4.64679,0
1,2018,2,15,7,2,0,0,6.304061,0
1,2018,2,15,7,3,0,0,8.969728,0
1,2018,2,15,8,0,0,0,14.971247,0
1,2018,2,15,8,1,0,0,16.143055,0
1,2018,2,15,8,2,0,0,21.278929,0
1,2018,2,15,8,3,0,0,30.543011,0
1,2018,2,15,9,0,0,0,16.976972,0
1,2018,2,15,9,1,0,0,24.41616,0
1,2018,2,15,9,2,0,0,16.188378,0
1,2018,2,15,9,3,0,0,18.849618,0
1,2018,2,15,10,0,0,0,14.242227,0
1,2018,2,15,10,1,0,0,19.822492,0
1,2018,2,15,10,2,0,0,19.150321,0
1,2018,2,15,10,3,0,0,17.344194,0
1,2018,2,15,11,0,0,0,15.143624,0
1,2018,2,15,11,1,0,0,15.998959,0
1,2018,2,15,11,2,0,0,19.460782,0
1,2018,2,15,11,3,0,0,18.456197,0
1,2018,2,15,12,0,0,0,28.758933,0
1,2018,2,15,12,1,0,0,17.644229,0
1,2018,2,15,12,2,0,0,20.327807,0
1,2018,2,15,12,3,0,0,21.225878,0
1,2018,2,15,13,0,0,0,19.667386,0
1,2018,2,15,13,1,0,0,25.66559,0
1,2018,2,15,13,2,0,0,24.49707,0
1,2018,2,15,13,3,0,0,24.847826,0
1,2018,2,15,14,0,0,0,21.802485,0
1,2018,2,15,14,1,0,0,22.538738,0
1,2018,2,15,14,2,0,0,17.633267,0
1,2018,2,15,14,3,0,0,27.919689,0
1,2018,2,15,15,0,0,0,25.538311,0
1,2018,2,15,15,1,0,0,21.646205,0
1,2018,2,15,15,2,0,0,19.482883,0
1,2018,2,15,15,3,0,0,20.85261,0
1,2018,2,15,16,0,0,0,29.677387,0
1,2018,2,15,16,1,0,0,14.597612,0
1,2018,2,15,16,2,0,0,15.932032,0
1,2018,2,15,16,3,0,0,11.370563,0
1,2018,2,15,17,0,0,0,9.724617,0
1,2018,2,15,17,1,0,0,14.271739,0
1,2018,2,15,17,2,0,0,15.897708,0
1,2018,2,15,17,3,0,0,14.852276,0
1,2018,2,15,18,0,0,0,10.491089,0
1,2018,2,15,18,1,0,0,9.777124,0
1,2018,2,15,18,2,0,0,9.916495,0
1,2018,2,15,18,3,0,0,21.446908,0
1,2018,2,15,19,0,0,0,18.78927,0
1,2018,2,15,19,1,0,0,19.329656,0
1,2018,2,15,19,2,0,0,14.640018,0
1,2018,2,15,19,3,0,0,11.659494,0
1,2018,2,15,20,0,0,0,16.374345,0
1,2018,2,15,20,1,0,0,16.397356,0
1,2018,2,15,20,2,0,0,14.519352,0
1,2018,2,15,20,3,0,0,26.580232,0
1,2018,2,15,21,0,0,0,15.546329,0
1,2018,2,15,21,1,0,0,15.045904,0
1,2018,2,15,21,2,0,0,16.129145,0
1,2018,2,15,21,3,0,0,8.049618,0
1,2018,2,15,22,0,0,0,9.068672,0
1,2018,2,15,22,1,0,0,12.379586,0
1,2018,2,15,22,2,0,0,11.079175,0
1,2018,2,15,22,3,0,0,15.856197,0
1,2018,2,15,23,0,0,0,10.072497,0
1,2018,2,15,23,1,0,0,6.358697,0
1,2018,2,15,23,2,0,0,9.995477,0
1,2018,2,15,23,3,0,0,10.080939,0
1,2018,2,16,0,0,0,0,10.080939,0
1,2018,2,16,0,1,0,0,12.852911,0
1,2018,2,16,0,2,0,0,16.662603,0
1,2018,2,16,0,3,0,0,16.662603,0
1,2018,2,16,1,0,0,0,7.283639,0
1,2018,2,16,1,1,0,0,4.737939,0
1,2018,2,16,1,2,0,0,4.737939,0
1,2018,2,16,1,3,0,0,4.737939,0
1,2018,2,16,2,0,0,0,4.737939,0
1,2018,2,16,2,1,0,0,4.737939,0
1,2018,2,16,2,2,0,0,4.737939,0
1,2018,2,16,2,3,0,0,4.737939,0
1,2018,2,16,3,0,0,0,4.737939,0
1,2018,2,16,3,1,0,0,4.737939,0
1,2018,2,16,3,2,0,0,4.737939,0
1,2018,2,16,3,3,0,0,5.257939,0
1,2018,2,16,4,0,0,0,5.836987,0
1,2018,2,16,4,1,0,0,11.030797,0
1,2018,2,16,4,2,0,0,11.030797,0
1,2018,2,16,4,3,0,0,8.933177,0
1,2018,2,16,5,0,0,0,4.737939,0
1,2018,2,16,5,1,0,0,4.737939,0
1,2018,2,16,5,2,0,0,4.737939,0
1,2018,2,16,5,3,0,0,4.737939,0
1,2018,2,16,6,0,0,0,4.737939,0
1,2018,2,16,6,1,0,0,4.737939,0
1,2018,2,16,6,2,0,0,4.737939,0
1,2018,2,16,6,3,0,0,7.803382,0
1,2018,2,16,7,0,0,0,19.596488,0
1,2018,2,16,7,1,0,0,24.613019,0
1,2018,2,16,7,2,0,0,24.426328,0
1,2018,2,16,7,3,0,0,20.231763,0
1,2018,2,16,8,0,0,0,11.988807,0
1,2018,2,16,8,1,0,0,13.804198,0
1,2018,2,16,8,2,0,0,11.440579,0
1,2018,2,16,8,3,0,0,9.782787,0
1,2018,2,16,9,0,0,0,10.094084,0
1,2018,2,16,9,1,0,0,10.466778,0
1,2018,2,16,9,2,0,0,11.43544,0
1,2018,2,16,9,3,0,0,14.826753,0
1,2018,2,16,10,0,0,0,15.565941,0
1,2018,2,16,10,1,0,0,20.351447,0
1,2018,2,16,10,2,0,0,22.738579,0
1,2018,2,16,10,3,0,0,19.964854,0
1,2018,2,16,11,0,0,0,20.40094,0
1,2018,2,16,11,1,0,0,26.835413,0
1,2018,2,16,11,2,0,0,24.394758,0
1,2018,2,16,11,3,0,0,24.107811,0
1,2018,2,16,12,0,0,0,24.735617,0
1,2018,2,16,12,1,0,0,26.685243,0
1,2018,2,16,12,2,0,0,27.723566,0
1,2018,2,16,12,3,0,0,28.020712,0
1,2018,2,16,13,0,0,0,22.692159,0
1,2018,2,16,13,1,0,0,24.765707,0
1,2018,2,16,13,2,0,0,26.432462,0
1,2018,2,16,13,3,0,0,18.210734,0
1,2018,2,16,14,0,0,0,14.913199,0
1,2018,2,16,14,1,0,0,20.945227,0
1,2018,2,16,14,2,0,0,28.286211,0
1,2018,2,16,14,3,0,0,28.505794,0
1,2018,2,16,15,0,0,0,15.734482,0
1,2018,2,16,15,1,0,0,17.108817,0
1,2018,2,16,15,2,0,0,16.849756,0
1,2018,2,16,15,3,0,0,14.206905,0
1,2018,2,16,16,0,0,0,13.330632,0
1,2018,2,16,16,1,0,0,11.665728,0
1,2018,2,16,16,2,0,0,10.067965,0
1,2018,2,16,16,3,0,0,11.330417,0
1,2018,2,16,17,0,0,0,19.032465,0
1,2018,2,16,17,1,0,0,17.085274,0
1,2018,2,16,17,2,0,0,15.086833,0
1,2018,2,16,17,3,0,0,8.392159,0
1,2018,2,16,18,0,0,0,13.503815,0
1,2018,2,16,18,1,0,0,11.431171,0
1,2018,2,16,18,2,0,0,15.105132,0
1,2018,2,16,18,3,0,0,14.26858,0
1,2018,2,16,19,0,0,0,14.502675,0
1,2018,2,16,19,1,0,0,19.67492,0
1,2018,2,16,19,2,0,0,14.995148,0
1,2018,2,16,19,3,0,0,20.95616,0
1,2018,2,16,20,0,0,0,20.563211,0
1,2018,2,16,20,1,0,0,14.131044,0
1,2018,2,16,20,2,0,0,5.617571,0
1,2018,2,16,20,3,0,0,9.088732,0
1,2018,2,16,21,0,0,0,17.397553,0
1,2018,2,16,21,1,0,0,16.539147,0
1,2018,2,16,21,2,0,0,7.578979,0
1,2018,2,16,21,3,0,0,4.937259,0
1,2018,2,16,22,0,0,0,5.058986,0
1,2018,2,16,22,1,0,0,9.716486,0
1,2018,2,16,22,2,0,0,12.821486,0
1,2018,2,16,22,3,0,0,13.108986,0
1,2018,2,16,23,0,0,0,15.622499,0
1,2018,2,16,23,1,0,0,16.168965,0
1,2018,2,16,23,2,0,0,16.135869,0
1,2018,2,16,23,3,0,0,15.305486,0
1,2018,2,17,0,0,0,0,22.304833,0
1,2018,2,17,0,1,0,0,11.941526,0
1,2018,2,17,0,2,0,0,19.597723,0
1,2018,2,17,0,3,0,0,12.361934,0
1,2018,2,17,1,0,0,0,9.768541,0
1,2018,2,17,1,1,0,0,20.558817,0
1,2018,2,17,1,2,0,0,23.521444,0
1,2018,2,17,1,3,0,0,21.070715,0
1,2018,2,17,2,0,0,0,12.186161,0
1,2018,2,17,2,1,0,0,12.618423,0
1,2018,2,17,2,2,0,0,7.208208,0
1,2018,2,17,2,3,0,0,4.259637,0
1,2018,2,17,3,0,0,0,4.259637,0
1,2018,2,17,3,1,0,0,4.259637,0
1,2018,2,17,3,2,0,0,4.259637,0
1,2018,2,17,3,3,0,0,4.259637,0
1,2018,2,17,4,0,0,0,8.583166,0
1,2018,2,17,4,1,0,0,15.331209,0
1,2018,2,17,4,2,0,0,8.548412,0
1,2018,2,17,4,3,0,0,8.548412,0
1,2018,2,17,5,0,0,0,6.546984,0
1,2018,2,17,5,1,0,0,4.259637,0
1,2018,2,17,5,2,0,0,4.259637,0
1,2018,2,17,5,3,0,0,4.259637,0
1,2018,2,17,6,0,0,0,6.044637,0
1,2018,2,17,6,1,0,0,7.606512,0
1,2018,2,17,6,2,0,0,6.267762,0
1,2018,2,17,6,3,0,0,8.831402,0
1,2018,2,17,7,0,0,0,13.40247,0
1,2018,2,17,7,1,0,0,11.721701,0
1,2018,2,17,7,2,0,0,8.060448,0
1,2018,2,17,7,3,0,0,3.94333,0
1,2018,2,17,8,0,0,0,3.189026,0
1,2018,2,17,8,1,0,0,3.125968,0
1,2018,2,17,8,2,0,0,3.392634,0
1,2018,2,17,8,3,0,0,8.247891,0
1,2018,2,17,9,0,0,0,12.985777,0
1,2018,2,17,9,1,0,0,9.878072,0
1,2018,2,17,9,2,0,0,15.390238,0
1,2018,2,17,9,3,0,0,5.821996,0
1,2018,2,17,10,0,0,0,10.221343,0
1,2018,2,17,10,1,0,0,13.509506,0
1,2018,2,17,10,2,0,0,10.626206,0
1,2018,2,17,10,3,0,0,12.713669,0
1,2018,2,17,11,0,0,0,12.469074,0
1,2018,2,17,11,1,0,0,16.633298,0
1,2018,2,17,11,2,0,0,16.439347,0
1,2018,2,17,11,3,0,0,9.946559,0
1,2018,2,17,12,0,0,0,11.245176,0
1,2018,2,17,12,1,0,0,16.487349,0
1,2018,2,17,12,2,0,0,23.684674,0
1,2018,2,17,12,3,0,0,18.868024,0
1,2018,2,17,13,0,0,0,14.848186,0
1,2018,2,17,13,1,0,0,15.827297,0
1,2018,2,17,13,2,0,0,9.579311,0
1,2018,2,17,13,3,0,0,9.514938,0
1,2018,2,17,14,0,0,0,13.076853,0
1,2018,2,17,14,1,0,0,14.744674,0
1,2018,2,17,14,2,0,0,24.084254,0
1,2018,2,17,14,3,0,0,20.81758,0
1,2018,2,17,15,0,0,0,11.245157,0
1,2018,2,17,15,1,0,0,6.830033,0
1,2018,2,17,15,2,0,0,11.039746,0
1,2018,2,17,15,3,0,0,17.506588,0
1,2018,2,17,16,0,0,0,16.536975,0
1,2018,2,17,16,1,0,0,16.835907,0
1,2018,2,17,16,2,0,0,15.704436,0
1,2018,2,17,16,3,0,0,13.622579,0
1,2018,2,17,17,0,0,0,9.211578,0
1,2018,2,17,17,1,0,0,8.184147,0
1,2018,2,17,17,2,0,0,8.900359,0
1,2018,2,17,17,3,0,0,11.881208,0
1,2018,2,17,18,0,0,0,22.89752,0
1,2018,2,17,18,1,0,0,16.235897,0
1,2018,2,17,18,2,0,0,12.368768,0
1,2018,2,17,18,3,0,0,16.979465,0
1,2018,2,17,19,0,0,0,26.167145,0
1,2018,2,17,19,1,0,0,27.401492,0
1,2018,2,17,19,2,0,0,20.157959,0
1,2018,2,17,19,3,0,0,20.724281,0
1,2018,2,17,20,0,0,0,21.175037,0
1,2018,2,17,20,1,0,0,17.879955,0
1,2018,2,17,20,2,0,0,9.743826,0
1,2018,2,17,20,3,0,0,7.89643,0
1,2018,2,17,21,0,0,0,20.057038,0
1,2018,2,17,21,1,0,0,24.369967,0
1,2018,2,17,21,2,0,0,17.863161,0
1,2018,2,17,21,3,0,0,17.231639,0
1,2018,2,17,22,0,0,0,19.016085,0
1,2018,2,17,22,1,0,0,9.507851,0
1,2018,2,17,22,2,0,0,7.693283,0
1,2018,2,17,22,3,0,0,16.715223,0
1,2018,2,17,23,0,0,0,17.537005,0
1,2018,2,17,23,1,0,0,11.235112,0
1,2018,2,17,23,2,0,0,10.897219,0
1,2018,2,17,23,3,0,0,13.744081,0
1,2018,2,18,0,0,0,0,24.347466,0
1,2018,2,18,0,1,0,0,10.661081,0
1,2018,2,18,0,2,0,0,8.751362,0
1,2018,2,18,0,3,0,0,22.567753,0
1,2018,2,18,1,0,0,0,24.413586,0
1,2018,2,18,1,1,0,0,17.27923,0
1,2018,2,18,1,2,0,0,18.652566,0
1,2018,2,18,1,3,0,0,12.01999,0
1,2018,2,18,2,0,0,0,4.019081,0
1,2018,2,18,2,1,0,0,4.019081,0
1,2018,2,18,2,2,0,0,4.019081,0
1,2018,2,18,2,3,0,0,12.970049,0
1,2018,2,18,3,0,0,0,13.609404,0
1,2018,2,18,3,1,0,0,8.242907,0
1,2018,2,18,3,2,0,0,9.541174,0
1,2018,2,18,3,3,0,0,12.729413,0
1,2018,2,18,4,0,0,0,10.876292,0
1,2018,2,18,4,1,0,0,4.799594,0
1,2018,2,18,4,2,0,0,4.799594,0
1,2018,2,18,4,3,0,0,7.492911,0
1,2018,2,18,5,0,0,0,10.223888,0
1,2018,2,18,5,1,0,0,9.053916,0
1,2018,2,18,5,2,0,0,5.682872,0
1,2018,2,18,5,3,0,0,6.576586,0
1,2018,2,18,6,0,0,0,4.313729,0
1,2018,2,18,6,1,0,0,4.313729,0
1,2018,2,18,6,2,0,0,4.313729,0
1,2018,2,18,6,3,0,0,4.302674,0
1,2018,2,18,7,0,0,0,7.310914,0
1,2018,2,18,7,1,0,0,11.896914,0
1,2018,2,18,7,2,0,0,7.149275,0
1,2018,2,18,7,3,0,0,3.62799,0
1,2018,2,18,8,0,0,0,11.903472,0
1,2018,2,18,8,1,0,0,11.838508,0
1,2018,2,18,8,2,0,0,4.26699,0
1,2018,2,18,8,3,0,0,6.319255,0
1,2018,2,18,9,0,0,0,6.677627,0
1,2018,2,18,9,1,0,0,13.458972,0
1,2018,2,18,9,2,0,0,12.19253,0
1,2018,2,18,9,3,0,0,8.664999,0
1,2018,2,18,10,0,0,0,8.387371,0
1,2018,2,18,10,1,0,0,7.399104,0
1,2018,2,18,10,2,0,0,4.409441,0
1,2018,2,18,10,3,0,0,4.313378,0
1,2018,2,18,11,0,0,0,5.294704,0
1,2018,2,18,11,1,0,0,6.877674,0
1,2018,2,18,11,2,0,0,8.868037,0
1,2018,2,18,11,3,0,0,9.361825,0
1,2018,2,18,12,0,0,0,16.689795,0
1,2018,2,18,12,1,0,0,16.694022,0
1,2018,2,18,12,2,0,0,15.01519,0
1,2018,2,18,12,3,0,0,16.845364,0
1,2018,2,18,13,0,0,0,19.93965,0
1,2018,2,18,13,1,0,0,29.641714,0
1,2018,2,18,13,2,0,0,15.249449,0
1,2018,2,18,13,3,0,0,14.858955,0
1,2018,2,18,14,0,0,0,13.586991,0
1,2018,2,18,14,1,0,0,10.644249,0
1,2018,2,18,14,2,0,0,10.317906,0
1,2018,2,18,14,3,0,0,21.263146,0
1,2018,2,18,15,0,0,0,15.254147,0
1,2018,2,18,15,1,0,0,8.857668,0
1,2018,2,18,15,2,0,0,17.025209,0
1,2018,2,18,15,3,0,0,16.255473,0
1,2018,2,18,16,0,0,0,11.527003,0
1,2018,2,18,16,1,0,0,7.716801,0
1,2018,2,18,16,2,0,0,10.746668,0
1,2018,2,18,16,3,0,0,15.1379,0
1,2018,2,18,17,0,0,0,15.1379,0
1,2018,2,18,17,1,0,0,9.525874,0
1,2018,2,18,17,2,0,0,16.27322,0
1,2018,2,18,17,3,0,0,8.221271,0
1,2018,2,18,18,0,0,0,11.521135,0
1,2018,2,18,18,1,0,0,15.395486,0
1,2018,2,18,18,2,0,0,8.743302,0
1,2018,2,18,18,3,0,0,7.418302,0
1,2018,2,18,19,0,0,0,18.724086,0
1,2018,2,18,19,1,0,0,20.393234,0
1,2018,2,18,19,2,0,0,4.186865,0
1,2018,2,18,19,3,0,0,12.25196,0
1,2018,2,18,20,0,0,0,13.41196,0
1,2018,2,18,20,1,0,0,4.760025,0
1,2018,2,18,20,2,0,0,6.361798,0
1,2018,2,18,20,3,0,0,8.601056,0
1,2018,2,18,21,0,0,0,6.166376,0
1,2018,2,18,21,1,0,0,8.384936,0
1,2018,2,18,21,2,0,0,16.169518,0
1,2018,2,18,21,3,0,0,18.282793,0
1,2018,2,18,22,0,0,0,8.780807,0
1,2018,2,18,22,1,0,0,9.422158,0
1,2018,2,18,22,2,0,0,3.901492,0
1,2018,2,18,22,3,0,0,3.476825,0
1,2018,2,18,23,0,0,0,10.473492,0
1,2018,2,18,23,1,0,0,16.752698,0
1,2018,2,18,23,2,0,0,19.895397,0
1,2018,2,18,23,3,0,0,14.068571,0
1,2018,2,19,0,0,0,0,5.402158,0
1,2018,2,19,0,1,0,0,8.771492,0
1,2018,2,19,0,2,0,0,8.371198,0
1,2018,2,19,0,3,0,0,16.531639,0
1,2018,2,19,1,0,0,0,8.475324,0
1,2018,2,19,1,1,0,0,9.770543,0
1,2018,2,19,1,2,0,0,9.776953,0
1,2018,2,19,1,3,0,0,8.135286,0
1,2018,2,19,2,0,0,0,8.135286,0
1,2018,2,19,2,1,0,0,7.501953,0
1,2018,2,19,2,2,0,0,3.385286,0
1,2018,2,19,2,3,0,0,3.385286,0
1,2018,2,19,3,0,0,0,3.766919,0
1,2018,2,19,3,1,0,0,6.247531,0
1,2018,2,19,3,2,0,0,6.247531,0
1,2018,2,19,3,3,0,0,6.247531,0
1,2018,2,19,4,0,0,0,3.766919,0
1,2018,2,19,4,1,0,0,3.385286,0
1,2018,2,19,4,2,0,0,3.385286,0
1,2018,2,19,4,3,0,0,3.385286,0
1,2018,2,19,5,0,0,0,5.897064,0
1,2018,2,19,5,1,0,0,13.011286,0
1,2018,2,19,5,2,0,0,9.128619,0
1,2018,2,19,5,3,0,0,7.214175,0
1,2018,2,19,6,0,0,0,7.30165,0
1,2018,2,19,6,1,0,0,6.648922,0
1,2018,2,19,6,2,0,0,3.385286,0
1,2018,2,19,6,3,0,0,10.942104,0
1,2018,2,19,7,0,0,0,18.427091,0
1,2018,2,19,7,1,0,0,21.728455,0
1,2018,2,19,7,2,0,0,6.223357,0
1,2018,2,19,7,3,0,0,6.270725,0
1,2018,2,19,8,0,0,0,9.830027,0
1,2018,2,19,8,1,0,0,14.825361,0
1,2018,2,19,8,2,0,0,11.842977,0
1,2018,2,19,8,3,0,0,12.379099,0
1,2018,2,19,9,0,0,0,12.259524,0
1,2018,2,19,9,1,0,0,18.036257,0
1,2018,2,19,9,2,0,0,15.310856,0
1,2018,2,19,9,3,0,0,13.748668,0
1,2018,2,19,10,0,0,0,16.740595,0
1,2018,2,19,10,1,0,0,20.880362,0
1,2018,2,19,10,2,0,0,22.112548,0
1,2018,2,19,10,3,0,0,23.752214,0
1,2018,2,19,11,0,0,0,19.054502,0
1,2018,2,19,11,1,0,0,20.470012,0
1,2018,2,19,11,2,0,0,19.448394,0
1,2018,2,19,11,3,0,0,19.636119,0
1,2018,2,19,12,0,0,0,21.658544,0
1,2018,2,19,12,1,0,0,19.193214,0
1,2018,2,19,12,2,0,0,19.116042,0
1,2018,2,19,12,3,0,0,21.107734,0
1,2018,2,19,13,0,0,0,18.934683,0
1,2018,2,19,13,1,0,0,23.176942,0
1,2018,2,19,13,2,0,0,21.809773,0
1,2018,2,19,13,3,0,0,21.505153,0
1,2018,2,19,14,0,0,0,30.664043,0
1,2018,2,19,14,1,0,0,31.676489,0
1,2018,2,19,14,2,0,0,26.392518,0
1,2018,2,19,14,3,0,0,11.535168,0
1,2018,2,19,15,0,0,0,14.997949,0
1,2018,2,19,15,1,0,0,9.956026,0
1,2018,2,19,15,2,0,0,10.960174,0
1,2018,2,19,15,3,0,0,8.382553,0
1,2018,2,19,16,0,0,0,6.73956,0
1,2018,2,19,16,1,0,0,17.984823,0
1,2018,2,19,16,2,0,0,17.804175,0
1,2018,2,19,16,3,0,0,15.260496,0
1,2018,2,19,17,0,0,0,6.898708,0
1,2018,2,19,17,1,0,0,5.722059,0
1,2018,2,19,17,2,0,0,9.776074,0
1,2018,2,19,17,3,0,0,11.938675,0
1,2018,2,19,18,0,0,0,20.880764,0
1,2018,2,19,18,1,0,0,30.240844,0
1,2018,2,19,18,2,0,0,13.677826,0
1,2018,2,19,18,3,0,0,12.82685,0
1,2018,2,19,19,0,0,0,10.156581,0
1,2018,2,19,19,1,0,0,8.517265,0
1,2018,2,19,19,2,0,0,6.121824,0
1,2018,2,19,19,3,0,0,6.800298,0
1,2018,2,19,20,0,0,0,7.769529,0
1,2018,2,19,20,1,0,0,11.646452,0
1,2018,2,19,20,2,0,0,9.703583,0
1,2018,2,19,20,3,0,0,10.707373,0
1,2018,2,19,21,0,0,0,16.123394,0
1,2018,2,19,21,1,0,0,14.307197,0
1,2018,2,19,21,2,0,0,8.461118,0
1,2018,2,19,21,3,0,0,5.900454,0
1,2018,2,19,22,0,0,0,7.336253,0
1,2018,2,19,22,1,0,0,11.019746,0
1,2018,2,19,22,2,0,0,10.658636,0
1,2018,2,19,22,3,0,0,13.244625,0
1,2018,2,19,23,0,0,0,13.055384,0
1,2018,2,19,23,1,0,0,4.673741,0
1,2018,2,19,23,2,0,0,15.613525,0
1,2018,2,19,23,3,0,0,6.558312,0
1,2018,2,20,0,0,0,0,12.801294,0
1,2018,2,20,0,1,0,0,14.368218,0
1,2018,2,20,0,2,0,0,12.789494,0
1,2018,2,20,0,3,0,0,6.233239,0
1,2018,2,20,1,0,0,0,5.045239,0
1,2018,2,20,1,1,0,0,5.045239,0
1,2018,2,20,1,2,0,0,5.045239,0
1,2018,2,20,1,3,0,0,5.045239,0
1,2018,2,20,2,0,0,0,5.045239,0
1,2018,2,20,2,1,0,0,5.045239,0
1,2018,2,20,2,2,0,0,5.045239,0
1,2018,2,20,2,3,0,0,5.045239,0
1,2018,2,20,3,0,0,0,5.045239,0
1,2018,2,20,3,1,0,0,5.045239,0
1,2018,2,20,3,2,0,0,5.045239,0
1,2018,2,20,3,3,0,0,5.045239,0
1,2018,2,20,4,0,0,0,5.045239,0
1,2018,2,20,4,1,0,0,5.772858,0
1,2018,2,20,4,2,0,0,7.77381,0
1,2018,2,20,4,3,0,0,7.77381,0
1,2018,2,20,5,0,0,0,6.500477,0
1,2018,2,20,5,1,0,0,5.045239,0
1,2018,2,20,5,2,0,0,5.045239,0
1,2018,2,20,5,3,0,0,5.045239,0
1,2018,2,20,6,0,0,0,5.045239,0
1,2018,2,20,6,1,0,0,4.754356,0
1,2018,2,20,6,2,0,0,4.681635,0
1,2018,2,20,6,3,0,0,4.842211,0
1,2018,2,20,7,0,0,0,10.39341,0
1,2018,2,20,7,1,0,0,11.21421,0
1,2018,2,20,7,2,0,0,10.411784,0
1,2018,2,20,7,3,0,0,6.256493,0
1,2018,2,20,8,0,0,0,2.04523,0
1,2018,2,20,8,1,0,0,5.808164,0
1,2018,2,20,8,2,0,0,10.884134,0
1,2018,2,20,8,3,0,0,28.525245,0
1,2018,2,20,9,0,0,0,13.785501,0
1,2018,2,20,9,1,0,0,6.896921,0
1,2018,2,20,9,2,0,0,9.189108,0
1,2018,2,20,9,3,0,0,16.847897,0
1,2018,2,20,10,0,0,0,17.026123,0
1,2018,2,20,10,1,0,0,18.501652,0
1,2018,2,20,10,2,0,0,18.393655,0
1,2018,2,20,10,3,0,0,17.741333,0
1,2018,2,20,11,0,0,0,16.634114,0
1,2018,2,20,11,1,0,0,16.135105,0
1,2018,2,20,11,2,0,0,17.763716,0
1,2018,2,20,11,3,0,0,18.289985,0
1,2018,2,20,12,0,0,0,17.251689,0
1,2018,2,20,12,1,0,0,12.550689,0
1,2018,2,20,12,2,0,0,16.83577,0
1,2018,2,20,12,3,0,0,27.641915,0
1,2018,2,20,13,0,0,0,28.779016,0
1,2018,2,20,13,1,0,0,22.663092,0
1,2018,2,20,13,2,0,0,20.786556,0
1,2018,2,20,13,3,0,0,15.956987,0
1,2018,2,20,14,0,0,0,17.595465,0
1,2018,2,20,14,1,0,0,14.043477,0
1,2018,2,20,14,2,0,0,12.514592,0
1,2018,2,20,14,3,0,0,16.363435,0
1,2018,2,20,15,0,0,0,19.471229,0
1,2018,2,20,15,1,0,0,11.899062,0
1,2018,2,20,15,2,0,0,11.030626,0
1,2018,2,20,15,3,0,0,12.267388,0
1,2018,2,20,16,0,0,0,11.389278,0
1,2018,2,20,16,1,0,0,9.299047,0
1,2018,2,20,16,2,0,0,12.349607,0
1,2018,2,20,16,3,0,0,20.502335,0
1,2018,2,20,17,0,0,0,14.133792,0
1,2018,2,20,17,1,0,0,13.273072,0
1,2018,2,20,17,2,0,0,12.413794,0
1,2018,2,20,17,3,0,0,7.884171,0
1,2018,2,20,18,0,0,0,12.070457,0
1,2018,2,20,18,1,0,0,16.113687,0
1,2018,2,20,18,2,0,0,19.222034,0
1,2018,2,20,18,3,0,0,20.735602,0
1,2018,2,20,19,0,0,0,18.495995,0
1,2018,2,20,19,1,0,0,14.482375,0
1,2018,2,20,19,2,0,0,10.505,0
1,2018,2,20,19,3,0,0,11.333601,0
1,2018,2,20,20,0,0,0,17.83517,0
1,2018,2,20,20,1,0,0,20.606511,0
1,2018,2,20,20,2,0,0,18.250497,0
1,2018,2,20,20,3,0,0,17.161164,0
1,2018,2,20,21,0,0,0,18.282913,0
1,2018,2,20,21,1,0,0,12.912725,0
1,2018,2,20,21,2,0,0,17.149224,0
1,2018,2,20,21,3,0,0,21.675521,0
1,2018,2,20,22,0,0,0,14.260333,0
1,2018,2,20,22,1,0,0,6.945317,0
1,2018,2,20,22,2,0,0,6.421276,0
1,2018,2,20,22,3,0,0,6.421276,0
1,2018,2,20,23,0,0,0,6.421276,0
1,2018,2,20,23,1,0,0,6.508648,0
1,2018,2,20,23,2,0,0,6.540419,0
1,2018,2,20,23,3,0,0,6.872752,0
1,2018,2,21,0,0,0,0,9.032919,0
1,2018,2,21,0,1,0,0,9.032919,0
1,2018,2,21,0,2,0,0,9.032919,0
1,2018,2,21,0,3,0,0,14.196543,0
1,2018,2,21,1,0,0,0,12.881908,0
1,2018,2,21,1,1,0,0,12.881908,0
1,2018,2,21,1,2,0,0,8.231483,0
1,2018,2,21,1,3,0,0,8.989366,0
1,2018,2,21,2,0,0,0,10.621998,0
1,2018,2,21,2,1,0,0,10.621998,0
1,2018,2,21,2,2,0,0,10.621998,0
1,2018,2,21,2,3,0,0,7.356735,0
1,2018,2,21,3,0,0,0,6.540419,0
1,2018,2,21,3,1,0,0,6.540419,0
1,2018,2,21,3,2,0,0,6.540419,0
1,2018,2,21,3,3,0,0,6.540419,0
1,2018,2,21,4,0,0,0,6.540419,0
1,2018,2,21,4,1,0,0,6.540419,0
1,2018,2,21,4,2,0,0,6.540419,0
1,2018,2,21,4,3,0,0,6.540419,0
1,2018,2,21,5,0,0,0,6.540419,0
1,2018,2,21,5,1,0,0,6.540419,0
1,2018,2,21,5,2,0,0,6.540419,0
1,2018,2,21,5,3,0,0,6.540419,0
1,2018,2,21,6,0,0,0,6.540419,0
1,2018,2,21,6,1,0,0,13.02285,0
1,2018,2,21,6,2,0,0,20.386895,0
1,2018,2,21,6,3,0,0,19.428999,0
1,2018,2,21,7,0,0,0,15.868674,0
1,2018,2,21,7,1,0,0,8.83061,0
1,2018,2,21,7,2,0,0,9.761178,0
1,2018,2,21,7,3,0,0,9.095436,0
1,2018,2,21,8,0,0,0,8.778453,0
1,2018,2,21,8,1,0,0,9.950144,0
1,2018,2,21,8,2,0,0,15.968367,0
1,2018,2,21,8,3,0,0,22.080546,0
1,2018,2,21,9,0,0,0,17.23317,0
1,2018,2,21,9,1,0,0,8.431583,0
1,2018,2,21,9,2,0,0,15.161625,0
1,2018,2,21,9,3,0,0,14.490082,0
1,2018,2,21,10,0,0,0,18.486331,0
1,2018,2,21,10,1,0,0,22.613159,0
1,2018,2,21,10,2,0,0,14.399295,0
1,2018,2,21,10,3,0,0,18.09379,0
1,2018,2,21,11,0,0,0,15.181921,0
1,2018,2,21,11,1,0,0,21.109199,0
1,2018,2,21,11,2,0,0,27.324499,0
1,2018,2,21,11,3,0,0,21.824914,0
1,2018,2,21,12,0,0,0,21.446228,0
1,2018,2,21,12,1,0,0,21.130958,0
1,2018,2,21,12,2,0,0,27.01554,0
1,2018,2,21,12,3,0,0,30.263962,0
1,2018,2,21,13,0,0,0,23.616961,0
1,2018,2,21,13,1,0,0,24.027075,0
1,2018,2,21,13,2,0,0,23.630159,0
1,2018,2,21,13,3,0,0,31.661413,0
1,2018,2,21,14,0,0,0,29.68457,0
1,2018,2,21,14,1,0,0,17.635327,0
1,2018,2,21,14,2,0,0,22.268123,0
1,2018,2,21,14,3,0,0,26.827529,0
1,2018,2,21,15,0,0,0,22.444181,0
1,2018,2,21,15,1,0,0,14.610951,0
1,2018,2,21,15,2,0,0,18.884139,0
1,2018,2,21,15,3,0,0,14.268055,0
1,2018,2,21,16,0,0,0,9.56031,0
1,2018,2,21,16,1,0,0,11.809407,0
1,2018,2,21,16,2,0,0,16.026051,0
1,2018,2,21,16,3,0,0,15.24323,0
1,2018,2,21,17,0,0,0,12.620686,0
1,2018,2,21,17,1,0,0,13.87737,0
1,2018,2,21,17,2,0,0,8.437719,0
1,2018,2,21,17,3,0,0,6.751139,0
1,2018,2,21,18,0,0,0,8.54528,0
1,2018,2,21,18,1,0,0,15.868677,0
1,2018,2,21,18,2,0,0,16.111606,0
1,2018,2,21,18,3,0,0,11.005441,0
1,2018,2,21,19,0,0,0,16.55246,0
1,2018,2,21,19,1,0,0,17.772267,0
1,2018,2,21,19,2,0,0,15.463509,0
1,2018,2,21,19,3,0,0,13.910494,0
1,2018,2,21,20,0,0,0,13.632999,0
1,2018,2,21,20,1,0,0,15.498538,0
1,2018,2,21,20,2,0,0,14.578053,0
1,2018,2,21,20,3,0,0,8.516789,0
1,2018,2,21,21,0,0,0,13.391493,0
1,2018,2,21,21,1,0,0,17.549788,0
1,2018,2,21,21,2,0,0,13.866808,0
1,2018,2,21,21,3,0,0,9.957871,0
1,2018,2,21,22,0,0,0,6.065724,0
1,2018,2,21,22,1,0,0,10.60953,0
1,2018,2,21,22,2,0,0,10.60953,0
1,2018,2,21,22,3,0,0,10.60953,0
1,2018,2,21,23,0,0,0,6.072864,0
1,2018,2,21,23,1,0,0,6.137417,0
1,2018,2,21,23,2,0,0,6.266522,0
1,2018,2,21,23,3,0,0,7.303856,0
1,2018,2,22,0,0,0,0,17.807022,0
1,2018,2,22,0,1,0,0,14.276022,0
1,2018,2,22,0,2,0,0,9.972774,0
1,2018,2,22,0,3,0,0,12.668409,0
1,2018,2,22,1,0,0,0,12.668409,0
1,2018,2,22,1,1,0,0,12.668409,0
1,2018,2,22,1,2,0,0,8.827277,0
1,2018,2,22,1,3,0,0,6.266522,0
1,2018,2,22,2,0,0,0,5.977679,0
1,2018,2,22,2,1,0,0,5.724941,0
1,2018,2,22,2,2,0,0,5.724941,0
1,2018,2,22,2,3,0,0,9.082484,0
1,2018,2,22,3,0,0,0,9.322309,0
1,2018,2,22,3,1,0,0,9.322309,0
1,2018,2,22,3,2,0,0,8.84266,0
1,2018,2,22,3,3,0,0,5.724941,0
1,2018,2,22,4,0,0,0,5.724941,0
1,2018,2,22,4,1,0,0,5.724941,0
1,2018,2,22,4,2,0,0,5.724941,0
1,2018,2,22,4,3,0,0,5.724941,0
1,2018,2,22,5,0,0,0,5.724941,0
1,2018,2,22,5,1,0,0,5.724941,0
1,2018,2,22,5,2,0,0,5.724941,0
1,2018,2,22,5,3,0,0,14.396322,0
1,2018,2,22,6,0,0,0,16.82198,0
1,2018,2,22,6,1,0,0,18.192135,0
1,2018,2,22,6,2,0,0,16.932282,0
1,2018,2,22,6,3,0,0,15.902529,0
1,2018,2,22,7,0,0,0,7.403739,0
1,2018,2,22,7,1,0,0,4.313547,0
1,2018,2,22,7,2,0,0,4.734348,0
1,2018,2,22,7,3,0,0,7.457604,0
1,2018,2,22,8,0,0,0,8.867401,0
1,2018,2,22,8,1,0,0,10.630289,0
1,2018,2,22,8,2,0,0,14.596611,0
1,2018,2,22,8,3,0,0,19.701038,0
1,2018,2,22,9,0,0,0,21.31376,0
1,2018,2,22,9,1,0,0,14.082839,0
1,2018,2,22,9,2,0,0,17.663006,0
1,2018,2,22,9,3,0,0,16.443223,0
1,2018,2,22,10,0,0,0,19.576912,0
1,2018,2,22,10,1,0,0,23.841347,0
1,2018,2,22,10,2,0,0,21.911736,0
1,2018,2,22,10,3,0,0,25.076599,0
1,2018,2,22,11,0,0,0,27.512192,0
1,2018,2,22,11,1,0,0,27.400991,0
1,2018,2,22,11,2,0,0,20.696615,0
1,2018,2,22,11,3,0,0,19.433756,0
1,2018,2,22,12,0,0,0,NaN,0
1,2018,2,22,12,1,0,0,24.525241,0
1,2018,2,22,12,2,0,0,24.855434,0
1,2018,2,22,12,3,0,0,29.31649,0
1,2018,2,22,13,0,0,0,24.814895,0
1,2018,2,22,13,1,0,0,23.140768,0
1,2018,2,22,13,2,0,0,28.359015,0
1,2018,2,22,13,3,0,0,29.643106,0
1,2018,2,22,14,0,0,0,25.049154,0
1,2018,2,22,14,1,0,0,17.994664,0
1,2018,2,22,14,2,0,0,22.730839,0
1,2018,2,22,14,3,0,0,18.260145,0
1,2018,2,22,15,0,0,0,20.331995,0
1,2018,2,22,15,1,0,0,27.490006,0
1,2018,2,22,15,2,0,0,22.423025,0
1,2018,2,22,15,3,0,0,21.487539,0
1,2018,2,22,16,0,0,0,17.615325,0
1,2018,2,22,16,1,0,0,18.877606,0
1,2018,2,22,16,2,0,0,20.56487,0
1,2018,2,22,16,3,0,0,16.862025,0
1,2018,2,22,17,0,0,0,14.680043,0
1,2018,2,22,17,1,0,0,14.125771,0
1,2018,2,22,17,2,0,0,10.99684,0
1,2018,2,22,17,3,0,0,7.431351,0
1,2018,2,22,18,0,0,0,7.16477,0
1,2018,2,22,18,1,0,0,20.476771,0
1,2018,2,22,18,2,0,0,20.041499,0
1,2018,2,22,18,3,0,0,10.774525,0
1,2018,2,22,19,0,0,0,10.259292,0
1,2018,2,22,19,1,0,0,18.452711,0
1,2018,2,22,19,2,0,0,14.046508,0
1,2018,2,22,19,3,0,0,11.426272,0
1,2018,2,22,20,0,0,0,17.042916,0
1,2018,2,22,20,1,0,0,16.986849,0
1,2018,2,22,20,2,0,0,12.944167,0
1,2018,2,22,20,3,0,0,11.252411,0
1,2018,2,22,21,0,0,0,8.742965,0
1,2018,2,22,21,1,0,0,10.367959,0
1,2018,2,22,21,2,0,0,10.904863,0
1,2018,2,22,21,3,0,0,12.113861,0
1,2018,2,22,22,0,0,0,10.457024,0
1,2018,2,22,22,1,0,0,12.43367,0
1,2018,2,22,22,2,0,0,6.713111,0
1,2018,2,22,22,3,0,0,5.546464,0
1,2018,2,22,23,0,0,0,7.419589,0
1,2018,2,22,23,1,0,0,13.663339,0
1,2018,2,22,23,2,0,0,9.046074,0
1,2018,2,22,23,3,0,0,18.584372,0
1,2018,2,23,0,0,0,0,12.101577,0
1,2018,2,23,0,1,0,0,10.652211,0
1,2018,2,23,0,2,0,0,11.534302,0
1,2018,2,23,0,3,0,0,11.534302,0
1,2018,2,23,1,0,0,0,7.54241,0
1,2018,2,23,1,1,0,0,5.546464,0
1,2018,2,23,1,2,0,0,5.546464,0
1,2018,2,23,1,3,0,0,5.546464,0
1,2018,2,23,2,0,0,0,5.546464,0
1,2018,2,23,2,1,0,0,5.546464,0
1,2018,2,23,2,2,0,0,5.546464,0
1,2018,2,23,2,3,0,0,5.546464,0
1,2018,2,23,3,0,0,0,10.440507,0
1,2018,2,23,3,1,0,0,10.790081,0
1,2018,2,23,3,2,0,0,10.790081,0
1,2018,2,23,3,3,0,0,6.595187,0
1,2018,2,23,4,0,0,0,5.546464,0
1,2018,2,23,4,1,0,0,5.546464,0
1,2018,2,23,4,2,0,0,5.546464,0
1,2018,2,23,4,3,0,0,5.546464,0
1,2018,2,23,5,0,0,0,5.546464,0
1,2018,2,23,5,1,0,0,5.546464,0
1,2018,2,23,5,2,0,0,5.309679,0
1,2018,2,23,5,3,0,0,5.102493,0
1,2018,2,23,6,0,0,0,6.542493,0
1,2018,2,23,6,1,0,0,6.302493,0
1,2018,2,23,6,2,0,0,9.72291,0
1,2018,2,23,6,3,0,0,8.936511,0
1,2018,2,23,7,0,0,0,7.433773,0
1,2018,2,23,7,1,0,0,10.942948,0
1,2018,2,23,7,2,0,0,16.703894,0
1,2018,2,23,7,3,0,0,7.882519,0
1,2018,2,23,8,0,0,0,7.636557,0
1,2018,2,23,8,1,0,0,15.719195,0
1,2018,2,23,8,2,0,0,13.384967,0
1,2018,2,23,8,3,0,0,10.957375,0
1,2018,2,23,9,0,0,0,11.138486,0
1,2018,2,23,9,1,0,0,10.502377,0
1,2018,2,23,9,2,0,0,16.46903,0
1,2018,2,23,9,3,0,0,16.232817,0
1,2018,2,23,10,0,0,0,13.073363,0
1,2018,2,23,10,1,0,0,22.855108,0
1,2018,2,23,10,2,0,0,13.925595,0
1,2018,2,23,10,3,0,0,16.53634,0
1,2018,2,23,11,0,0,0,25.88086,0
1,2018,2,23,11,1,0,0,25.868413,0
1,2018,2,23,11,2,0,0,17.239199,0
1,2018,2,23,11,3,0,0,22.342893,0
1,2018,2,23,12,0,0,0,17.782845,0
1,2018,2,23,12,1,0,0,16.131658,0
1,2018,2,23,12,2,0,0,17.161951,0
1,2018,2,23,12,3,0,0,18.824484,0
1,2018,2,23,13,0,0,0,26.398528,0
1,2018,2,23,13,1,0,0,27.126818,0
1,2018,2,23,13,2,0,0,28.803149,0
1,2018,2,23,13,3,0,0,29.08384,0
1,2018,2,23,14,0,0,0,25.060171,0
1,2018,2,23,14,1,0,0,25.919144,0
1,2018,2,23,14,2,0,0,24.810907,0
1,2018,2,23,14,3,0,0,24.582171,0
1,2018,2,23,15,0,0,0,19.576738,0
1,2018,2,23,15,1,0,0,14.583485,0
1,2018,2,23,15,2,0,0,14.289282,0
1,2018,2,23,15,3,0,0,16.892052,0
1,2018,2,23,16,0,0,0,12.939338,0
1,2018,2,23,16,1,0,0,11.675936,0
1,2018,2,23,16,2,0,0,19.588383,0
1,2018,2,23,16,3,0,0,18.241173,0
1,2018,2,23,17,0,0,0,16.986366,0
1,2018,2,23,17,1,0,0,13.411107,0
1,2018,2,23,17,2,0,0,15.807058,0
1,2018,2,23,17,3,0,0,15.747384,0
1,2018,2,23,18,0,0,0,15.770615,0
1,2018,2,23,18,1,0,0,27.377324,0
1,2018,2,23,18,2,0,0,22.630041,0
1,2018,2,23,18,3,0,0,15.227963,0
1,2018,2,23,19,0,0,0,12.178758,0
1,2018,2,23,19,1,0,0,26.05412,0
1,2018,2,23,19,2,0,0,20.011109,0
1,2018,2,23,19,3,0,0,21.093078,0
1,2018,2,23,20,0,0,0,20.701622,0
1,2018,2,23,20,1,0,0,13.365671,0
1,2018,2,23,20,2,0,0,13.930132,0
1,2018,2,23,20,3,0,0,11.866925,0
1,2018,2,23,21,0,0,0,17.230373,0
1,2018,2,23,21,1,0,0,25.040373,0
1,2018,2,23,21,2,0,0,17.500864,0
1,2018,2,23,21,3,0,0,30.132825,0
1,2018,2,23,22,0,0,0,29.973132,0
1,2018,2,23,22,1,0,0,12.312773,0
1,2018,2,23,22,2,0,0,22.602055,0
1,2018,2,23,22,3,0,0,16.40029,0
1,2018,2,23,23,0,0,0,7.400547,0
1,2018,2,23,23,1,0,0,6.14287,0
1,2018,2,23,23,2,0,0,13.087723,0
1,2018,2,23,23,3,0,0,14.606271,0
1,2018,2,24,0,0,0,0,8.893162,0
1,2018,2,24,0,1,0,0,9.326547,0
1,2018,2,24,0,2,0,0,9.861329,0
1,2018,2,24,0,3,0,0,21.402974,0
1,2018,2,24,1,0,0,0,25.750644,0
1,2018,2,24,1,1,0,0,14.632978,0
1,2018,2,24,1,2,0,0,23.854124,0
1,2018,2,24,1,3,0,0,24.080831,0
1,2018,2,24,2,0,0,0,17.553927,0
1,2018,2,24,2,1,0,0,10.454993,0
1,2018,2,24,2,2,0,0,23.971249,0
1,2018,2,24,2,3,0,0,5.85046,0
1,2018,2,24,3,0,0,0,5.85046,0
1,2018,2,24,3,1,0,0,5.85046,0
1,2018,2,24,3,2,0,0,6.129031,0
1,2018,2,24,3,3,0,0,15.131315,0
1,2018,2,24,4,0,0,0,16.995615,0
1,2018,2,24,4,1,0,0,8.326066,0
1,2018,2,24,4,2,0,0,5.26178,0
1,2018,2,24,4,3,0,0,5.071408,0
1,2018,2,24,5,0,0,0,4.690662,0
1,2018,2,24,5,1,0,0,4.690662,0
1,2018,2,24,5,2,0,0,4.690662,0
1,2018,2,24,5,3,0,0,4.690662,0
1,2018,2,24,6,0,0,0,4.690662,0
1,2018,2,24,6,1,0,0,10.412885,0
1,2018,2,24,6,2,0,0,9.26844,0
1,2018,2,24,6,3,0,0,11.695026,0
1,2018,2,24,7,0,0,0,4.808502,0
1,2018,2,24,7,1,0,0,6.81892,0
1,2018,2,24,7,2,0,0,6.418993,0
1,2018,2,24,7,3,0,0,10.173353,0
1,2018,2,24,8,0,0,0,8.270636,0
1,2018,2,24,8,1,0,0,8.224166,0
1,2018,2,24,8,2,0,0,10.887107,0
1,2018,2,24,8,3,0,0,2.297385,0
1,2018,2,24,9,0,0,0,2.313581,0
1,2018,2,24,9,1,0,0,6.959337,0
1,2018,2,24,9,2,0,0,7.05746,0
1,2018,2,24,9,3,0,0,11.581278,0
1,2018,2,24,10,0,0,0,9.145152,0
1,2018,2,24,10,1,0,0,12.566204,0
1,2018,2,24,10,2,0,0,11.602449,0
1,2018,2,24,10,3,0,0,6.656381,0
1,2018,2,24,11,0,0,0,9.835656,0
1,2018,2,24,11,1,0,0,8.016397,0
1,2018,2,24,11,2,0,0,8.780449,0
1,2018,2,24,11,3,0,0,11.930407,0
1,2018,2,24,12,0,0,0,15.672471,0
1,2018,2,24,12,1,0,0,18.301264,0
1,2018,2,24,12,2,0,0,16.117057,0
1,2018,2,24,12,3,0,0,15.727731,0
1,2018,2,24,13,0,0,0,15.099591,0
1,2018,2,24,13,1,0,0,10.725212,0
1,2018,2,24,13,2,0,0,11.933498,0
1,2018,2,24,13,3,0,0,14.250839,0
1,2018,2,24,14,0,0,0,13.046795,0
1,2018,2,24,14,1,0,0,12.471678,0
1,2018,2,24,14,2,0,0,11.962989,0
1,2018,2,24,14,3,0,0,13.405801,0
1,2018,2,24,15,0,0,0,15.770374,0
1,2018,2,24,15,1,0,0,19.259532,0
1,2018,2,24,15,2,0,0,20.358196,0
1,2018,2,24,15,3,0,0,20.814673,0
1,2018,2,24,16,0,0,0,19.007595,0
1,2018,2,24,16,1,0,0,6.034253,0
1,2018,2,24,16,2,0,0,5.932458,0
1,2018,2,24,16,3,0,0,12.18573,0
1,2018,2,24,17,0,0,0,19.340758,0
1,2018,2,24,17,1,0,0,19.654019,0
1,2018,2,24,17,2,0,0,18.161555,0
1,2018,2,24,17,3,0,0,11.779831,0
1,2018,2,24,18,0,0,0,12.738203,0
1,2018,2,24,18,1,0,0,6.576762,0
1,2018,2,24,18,2,0,0,10.095238,0
1,2018,2,24,18,3,0,0,9.963649,0
1,2018,2,24,19,0,0,0,8.458159,0
1,2018,2,24,19,1,0,0,16.359823,0
1,2018,2,24,19,2,0,0,16.888753,0
1,2018,2,24,19,3,0,0,20.380444,0
1,2018,2,24,20,0,0,0,19.255756,0
1,2018,2,24,20,1,0,0,10.574669,0
1,2018,2,24,20,2,0,0,9.275397,0
1,2018,2,24,20,3,0,0,19.244765,0
1,2018,2,24,21,0,0,0,19.810053,0
1,2018,2,24,21,1,0,0,12.067844,0
1,2018,2,24,21,2,0,0,17.757511,0
1,2018,2,24,21,3,0,0,10.977115,0
1,2018,2,24,22,0,0,0,16.956915,0
1,2018,2,24,22,1,0,0,23.605228,0
1,2018,2,24,22,2,0,0,15.320062,0
1,2018,2,24,22,3,0,0,3.795853,0
1,2018,2,24,23,0,0,0,15.746153,0
1,2018,2,24,23,1,0,0,18.533114,0
1,2018,2,24,23,2,0,0,14.280243,0
1,2018,2,24,23,3,0,0,21.442538,0
1,2018,2,25,0,0,0,0,13.463617,0
1,2018,2,25,0,1,0,0,14.111298,0
1,2018,2,25,0,2,0,0,17.224009,0
1,2018,2,25,0,3,0,0,3.795853,0
1,2018,2,25,1,0,0,0,6.112139,0
1,2018,2,25,1,1,0,0,11.849597,0
1,2018,2,25,1,2,0,0,16.180651,0
1,2018,2,25,1,3,0,0,14.034611,0
1,2018,2,25,2,0,0,0,26.85354,0
1,2018,2,25,2,1,0,0,30.75515,0
1,2018,2,25,2,2,0,0,18.61078,0
1,2018,2,25,2,3,0,0,5.978929,0
1,2018,2,25,3,0,0,0,6.907282,0
1,2018,2,25,3,1,0,0,8.383261,0
1,2018,2,25,3,2,0,0,13.071409,0
1,2018,2,25,3,3,0,0,24.185128,0
1,2018,2,25,4,0,0,0,23.749845,0
1,2018,2,25,4,1,0,0,18.011154,0
1,2018,2,25,4,2,0,0,17.989841,0
1,2018,2,25,4,3,0,0,14.832342,0
1,2018,2,25,5,0,0,0,5.64285,0
1,2018,2,25,5,1,0,0,5.111031,0
1,2018,2,25,5,2,0,0,3.981031,0
1,2018,2,25,5,3,0,0,6.438809,0
1,2018,2,25,6,0,0,0,13.197698,0
1,2018,2,25,6,1,0,0,8.896587,0
1,2018,2,25,6,2,0,0,3.981031,0
1,2018,2,25,6,3,0,0,6.217891,0
1,2018,2,25,7,0,0,0,11.476293,0
1,2018,2,25,7,1,0,0,9.680098,0
1,2018,2,25,7,2,0,0,5.374232,0
1,2018,2,25,7,3,0,0,4.682907,0
1,2018,2,25,8,0,0,0,8.133044,0
1,2018,2,25,8,1,0,0,9.180971,0
1,2018,2,25,8,2,0,0,9.517407,0
1,2018,2,25,8,3,0,0,5.825762,0
1,2018,2,25,9,0,0,0,6.474248,0
1,2018,2,25,9,1,0,0,2.833853,0
1,2018,2,25,9,2,0,0,11.012796,0
1,2018,2,25,9,3,0,0,7.034477,0
1,2018,2,25,10,0,0,0,6.325281,0
1,2018,2,25,10,1,0,0,3.852419,0
1,2018,2,25,10,2,0,0,4.234894,0
1,2018,2,25,10,3,0,0,10.171429,0
1,2018,2,25,11,0,0,0,10.020104,0
1,2018,2,25,11,1,0,0,12.201064,0
1,2018,2,25,11,2,0,0,10.348078,0
1,2018,2,25,11,3,0,0,14.17592,0
1,2018,2,25,12,0,0,0,9.9389,0
1,2018,2,25,12,1,0,0,8.339912,0
1,2018,2,25,12,2,0,0,8.328435,0
1,2018,2,25,12,3,0,0,9.397026,0
1,2018,2,25,13,0,0,0,8.655162,0
1,2018,2,25,13,1,0,0,10.068921,0
1,2018,2,25,13,2,0,0,12.109793,0
1,2018,2,25,13,3,0,0,14.819375,0
1,2018,2,25,14,0,0,0,21.950072,0
1,2018,2,25,14,1,0,0,20.277205,0
1,2018,2,25,14,2,0,0,13.631787,0
1,2018,2,25,14,3,0,0,10.74384,0
1,2018,2,25,15,0,0,0,10.086501,0
1,2018,2,25,15,1,0,0,19.068978,0
1,2018,2,25,15,2,0,0,32.388765,0
1,2018,2,25,15,3,0,0,30.490179,0
1,2018,2,25,16,0,0,0,15.910756,0
1,2018,2,25,16,1,0,0,13.3048,0
1,2018,2,25,16,2,0,0,16.990681,0
1,2018,2,25,16,3,0,0,15.312177,0
1,2018,2,25,17,0,0,0,24.963788,0
1,2018,2,25,17,1,0,0,25.248148,0
1,2018,2,25,17,2,0,0,14.776105,0
1,2018,2,25,17,3,0,0,19.746802,0
1,2018,2,25,18,0,0,0,19.231096,0
1,2018,2,25,18,1,0,0,18.498301,0
1,2018,2,25,18,2,0,0,18.750216,0
1,2018,2,25,18,3,0,0,11.704601,0
1,2018,2,25,19,0,0,0,5.53874,0
1,2018,2,25,19,1,0,0,9.830167,0
1,2018,2,25,19,2,0,0,14.276689,0
1,2018,2,25,19,3,0,0,11.352692,0
1,2018,2,25,20,0,0,0,12.399751,0
1,2018,2,25,20,1,0,0,7.484968,0
1,2018,2,25,20,2,0,0,12.258255,0
1,2018,2,25,20,3,0,0,13.959052,0
1,2018,2,25,21,0,0,0,6.583364,0
1,2018,2,25,21,1,0,0,18.486921,0
1,2018,2,25,21,2,0,0,20.671743,0
1,2018,2,25,21,3,0,0,10.022749,0
1,2018,2,25,22,0,0,0,10.816735,0
1,2018,2,25,22,1,0,0,18.104605,0
1,2018,2,25,22,2,0,0,14.51633,0
1,2018,2,25,22,3,0,0,5.238911,0
1,2018,2,25,23,0,0,0,7.93582,0
1,2018,2,25,23,1,0,0,11.913249,0
1,2018,2,25,23,2,0,0,24.636955,0
1,2018,2,25,23,3,0,0,10.788735,0
1,2018,2,26,0,0,0,0,8.631086,0
1,2018,2,26,0,1,0,0,7.774134,0
1,2018,2,26,0,2,0,0,12.6168,0
1,2018,2,26,0,3,0,0,8.379467,0
1,2018,2,26,1,0,0,0,3.5368,0
1,2018,2,26,1,1,0,0,3.5368,0
1,2018,2,26,1,2,0,0,3.506757,0
1,2018,2,26,1,3,0,0,3.086146,0
1,2018,2,26,2,0,0,0,3.660565,0
1,2018,2,26,2,1,0,0,7.394286,0
1,2018,2,26,2,2,0,0,7.394286,0
1,2018,2,26,2,3,0,0,6.245448,0
1,2018,2,26,3,0,0,0,3.086146,0
1,2018,2,26,3,1,0,0,3.086146,0
1,2018,2,26,3,2,0,0,3.086146,0
1,2018,2,26,3,3,0,0,3.086146,0
1,2018,2,26,4,0,0,0,3.086146,0
1,2018,2,26,4,1,0,0,3.086146,0
1,2018,2,26,4,2,0,0,3.086146,0
1,2018,2,26,4,3,0,0,9.566979,0
1,2018,2,26,5,0,0,0,6.582979,0
1,2018,2,26,5,1,0,0,9.965852,0
1,2018,2,26,5,2,0,0,7.19644,0
1,2018,2,26,5,3,0,0,6.441146,0
1,2018,2,26,6,0,0,0,3.533479,0
1,2018,2,26,6,1,0,0,3.086146,0
1,2018,2,26,6,2,0,0,7.719087,0
1,2018,2,26,6,3,0,0,11.32474,0
1,2018,2,26,7,0,0,0,10.366856,0
1,2018,2,26,7,1,0,0,11.866575,0
1,2018,2,26,7,2,0,0,15.233093,0
1,2018,2,26,7,3,0,0,14.387866,0
1,2018,2,26,8,0,0,0,9.569407,0
1,2018,2,26,8,1,0,0,11.504255,0
1,2018,2,26,8,2,0,0,8.00843,0
1,2018,2,26,8,3,0,0,7.881813,0
1,2018,2,26,9,0,0,0,12.431717,0
1,2018,2,26,9,1,0,0,15.902143,0
1,2018,2,26,9,2,0,0,12.941038,0
1,2018,2,26,9,3,0,0,15.730006,0
1,2018,2,26,10,0,0,0,16.143104,0
1,2018,2,26,10,1,0,0,19.255186,0
1,2018,2,26,10,2,0,0,19.514576,0
1,2018,2,26,10,3,0,0,20.26618,0
1,2018,2,26,11,0,0,0,23.026848,0
1,2018,2,26,11,1,0,0,17.725655,0
1,2018,2,26,11,2,0,0,21.004804,0
1,2018,2,26,11,3,0,0,21.139206,0
1,2018,2,26,12,0,0,0,17.830685,0
1,2018,2,26,12,1,0,0,28.39623,0
1,2018,2,26,12,2,0,0,33.909926,0
1,2018,2,26,12,3,0,0,37.111619,0
1,2018,2,26,13,0,0,0,37.575137,0
1,2018,2,26,13,1,0,0,37.837238,0
1,2018,2,26,13,2,0,0,32.320953,0
1,2018,2,26,13,3,0,0,24.360706,0
1,2018,2,26,14,0,0,0,17.957436,0
1,2018,2,26,14,1,0,0,18.930662,0
1,2018,2,26,14,2,0,0,24.007474,0
1,2018,2,26,14,3,0,0,29.686405,0
1,2018,2,26,15,0,0,0,28.842546,0
1,2018,2,26,15,1,0,0,27.977712,0
1,2018,2,26,15,2,0,0,26.028831,0
1,2018,2,26,15,3,0,0,24.482401,0
1,2018,2,26,16,0,0,0,19.206055,0
1,2018,2,26,16,1,0,0,15.105185,0
1,2018,2,26,16,2,0,0,21.543061,0
1,2018,2,26,16,3,0,0,18.20187,0
1,2018,2,26,17,0,0,0,17.164077,0
1,2018,2,26,17,1,0,0,12.289199,0
1,2018,2,26,17,2,0,0,13.945326,0
1,2018,2,26,17,3,0,0,23.947856,0
1,2018,2,26,18,0,0,0,21.893567,0
1,2018,2,26,18,1,0,0,27.36948,0
1,2018,2,26,18,2,0,0,25.402901,0
1,2018,2,26,18,3,0,0,18.213162,0
1,2018,2,26,19,0,0,0,9.093419,0
1,2018,2,26,19,1,0,0,7.161068,0
1,2018,2,26,19,2,0,0,14.231261,0
1,2018,2,26,19,3,0,0,25.100252,0
1,2018,2,26,20,0,0,0,15.728058,0
1,2018,2,26,20,1,0,0,7.250111,0
1,2018,2,26,20,2,0,0,12.521347,0
1,2018,2,26,20,3,0,0,21.768127,0
1,2018,2,26,21,0,0,0,20.9966,0
1,2018,2,26,21,1,0,0,12.592506,0
1,2018,2,26,21,2,0,0,8.036133,0
1,2018,2,26,21,3,0,0,11.385127,0
1,2018,2,26,22,0,0,0,8.608535,0
1,2018,2,26,22,1,0,0,9.650757,0
1,2018,2,26,22,2,0,0,14.990112,0
1,2018,2,26,22,3,0,0,15.376206,0
1,2018,2,26,23,0,0,0,10.616778,0
1,2018,2,26,23,1,0,0,8.665686,0
1,2018,2,26,23,2,0,0,9.074036,0
1,2018,2,26,23,3,0,0,11.491814,0
1,2018,2,27,0,0,0,0,8.469591,0
1,2018,2,27,0,1,0,0,8.325753,0
1,2018,2,27,0,2,0,0,16.790269,0
1,2018,2,27,0,3,0,0,20.906721,0
1,2018,2,27,1,0,0,0,17.373178,0
1,2018,2,27,1,1,0,0,10.77848,0
1,2018,2,27,1,2,0,0,12.898774,0
1,2018,2,27,1,3,0,0,14.148518,0
1,2018,2,27,2,0,0,0,14.148518,0
1,2018,2,27,2,1,0,0,8.515494,0
1,2018,2,27,2,2,0,0,6.467122,0
1,2018,2,27,2,3,0,0,6.467122,0
1,2018,2,27,3,0,0,0,6.467122,0
1,2018,2,27,3,1,0,0,6.467122,0
1,2018,2,27,3,2,0,0,11.602596,0
1,2018,2,27,3,3,0,0,11.574816,0
1,2018,2,27,4,0,0,0,7.061875,0
1,2018,2,27,4,1,0,0,7.061875,0
1,2018,2,27,4,2,0,0,7.004661,0
1,2018,2,27,4,3,0,0,6.360809,0
1,2018,2,27,5,0,0,0,6.79405,0
1,2018,2,27,5,1,0,0,7.569136,0
1,2018,2,27,5,2,0,0,9.89724,0
1,2018,2,27,5,3,0,0,7.026809,0
1,2018,2,27,6,0,0,0,6.156809,0
1,2018,2,27,6,1,0,0,7.130727,0
1,2018,2,27,6,2,0,0,7.374207,0
1,2018,2,27,6,3,0,0,6.080311,0
1,2018,2,27,7,0,0,0,6.739706,0
1,2018,2,27,7,1,0,0,6.149461,0
1,2018,2,27,7,2,0,0,13.046656,0
1,2018,2,27,7,3,0,0,15.479585,0
1,2018,2,27,8,0,0,0,10.09698,0
1,2018,2,27,8,1,0,0,10.443667,0
1,2018,2,27,8,2,0,0,7.519166,0
1,2018,2,27,8,3,0,0,16.294293,0
1,2018,2,27,9,0,0,0,19.305623,0
1,2018,2,27,9,1,0,0,18.102633,0
1,2018,2,27,9,2,0,0,12.517454,0
1,2018,2,27,9,3,0,0,16.284111,0
1,2018,2,27,10,0,0,0,15.545202,0
1,2018,2,27,10,1,0,0,7.396437,0
1,2018,2,27,10,2,0,0,7.678116,0
1,2018,2,27,10,3,0,0,17.458691,0
1,2018,2,27,11,0,0,0,18.643257,0
1,2018,2,27,11,1,0,0,13.059647,0
1,2018,2,27,11,2,0,0,7.822535,0
1,2018,2,27,11,3,0,0,17.392276,0
1,2018,2,27,12,0,0,0,22.375344,0
1,2018,2,27,12,1,0,0,24.309194,0
1,2018,2,27,12,2,0,0,20.825055,0
1,2018,2,27,12,3,0,0,35.259878,0
1,2018,2,27,13,0,0,0,39.285045,0
1,2018,2,27,13,1,0,0,23.685303,0
1,2018,2,27,13,2,0,0,25.025598,0
1,2018,2,27,13,3,0,0,23.918281,0
1,2018,2,27,14,0,0,0,24.501498,0
1,2018,2,27,14,1,0,0,23.225682,0
1,2018,2,27,14,2,0,0,27.286102,0
1,2018,2,27,14,3,0,0,23.741003,0
1,2018,2,27,15,0,0,0,28.948613,0
1,2018,2,27,15,1,0,0,24.632572,0
1,2018,2,27,15,2,0,0,17.509318,0
1,2018,2,27,15,3,0,0,18.11555,0
1,2018,2,27,16,0,0,0,18.050731,0
1,2018,2,27,16,1,0,0,19.540009,0
1,2018,2,27,16,2,0,0,28.534013,0
1,2018,2,27,16,3,0,0,20.804085,0
1,2018,2,27,17,0,0,0,14.769953,0
1,2018,2,27,17,1,0,0,14.089528,0
1,2018,2,27,17,2,0,0,12.825754,0
1,2018,2,27,17,3,0,0,8.430321,0
1,2018,2,27,18,0,0,0,5.299702,0
1,2018,2,27,18,1,0,0,4.225366,0
1,2018,2,27,18,2,0,0,4.306897,0
1,2018,2,27,18,3,0,0,8.929151,0
1,2018,2,27,19,0,0,0,12.319079,0
1,2018,2,27,19,1,0,0,18.724086,0
1,2018,2,27,19,2,0,0,10.335468,0
1,2018,2,27,19,3,0,0,12.532374,0
1,2018,2,27,20,0,0,0,19.411569,0
1,2018,2,27,20,1,0,0,17.671099,0
1,2018,2,27,20,2,0,0,9.183956,0
1,2018,2,27,20,3,0,0,7.187893,0
1,2018,2,27,21,0,0,0,9.946995,0
1,2018,2,27,21,1,0,0,10.008191,0
1,2018,2,27,21,2,0,0,6.353514,0
1,2018,2,27,21,3,0,0,7.89168,0
1,2018,2,27,22,0,0,0,11.551167,0
1,2018,2,27,22,1,0,0,19.812417,0
1,2018,2,27,22,2,0,0,15.931063,0
1,2018,2,27,22,3,0,0,12.221513,0
1,2018,2,27,23,0,0,0,15.208719,0
1,2018,2,27,23,1,0,0,11.430841,0
1,2018,2,27,23,2,0,0,4.689628,0
1,2018,2,27,23,3,0,0,4.689628,0
1,2018,2,28,0,0,0,0,6.910771,0
1,2018,2,28,0,1,0,0,13.038937,0
1,2018,2,28,0,2,0,0,10.050969,0
1,2018,2,28,0,3,0,0,12.675905,0
1,2018,2,28,1,0,0,0,16.181817,0
1,2018,2,28,1,1,0,0,17.895537,0
1,2018,2,28,1,2,0,0,18.996446,0
1,2018,2,28,1,3,0,0,17.855195,0
1,2018,2,28,2,0,0,0,10.326804,0
1,2018,2,28,2,1,0,0,7.801725,0
1,2018,2,28,2,2,0,0,8.07276,0
1,2018,2,28,2,3,0,0,12.269076,0
1,2018,2,28,3,0,0,0,4.475918,0
1,2018,2,28,3,1,0,0,4.475918,0
1,2018,2,28,3,2,0,0,4.475918,0
1,2018,2,28,3,3,0,0,4.475918,0
1,2018,2,28,4,0,0,0,4.463916,0
1,2018,2,28,4,1,0,0,3.638262,0
1,2018,2,28,4,2,0,0,10.023716,0
1,2018,2,28,4,3,0,0,14.762302,0
1,2018,2,28,5,0,0,0,10.758767,0
1,2018,2,28,5,1,0,0,5.192807,0
1,2018,2,28,5,2,0,0,4.933716,0
1,2018,2,28,5,3,0,0,3.638262,0
1,2018,2,28,6,0,0,0,3.638262,0
1,2018,2,28,6,1,0,0,7.182928,0
1,2018,2,28,6,2,0,0,4.500738,0
1,2018,2,28,6,3,0,0,8.395404,0
1,2018,2,28,7,0,0,0,10.86189,0
1,2018,2,28,7,1,0,0,11.258534,0
1,2018,2,28,7,2,0,0,9.075597,0
1,2018,2,28,7,3,0,0,7.674417,0
1,2018,2,28,8,0,0,0,8.275184,0
1,2018,2,28,8,1,0,0,8.99373,0
1,2018,2,28,8,2,0,0,10.810703,0
1,2018,2,28,8,3,0,0,13.473569,0
1,2018,2,28,9,0,0,0,15.187952,0
1,2018,2,28,9,1,0,0,14.506018,0
1,2018,2,28,9,2,0,0,18.187624,0
1,2018,2,28,9,3,0,0,17.879483,0
1,2018,2,28,10,0,0,0,23.236036,0
1,2018,2,28,10,1,0,0,10.169174,0
1,2018,2,28,10,2,0,0,5.970212,0
1,2018,2,28,10,3,0,0,8.433642,0
1,2018,2,28,11,0,0,0,14.312426,0
1,2018,2,28,11,1,0,0,23.35183,0
1,2018,2,28,11,2,0,0,21.902945,0
1,2018,2,28,11,3,0,0,19.675303,0
1,2018,2,28,12,0,0,0,11.728212,0
1,2018,2,28,12,1,0,0,15.800459,0
1,2018,2,28,12,2,0,0,21.963,0
1,2018,2,28,12,3,0,0,24.922282,0
1,2018,2,28,13,0,0,0,19.551582,0
1,2018,2,28,13,1,0,0,22.462511,0
1,2018,2,28,13,2,0,0,25.3778,0
1,2018,2,28,13,3,0,0,19.180541,0
1,2018,2,28,14,0,0,0,16.482874,0
1,2018,2,28,14,1,0,0,25.307742,0
1,2018,2,28,14,2,0,0,18.252485,0
1,2018,2,28,14,3,0,0,19.465434,0
1,2018,2,28,15,0,0,0,17.915829,0
1,2018,2,28,15,1,0,0,23.456252,0
1,2018,2,28,15,2,0,0,13.950563,0
1,2018,2,28,15,3,0,0,9.846641,0
1,2018,2,28,16,0,0,0,9.38389,0
1,2018,2,28,16,1,0,0,6.814977,0
1,2018,2,28,16,2,0,0,9.408396,0
1,2018,2,28,16,3,0,0,15.269823,0
1,2018,2,28,17,0,0,0,14.317212,0
1,2018,2,28,17,1,0,0,10.274806,0
1,2018,2,28,17,2,0,0,12.403819,0
1,2018,2,28,17,3,0,0,11.803087,0
1,2018,2,28,18,0,0,0,19.963205,0
1,2018,2,28,18,1,0,0,18.793793,0
1,2018,2,28,18,2,0,0,5.199801,0
1,2018,2,28,18,3,0,0,3.539086,0
1,2018,2,28,19,0,0,0,3.539086,0
1,2018,2,28,19,1,0,0,3.539086,0
1,2018,2,28,19,2,0,0,3.539086,0
1,2018,2,28,19,3,0,0,8.166086,0
1,2018,2,28,20,0,0,0,10.617466,0
1,2018,2,28,20,1,0,0,10.983672,0
1,2018,2,28,20,2,0,0,6.669119,0
1,2018,2,28,20,3,0,0,4.229131,0
1,2018,2,28,21,0,0,0,4.357646,0
1,2018,2,28,21,1,0,0,9.144705,0
1,2018,2,28,21,2,0,0,5.830587,0
1,2018,2,28,21,3,0,0,7.871535,0
1,2018,2,28,22,0,0,0,9.149313,0
1,2018,2,28,22,1,0,0,8.770944,0
1,2018,2,28,22,2,0,0,7.76613,0
1,2018,2,28,22,3,0,0,3.613352,0
1,2018,2,28,23,0,0,0,3.613352,0
1,2018,2,28,23,1,0,0,4.221269,0
1,2018,2,28,23,2,0,0,4.525227,0
1,2018,2,28,23,3,0,0,7.232595,0
1,2018,3,1,0,0,0,0,9.176001,0
1,2018,3,1,0,1,0,0,8.689668,0
1,2018,3,1,0,2,0,0,3.613352,0
1,2018,3,1,0,3,0,0,3.613352,0
1,2018,3,1,1,0,0,0,3.613352,0
1,2018,3,1,1,1,0,0,3.613352,0
1,2018,3,1,1,2,0,0,3.613352,0
1,2018,3,1,1,3,0,0,3.613352,0
1,2018,3,1,2,0,0,0,3.613352,0
1,2018,3,1,2,1,0,0,3.613352,0
1,2018,3,1,2,2,0,0,3.613352,0
1,2018,3,1,2,3,0,0,3.613352,0
1,2018,3,1,3,0,0,0,6.434781,0
1,2018,3,1,3,1,0,0,6.434781,0
1,2018,3,1,3,2,0,0,5.870495,0
1,2018,3,1,3,3,0,0,3.613352,0
1,2018,3,1,4,0,0,0,3.613352,0
1,2018,3,1,4,1,0,0,3.613352,0
1,2018,3,1,4,2,0,0,3.613352,0
1,2018,3,1,4,3,0,0,3.613352,0
1,2018,3,1,5,0,0,0,6.557102,0
1,2018,3,1,5,1,0,0,7.29304,0
1,2018,3,1,5,2,0,0,4.839915,0
1,2018,3,1,5,3,0,0,3.613352,0
1,2018,3,1,6,0,0,0,3.613352,0
1,2018,3,1,6,1,0,0,3.3414,0
1,2018,3,1,6,2,0,0,3.432807,0
1,2018,3,1,6,3,0,0,5.169206,0
1,2018,3,1,7,0,0,0,4.723589,0
1,2018,3,1,7,1,0,0,4.140763,0
1,2018,3,1,7,2,0,0,3.356966,0
1,2018,3,1,7,3,0,0,10.732008,0
1,2018,3,1,8,0,0,0,12.959764,0
1,2018,3,1,8,1,0,0,10.91544,0
1,2018,3,1,8,2,0,0,9.114645,0
1,2018,3,1,8,3,0,0,7.189594,0
1,2018,3,1,9,0,0,0,9.837428,0
1,2018,3,1,9,1,0,0,9.910062,0
1,2018,3,1,9,2,0,0,12.762891,0
1,2018,3,1,9,3,0,0,11.428243,0
1,2018,3,1,10,0,0,0,13.102052,0
1,2018,3,1,10,1,0,0,12.732598,0
1,2018,3,1,10,2,0,0,9.702483,0
1,2018,3,1,10,3,0,0,11.38676,0
1,2018,3,1,11,0,0,0,9.490297,0
1,2018,3,1,11,1,0,0,15.730478,0
1,2018,3,1,11,2,0,0,16.845389,0
1,2018,3,1,11,3,0,0,16.554246,0
1,2018,3,1,12,0,0,0,17.728378,0
1,2018,3,1,12,1,0,0,22.556352,0
1,2018,3,1,12,2,0,0,12.019681,0
1,2018,3,1,12,3,0,0,9.261907,0
1,2018,3,1,13,0,0,0,11.476228,0
1,2018,3,1,13,1,0,0,12.740367,0
1,2018,3,1,13,2,0,0,12.048209,0
1,2018,3,1,13,3,0,0,7.432082,0
1,2018,3,1,14,0,0,0,7.960233,0
1,2018,3,1,14,1,0,0,7.059675,0
1,2018,3,1,14,2,0,0,10.963707,0
1,2018,3,1,14,3,0,0,14.712448,0
1,2018,3,1,15,0,0,0,15.110038,0
1,2018,3,1,15,1,0,0,12.801949,0
1,2018,3,1,15,2,0,0,12.756939,0
1,2018,3,1,15,3,0,0,11.717691,0
1,2018,3,1,16,0,0,0,8.073994,0
1,2018,3,1,16,1,0,0,12.057552,0
1,2018,3,1,16,2,0,0,12.585439,0
1,2018,3,1,16,3,0,0,6.168311,0
1,2018,3,1,17,0,0,0,4.70821,0
1,2018,3,1,17,1,0,0,9.426024,0
1,2018,3,1,17,2,0,0,3.768881,0
1,2018,3,1,17,3,0,0,3.771708,0
1,2018,3,1,18,0,0,0,5.668729,0
1,2018,3,1,18,1,0,0,5.928252,0
1,2018,3,1,18,2,0,0,6.066764,0
1,2018,3,1,18,3,0,0,8.248017,0
1,2018,3,1,19,0,0,0,15.153022,0
1,2018,3,1,19,1,0,0,11.386728,0
1,2018,3,1,19,2,0,0,8.112832,0
1,2018,3,1,19,3,0,0,8.071025,0
1,2018,3,1,20,0,0,0,11.715028,0
1,2018,3,1,20,1,0,0,13.289668,0
1,2018,3,1,20,2,0,0,10.393828,0
1,2018,3,1,20,3,0,0,13.124628,0
1,2018,3,1,21,0,0,0,10.874628,0
1,2018,3,1,21,1,0,0,9.724207,0
1,2018,3,1,21,2,0,0,22.148043,0
1,2018,3,1,21,3,0,0,19.273043,0
1,2018,3,1,22,0,0,0,9.376685,0
1,2018,3,1,22,1,0,0,14.032499,0
1,2018,3,1,22,2,0,0,9.475499,0
1,2018,3,1,22,3,0,0,11.641382,0
1,2018,3,1,23,0,0,0,15.821989,0
1,2018,3,1,23,1,0,0,15.694853,0
1,2018,3,1,23,2,0,0,18.052387,0
1,2018,3,1,23,3,0,0,11.555003,0
1,2018,3,2,0,0,0,0,4.210176,0
1,2018,3,2,0,1,0,0,4.210176,0
1,2018,3,2,0,2,0,0,4.210176,0
1,2018,3,2,0,3,0,0,4.210176,0
1,2018,3,2,1,0,0,0,4.210176,0
1,2018,3,2,1,1,0,0,8.798092,0
1,2018,3,2,1,2,0,0,11.975121,0
1,2018,3,2,1,3,0,0,14.992513,0
1,2018,3,2,2,0,0,0,8.034976,0
1,2018,3,2,2,1,0,0,4.210176,0
1,2018,3,2,2,2,0,0,4.210176,0
1,2018,3,2,2,3,0,0,4.210176,0
1,2018,3,2,3,0,0,0,4.210176,0
1,2018,3,2,3,1,0,0,4.210176,0
1,2018,3,2,3,2,0,0,4.210176,0
1,2018,3,2,3,3,0,0,4.210176,0
1,2018,3,2,4,0,0,0,4.210176,0
1,2018,3,2,4,1,0,0,4.210176,0
1,2018,3,2,4,2,0,0,4.210176,0
1,2018,3,2,4,3,0,0,4.210176,0
1,2018,3,2,5,0,0,0,4.210176,0
1,2018,3,2,5,1,0,0,4.210176,0
1,2018,3,2,5,2,0,0,4.210176,0
1,2018,3,2,5,3,0,0,4.210176,0
1,2018,3,2,6,0,0,0,4.210176,0
1,2018,3,2,6,1,0,0,4.210176,0
1,2018,3,2,6,2,0,0,4.210176,0
1,2018,3,2,6,3,0,0,4.061093,0
1,2018,3,2,7,0,0,0,5.20422,0
1,2018,3,2,7,1,0,0,7.506113,0
1,2018,3,2,7,2,0,0,7.241624,0
1,2018,3,2,7,3,0,0,8.950496,0
1,2018,3,2,8,0,0,0,15.318404,0
1,2018,3,2,8,1,0,0,13.820876,0
1,2018,3,2,8,2,0,0,12.119807,0
1,2018,3,2,8,3,0,0,15.790818,0
1,2018,3,2,9,0,0,0,11.006321,0
1,2018,3,2,9,1,0,0,7.814959,0
1,2018,3,2,9,2,0,0,11.458182,0
1,2018,3,2,9,3,0,0,9.925678,0
1,2018,3,2,10,0,0,0,6.805128,0
1,2018,3,2,10,1,0,0,7.443185,0
1,2018,3,2,10,2,0,0,5.115968,0
1,2018,3,2,10,3,0,0,6.587823,0
1,2018,3,2,11,0,0,0,8.82091,0
1,2018,3,2,11,1,0,0,9.59419,0
1,2018,3,2,11,2,0,0,6.957557,0
1,2018,3,2,11,3,0,0,11.836607,0
1,2018,3,2,12,0,0,0,17.400678,0
1,2018,3,2,12,1,0,0,25.832875,0
1,2018,3,2,12,2,0,0,24.893566,0
1,2018,3,2,12,3,0,0,15.342757,0
1,2018,3,2,13,0,0,0,14.678334,0
1,2018,3,2,13,1,0,0,10.810441,0
1,2018,3,2,13,2,0,0,16.470177,0
1,2018,3,2,13,3,0,0,23.21968,0
1,2018,3,2,14,0,0,0,15.752643,0
1,2018,3,2,14,1,0,0,15.632283,0
1,2018,3,2,14,2,0,0,20.296417,0
1,2018,3,2,14,3,0,0,19.853017,0
1,2018,3,2,15,0,0,0,25.558947,0
1,2018,3,2,15,1,0,0,21.379109,0
1,2018,3,2,15,2,0,0,19.573457,0
1,2018,3,2,15,3,0,0,14.069251,0
1,2018,3,2,16,0,0,0,9.457786,0
1,2018,3,2,16,1,0,0,7.429275,0
1,2018,3,2,16,2,0,0,7.012567,0
1,2018,3,2,16,3,0,0,6.876753,0
1,2018,3,2,17,0,0,0,6.333497,0
1,2018,3,2,17,1,0,0,6.333497,0
1,2018,3,2,17,2,0,0,6.333497,0
1,2018,3,2,17,3,0,0,7.303008,0
1,2018,3,2,18,0,0,0,15.480803,0
1,2018,3,2,18,1,0,0,23.072199,0
1,2018,3,2,18,2,0,0,17.964031,0
1,2018,3,2,18,3,0,0,11.770501,0
1,2018,3,2,19,0,0,0,10.618553,0
1,2018,3,2,19,1,0,0,10.22464,0
1,2018,3,2,19,2,0,0,4.205991,0
1,2018,3,2,19,3,0,0,6.08907,0
1,2018,3,2,20,0,0,0,9.826384,0
1,2018,3,2,20,1,0,0,18.624019,0
1,2018,3,2,20,2,0,0,10.623016,0
1,2018,3,2,20,3,0,0,7.845389,0
1,2018,3,2,21,0,0,0,6.595014,0
1,2018,3,2,21,1,0,0,5.515534,0
1,2018,3,2,21,2,0,0,7.917034,0
1,2018,3,2,21,3,0,0,8.223377,0
1,2018,3,2,22,0,0,0,8.223377,0
1,2018,3,2,22,1,0,0,8.548896,0
1,2018,3,2,22,2,0,0,8.436345,0
1,2018,3,2,22,3,0,0,16.645717,0
1,2018,3,2,23,0,0,0,12.134825,0
1,2018,3,2,23,1,0,0,13.215504,0
1,2018,3,2,23,2,0,0,13.54021,0
1,2018,3,2,23,3,0,0,10.310901,0
1,2018,3,3,0,0,0,0,8.813725,0
1,2018,3,3,0,1,0,0,3.312244,0
1,2018,3,3,0,2,0,0,3.312244,0
1,2018,3,3,0,3,0,0,3.312244,0
1,2018,3,3,1,0,0,0,3.312244,0
1,2018,3,3,1,1,0,0,3.312244,0
1,2018,3,3,1,2,0,0,3.312244,0
1,2018,3,3,1,3,0,0,3.312244,0
1,2018,3,3,2,0,0,0,3.312244,0
1,2018,3,3,2,1,0,0,3.312244,0
1,2018,3,3,2,2,0,0,3.312244,0
1,2018,3,3,2,3,0,0,3.312244,0
1,2018,3,3,3,0,0,0,3.312244,0
1,2018,3,3,3,1,0,0,3.312244,0
1,2018,3,3,3,2,0,0,3.312244,0
1,2018,3,3,3,3,0,0,3.312244,0
1,2018,3,3,4,0,0,0,3.015343,0
1,2018,3,3,4,1,0,0,2.676028,0
1,2018,3,3,4,2,0,0,2.676028,0
1,2018,3,3,4,3,0,0,2.676028,0
1,2018,3,3,5,0,0,0,2.676028,0
1,2018,3,3,5,1,0,0,2.676028,0
1,2018,3,3,5,2,0,0,2.676028,0
1,2018,3,3,5,3,0,0,2.676028,0
1,2018,3,3,6,0,0,0,2.676028,0
1,2018,3,3,6,1,0,0,2.676028,0
1,2018,3,3,6,2,0,0,2.676028,0
1,2018,3,3,6,3,0,0,2.564421,0
1,2018,3,3,7,0,0,0,2.251363,0
1,2018,3,3,7,1,0,0,1.970548,0
1,2018,3,3,7,2,0,0,1.752769,0
1,2018,3,3,7,3,0,0,1.43115,0
1,2018,3,3,8,0,0,0,1.43115,0
1,2018,3,3,8,1,0,0,1.395189,0
1,2018,3,3,8,2,0,0,1.334742,0
1,2018,3,3,8,3,0,0,1.334742,0
1,2018,3,3,9,0,0,0,1.334742,0
1,2018,3,3,9,1,0,0,1.334742,0
1,2018,3,3,9,2,0,0,1.334742,0
1,2018,3,3,9,3,0,0,1.311644,0
1,2018,3,3,10,0,0,0,1.285245,0
1,2018,3,3,10,1,0,0,1.285245,0
1,2018,3,3,10,2,0,0,1.285245,0
1,2018,3,3,10,3,0,0,1.285245,0
1,2018,3,3,11,0,0,0,1.285245,0
1,2018,3,3,11,1,0,0,1.285245,0
1,2018,3,3,11,2,0,0,1.285245,0
1,2018,3,3,11,3,0,0,1.285245,0
1,2018,3,3,12,0,0,0,1.285245,0
1,2018,3,3,12,1,0,0,1.285245,0
1,2018,3,3,12,2,0,0,1.285245,0
1,2018,3,3,12,3,0,0,1.285245,0
1,2018,3,3,13,0,0,0,1.285245,0
1,2018,3,3,13,1,0,0,1.285245,0
1,2018,3,3,13,2,0,0,1.285245,0
1,2018,3,3,13,3,0,0,1.254817,0
1,2018,3,3,14,0,0,0,1.25208,0
1,2018,3,3,14,1,0,0,0.928916,0
1,2018,3,3,14,2,0,0,0.894128,0
1,2018,3,3,14,3,0,0,0.861939,0
1,2018,3,3,15,0,0,0,0.861939,0
1,2018,3,3,15,1,0,0,0.861939,0
1,2018,3,3,15,2,0,0,0.861939,0
1,2018,3,3,15,3,0,0,0.740711,0
1,2018,3,3,16,0,0,0,0.634636,0
1,2018,3,3,16,1,0,0,0.634636,0
1,2018,3,3,16,2,0,0,0.634636,0
1,2018,3,3,16,3,0,0,0.616251,0
1,2018,3,3,17,0,0,0,0.59524,0
1,2018,3,3,17,1,0,0,0.59524,0
1,2018,3,3,17,2,0,0,0.59524,0
1,2018,3,3,17,3,0,0,0.59524,0
1,2018,3,3,18,0,0,0,0.59524,0
1,2018,3,3,18,1,0,0,0.59524,0
1,2018,3,3,18,2,0,0,0.59524,0
1,2018,3,3,18,3,0,0,0.59524,0
1,2018,3,3,19,0,0,0,0.59524,0
1,2018,3,3,19,1,0,0,0.59524,0
1,2018,3,3,19,2,0,0,0.59524,0
1,2018,3,3,19,3,0,0,0.59524,0
1,2018,3,3,20,0,0,0,0.59524,0
1,2018,3,3,20,1,0,0,0.59524,0
1,2018,3,3,20,2,0,0,0.59524,0
1,2018,3,3,20,3,0,0,0.59524,0
1,2018,3,3,21,0,0,0,0.59524,0
1,2018,3,3,21,1,0,0,0.59524,0
1,2018,3,3,21,2,0,0,0.59524,0
1,2018,3,3,21,3,0,0,0.59524,0
1,2018,3,3,22,0,0,0,0.59524,0
1,2018,3,3,22,1,0,0,0.59524,0
1,2018,3,3,22,2,0,0,0.59524,0
1,2018,3,3,22,3,0,0,0.59524,0
1,2018,3,3,23,0,0,0,0.59524,0
1,2018,3,3,23,1,0,0,0.59524,0
1,2018,3,3,23,2,0,0,0.59524,0
1,2018,3,3,23,3,0,0,0.59524,0
1,2018,3,4,0,0,0,0,0.59524,0
1,2018,3,4,0,1,0,0,0.59524,0
1,2018,3,4,0,2,0,0,0.59524,0
1,2018,3,4,0,3,0,0,0.59524,0
1,2018,3,4,1,0,0,0,0.59524,0
1,2018,3,4,1,1,0,0,0.59524,0
1,2018,3,4,1,2,0,0,0.59524,0
1,2018,3,4,1,3,0,0,0.59524,0
1,2018,3,4,2,0,0,0,0.59524,0
1,2018,3,4,2,1,0,0,0.59524,0
1,2018,3,4,2,2,0,0,0.59524,0
1,2018,3,4,2,3,0,0,0.59524,0
1,2018,3,4,3,0,0,0,0.59524,0
1,2018,3,4,3,1,0,0,0.59524,0
1,2018,3,4,3,2,0,0,0.59524,0
1,2018,3,4,3,3,0,0,0.59524,0
1,2018,3,4,4,0,0,0,0.59524,0
1,2018,3,4,4,1,0,0,0.59524,0
1,2018,3,4,4,2,0,0,0.59524,0
1,2018,3,4,4,3,0,0,0.59524,0
1,2018,3,4,5,0,0,0,0.59524,0
1,2018,3,4,5,1,0,0,0.59524,0
1,2018,3,4,5,2,0,0,0.59524,0
1,2018,3,4,5,3,0,0,0.59524,0
1,2018,3,4,6,0,0,0,0.59524,0
1,2018,3,4,6,1,0,0,0.59524,0
1,2018,3,4,6,2,0,0,0.59524,0
1,2018,3,4,6,3,0,0,0.59524,0
1,2018,3,4,7,0,0,0,0.59524,0
1,2018,3,4,7,1,0,0,0.59524,0
1,2018,3,4,7,2,0,0,0.59524,0
1,2018,3,4,7,3,0,0,0.59524,0
1,2018,3,4,8,0,0,0,0.59524,0
1,2018,3,4,8,1,0,0,0.59524,0
1,2018,3,4,8,2,0,0,0.59524,0
1,2018,3,4,8,3,0,0,0.59524,0
1,2018,3,4,9,0,0,0,0.59524,0
1,2018,3,4,9,1,0,0,0.59524,0
1,2018,3,4,9,2,0,0,0.59524,0
1,2018,3,4,9,3,0,0,0.59524,0
1,2018,3,4,10,0,0,0,0.59524,0
1,2018,3,4,10,1,0,0,0.59524,0
1,2018,3,4,10,2,0,0,0.59524,0
1,2018,3,4,10,3,0,0,0.59524,0
1,2018,3,4,11,0,0,0,0.59524,0
1,2018,3,4,11,1,0,0,0.59524,0
1,2018,3,4,11,2,0,0,0.59524,0
1,2018,3,4,11,3,0,0,0.59524,0
1,2018,3,4,12,0,0,0,0.59524,0
1,2018,3,4,12,1,0,0,0.59524,0
1,2018,3,4,12,2,0,0,0.59524,0
1,2018,3,4,12,3,0,0,0.59524,0
1,2018,3,4,13,0,0,0,0.59524,0
1,2018,3,4,13,1,0,0,0.59524,0
1,2018,3,4,13,2,0,0,0.59524,0
1,2018,3,4,13,3,0,0,0.59524,0
1,2018,3,4,14,0,0,0,0.59524,0
1,2018,3,4,14,1,0,0,0.59524,0
1,2018,3,4,14,2,0,0,0.59524,0
1,2018,3,4,14,3,0,0,0.59524,0
1,2018,3,4,15,0,0,0,0.59524,0
1,2018,3,4,15,1,0,0,0.59524,0
1,2018,3,4,15,2,0,0,0.59524,0
1,2018,3,4,15,3,0,0,0.59524,0
1,2018,3,4,16,0,0,0,0.59524,0
1,2018,3,4,16,1,0,0,0.59524,0
1,2018,3,4,16,2,0,0,0.59524,0
1,2018,3,4,16,3,0,0,0.59524,0
1,2018,3,4,17,0,0,0,0.59524,0
1,2018,3,4,17,1,0,0,0.564342,0
1,2018,3,4,17,2,0,0,0.559589,0
1,2018,3,4,17,3,0,0,0.559589,0
1,2018,3,4,18,0,0,0,0.559589,0
1,2018,3,4,18,1,0,0,0.559589,0
1,2018,3,4,18,2,0,0,0.559589,0
1,2018,3,4,18,3,0,0,0.559589,0
1,2018,3,4,19,0,0,0,0.559589,0
1,2018,3,4,19,1,0,0,0.559589,0
1,2018,3,4,19,2,0,0,0.559589,0
1,2018,3,4,19,3,0,0,0.559589,0
1,2018,3,4,20,0,0,0,0.559589,0
1,2018,3,4,20,1,0,0,0.559589,0
1,2018,3,4,20,2,0,0,0.559589,0
1,2018,3,4,20,3,0,0,0.559589,0
1,2018,3,4,21,0,0,0,0.559589,0
1,2018,3,4,21,1,0,0,0.559589,0
1,2018,3,4,21,2,0,0,0.559589,0
1,2018,3,4,21,3,0,0,0.559589,0
1,2018,3,4,22,0,0,0,0.559589,0
1,2018,3,4,22,1,0,0,0.559589,0
1,2018,3,4,22,2,0,0,0.559589,0
1,2018,3,4,22,3,0,0,0.559589,0
1,2018,3,4,23,0,0,0,0.559589,0
1,2018,3,4,23,1,0,0,0.559589,0
1,2018,3,4,23,2,0,0,0.559589,0
1,2018,3,4,23,3,0,0,0.559589,0
1,2018,3,5,0,0,0,0,2.886554,0
1,2018,3,5,0,1,0,0,8.361575,0
1,2018,3,5,0,2,0,0,4.885802,0
1,2018,3,5,0,3,0,0,0.613573,0
1,2018,3,5,1,0,0,0,6.275678,0
1,2018,3,5,1,1,0,0,8.334625,0
1,2018,3,5,1,2,0,0,6.790415,0
1,2018,3,5,1,3,0,0,0.613573,0
1,2018,3,5,2,0,0,0,0.613573,0
1,2018,3,5,2,1,0,0,0.613573,0
1,2018,3,5,2,2,0,0,0.613573,0
1,2018,3,5,2,3,0,0,0.613573,0
1,2018,3,5,3,0,0,0,0.613573,0
1,2018,3,5,3,1,0,0,0.613573,0
1,2018,3,5,3,2,0,0,0.613573,0
1,2018,3,5,3,3,0,0,0.613573,0
1,2018,3,5,4,0,0,0,0.613573,0
1,2018,3,5,4,1,0,0,0.613573,0
1,2018,3,5,4,2,0,0,0.613573,0
1,2018,3,5,4,3,0,0,1.201073,0
1,2018,3,5,5,0,0,0,8.536102,0
1,2018,3,5,5,1,0,0,10.204706,0
1,2018,3,5,5,2,0,0,8.148456,0
1,2018,3,5,5,3,0,0,7.723383,0
1,2018,3,5,6,0,0,0,10.947294,0
1,2018,3,5,6,1,0,0,8.541994,0
1,2018,3,5,6,2,0,0,1.731573,0
1,2018,3,5,6,3,0,0,3.13472,0
1,2018,3,5,7,0,0,0,4.945537,0
1,2018,3,5,7,1,0,0,5.777697,0
1,2018,3,5,7,2,0,0,2.777859,0
1,2018,3,5,7,3,0,0,1.300619,0
1,2018,3,5,8,0,0,0,5.872843,0
1,2018,3,5,8,1,0,0,11.221753,0
1,2018,3,5,8,2,0,0,10.493699,0
1,2018,3,5,8,3,0,0,7.598231,0
1,2018,3,5,9,0,0,0,3.627747,0
1,2018,3,5,9,1,0,0,4.771584,0
1,2018,3,5,9,2,0,0,15.80554,0
1,2018,3,5,9,3,0,0,17.014168,0
1,2018,3,5,10,0,0,0,9.777059,0
1,2018,3,5,10,1,0,0,18.031147,0
1,2018,3,5,10,2,0,0,19.05135,0
1,2018,3,5,10,3,0,0,28.355804,0
1,2018,3,5,11,0,0,0,27.25549,0
1,2018,3,5,11,1,0,0,20.97307,0
1,2018,3,5,11,2,0,0,25.477229,0
1,2018,3,5,11,3,0,0,26.145505,0
1,2018,3,5,12,0,0,0,26.067859,0
1,2018,3,5,12,1,0,0,14.297441,0
1,2018,3,5,12,2,0,0,24.759629,0
1,2018,3,5,12,3,0,0,23.42955,0
1,2018,3,5,13,0,0,0,27.238083,0
1,2018,3,5,13,1,0,0,32.714008,0
1,2018,3,5,13,2,0,0,35.391728,0
1,2018,3,5,13,3,0,0,25.283166,0
1,2018,3,5,14,0,0,0,21.655894,0
1,2018,3,5,14,1,0,0,19.721652,0
1,2018,3,5,14,2,0,0,14.447958,0
1,2018,3,5,14,3,0,0,14.852783,0
1,2018,3,5,15,0,0,0,12.560495,0
1,2018,3,5,15,1,0,0,10.717494,0
1,2018,3,5,15,2,0,0,13.001201,0
1,2018,3,5,15,3,0,0,13.871008,0
1,2018,3,5,16,0,0,0,16.791152,0
1,2018,3,5,16,1,0,0,12.684829,0
1,2018,3,5,16,2,0,0,13.341051,0
1,2018,3,5,16,3,0,0,16.498851,0
1,2018,3,5,17,0,0,0,18.717033,0
1,2018,3,5,17,1,0,0,24.177651,0
1,2018,3,5,17,2,0,0,28.891262,0
1,2018,3,5,17,3,0,0,22.49523,0
1,2018,3,5,18,0,0,0,17.478589,0
1,2018,3,5,18,1,0,0,20.254202,0
1,2018,3,5,18,2,0,0,14.38444,0
1,2018,3,5,18,3,0,0,8.17129,0
1,2018,3,5,19,0,0,0,11.297372,0
1,2018,3,5,19,1,0,0,10.185632,0
1,2018,3,5,19,2,0,0,10.589871,0
1,2018,3,5,19,3,0,0,18.644237,0
1,2018,3,5,20,0,0,0,20.11606,0
1,2018,3,5,20,1,0,0,16.755122,0
1,2018,3,5,20,2,0,0,22.612622,0
1,2018,3,5,20,3,0,0,15.396446,0
1,2018,3,5,21,0,0,0,10.431648,0
1,2018,3,5,21,1,0,0,7.502898,0
1,2018,3,5,21,2,0,0,4.427898,0
1,2018,3,5,21,3,0,0,13.282576,0
1,2018,3,5,22,0,0,0,14.906682,0
1,2018,3,5,22,1,0,0,5.070016,0
1,2018,3,5,22,2,0,0,8.652238,0
1,2018,3,5,22,3,0,0,13.119372,0
1,2018,3,5,23,0,0,0,10.785805,0
1,2018,3,5,23,1,0,0,9.642647,0
1,2018,3,5,23,2,0,0,5.638735,0
1,2018,3,5,23,3,0,0,10.697885,0
1,2018,3,6,0,0,0,0,13.288302,0
1,2018,3,6,0,1,0,0,13.935906,0
1,2018,3,6,0,2,0,0,8.451633,0
1,2018,3,6,0,3,0,0,4.687776,0
1,2018,3,6,1,0,0,0,5.017691,0
1,2018,3,6,1,1,0,0,5.041256,0
1,2018,3,6,1,2,0,0,5.041256,0
1,2018,3,6,1,3,0,0,10.537819,0
1,2018,3,6,2,0,0,0,12.536569,0
1,2018,3,6,2,1,0,0,8.039381,0
1,2018,3,6,2,2,0,0,5.041256,0
1,2018,3,6,2,3,0,0,5.041256,0
1,2018,3,6,3,0,0,0,5.041256,0
1,2018,3,6,3,1,0,0,5.041256,0
1,2018,3,6,3,2,0,0,5.041256,0
1,2018,3,6,3,3,0,0,5.041256,0
1,2018,3,6,4,0,0,0,7.333756,0
1,2018,3,6,4,1,0,0,7.988756,0
1,2018,3,6,4,2,0,0,13.310006,0
1,2018,3,6,4,3,0,0,13.310006,0
1,2018,3,6,5,0,0,0,6.143756,0
1,2018,3,6,5,1,0,0,5.041256,0
1,2018,3,6,5,2,0,0,5.041256,0
1,2018,3,6,5,3,0,0,5.614589,0
1,2018,3,6,6,0,0,0,7.047923,0
1,2018,3,6,6,1,0,0,13.343875,0
1,2018,3,6,6,2,0,0,14.345066,0
1,2018,3,6,6,3,0,0,9.286594,0
1,2018,3,6,7,0,0,0,8.747076,0
1,2018,3,6,7,1,0,0,8.952181,0
1,2018,3,6,7,2,0,0,16.332486,0
1,2018,3,6,7,3,0,0,8.344071,0
1,2018,3,6,8,0,0,0,12.051623,0
1,2018,3,6,8,1,0,0,10.104125,0
1,2018,3,6,8,2,0,0,10.477675,0
1,2018,3,6,8,3,0,0,9.140257,0
1,2018,3,6,9,0,0,0,10.310076,0
1,2018,3,6,9,1,0,0,8.136421,0
1,2018,3,6,9,2,0,0,15.672782,0
1,2018,3,6,9,3,0,0,22.287122,0
1,2018,3,6,10,0,0,0,27.26327,0
1,2018,3,6,10,1,0,0,32.251741,0
1,2018,3,6,10,2,0,0,30.881522,0
1,2018,3,6,10,3,0,0,30.824396,0
1,2018,3,6,11,0,0,0,23.725994,0
1,2018,3,6,11,1,0,0,26.046304,0
1,2018,3,6,11,2,0,0,26.697831,0
1,2018,3,6,11,3,0,0,34.304128,0
1,2018,3,6,12,0,0,0,22.843379,0
1,2018,3,6,12,1,0,0,17.550716,0
1,2018,3,6,12,2,0,0,24.959775,0
1,2018,3,6,12,3,0,0,35.083398,0
1,2018,3,6,13,0,0,0,33.225487,0
1,2018,3,6,13,1,0,0,36.205604,0
1,2018,3,6,13,2,0,0,22.746534,0
1,2018,3,6,13,3,0,0,22.748283,0
1,2018,3,6,14,0,0,0,25.711859,0
1,2018,3,6,14,1,0,0,21.901303,0
1,2018,3,6,14,2,0,0,17.447926,0
1,2018,3,6,14,3,0,0,14.065212,0
1,2018,3,6,15,0,0,0,17.095255,0
1,2018,3,6,15,1,0,0,19.877256,0
1,2018,3,6,15,2,0,0,19.509203,0
1,2018,3,6,15,3,0,0,20.397996,0
1,2018,3,6,16,0,0,0,26.656636,0
1,2018,3,6,16,1,0,0,21.502913,0
1,2018,3,6,16,2,0,0,30.41939,0
1,2018,3,6,16,3,0,0,21.803972,0
1,2018,3,6,17,0,0,0,25.369907,0
1,2018,3,6,17,1,0,0,21.145089,0
1,2018,3,6,17,2,0,0,17.372939,0
1,2018,3,6,17,3,0,0,8.486593,0
1,2018,3,6,18,0,0,0,12.275538,0
1,2018,3,6,18,1,0,0,17.250327,0
1,2018,3,6,18,2,0,0,24.554914,0
1,2018,3,6,18,3,0,0,14.537294,0
1,2018,3,6,19,0,0,0,12.464203,0
1,2018,3,6,19,1,0,0,9.679543,0
1,2018,3,6,19,2,0,0,9.965225,0
1,2018,3,6,19,3,0,0,12.319309,0
1,2018,3,6,20,0,0,0,11.958905,0
1,2018,3,6,20,1,0,0,11.319339,0
1,2018,3,6,20,2,0,0,11.948787,0
1,2018,3,6,20,3,0,0,11.637248,0
1,2018,3,6,21,0,0,0,11.637248,0
1,2018,3,6,21,1,0,0,8.55351,0
1,2018,3,6,21,2,0,0,6.953453,0
1,2018,3,6,21,3,0,0,15.246741,0
1,2018,3,6,22,0,0,0,14.414436,0
1,2018,3,6,22,1,0,0,15.22279,0
1,2018,3,6,22,2,0,0,14.515075,0
1,2018,3,6,22,3,0,0,6.988401,0
1,2018,3,6,23,0,0,0,5.881991,0
1,2018,3,6,23,1,0,0,10.566834,0
1,2018,3,6,23,2,0,0,11.875133,0
1,2018,3,6,23,3,0,0,11.840639,0
1,2018,3,7,0,0,0,0,7.306056,0
1,2018,3,7,0,1,0,0,5.438556,0
1,2018,3,7,0,2,0,0,5.438556,0
1,2018,3,7,0,3,0,0,5.438556,0
1,2018,3,7,1,0,0,0,12.684448,0
1,2018,3,7,1,1,0,0,14.785627,0
1,2018,3,7,1,2,0,0,7.435593,0
1,2018,3,7,1,3,0,0,5.438556,0
1,2018,3,7,2,0,0,0,5.438556,0
1,2018,3,7,2,1,0,0,5.438556,0
1,2018,3,7,2,2,0,0,5.438556,0
1,2018,3,7,2,3,0,0,5.438556,0
1,2018,3,7,3,0,0,0,5.438556,0
1,2018,3,7,3,1,0,0,5.438556,0
1,2018,3,7,3,2,0,0,5.438556,0
1,2018,3,7,3,3,0,0,5.438556,0
1,2018,3,7,4,0,0,0,5.438556,0
1,2018,3,7,4,1,0,0,5.803941,0
1,2018,3,7,4,2,0,0,15.319734,0
1,2018,3,7,4,3,0,0,16.407454,0
1,2018,3,7,5,0,0,0,15.880077,0
1,2018,3,7,5,1,0,0,15.870841,0
1,2018,3,7,5,2,0,0,15.579463,0
1,2018,3,7,5,3,0,0,16.387087,0
1,2018,3,7,6,0,0,0,15.901809,0
1,2018,3,7,6,1,0,0,12.957398,0
1,2018,3,7,6,2,0,0,8.376667,0
1,2018,3,7,6,3,0,0,10.51536,0
1,2018,3,7,7,0,0,0,8.22911,0
1,2018,3,7,7,1,0,0,8.500152,0
1,2018,3,7,7,2,0,0,10.379336,0
1,2018,3,7,7,3,0,0,10.984046,0
1,2018,3,7,8,0,0,0,17.746717,0
1,2018,3,7,8,1,0,0,25.783659,0
1,2018,3,7,8,2,0,0,7.251634,0
1,2018,3,7,8,3,0,0,7.653029,0
1,2018,3,7,9,0,0,0,10.703877,0
1,2018,3,7,9,1,0,0,15.919349,0
1,2018,3,7,9,2,0,0,17.490458,0
1,2018,3,7,9,3,0,0,20.761547,0
1,2018,3,7,10,0,0,0,17.509672,0
1,2018,3,7,10,1,0,0,15.948565,0
1,2018,3,7,10,2,0,0,16.82508,0
1,2018,3,7,10,3,0,0,23.296118,0
1,2018,3,7,11,0,0,0,21.010275,0
1,2018,3,7,11,1,0,0,25.985106,0
1,2018,3,7,11,2,0,0,31.384416,0
1,2018,3,7,11,3,0,0,20.445628,0
1,2018,3,7,12,0,0,0,23.295526,0
1,2018,3,7,12,1,0,0,22.602485,0
1,2018,3,7,12,2,0,0,26.609394,0
1,2018,3,7,12,3,0,0,24.666998,0
1,2018,3,7,13,0,0,0,20.677668,0
1,2018,3,7,13,1,0,0,22.509682,0
1,2018,3,7,13,2,0,0,22.890705,0
1,2018,3,7,13,3,0,0,25.997846,0
1,2018,3,7,14,0,0,0,24.592144,0
1,2018,3,7,14,1,0,0,23.191416,0
1,2018,3,7,14,2,0,0,21.634009,0
1,2018,3,7,14,3,0,0,15.794619,0
1,2018,3,7,15,0,0,0,15.470958,0
1,2018,3,7,15,1,0,0,16.030472,0
1,2018,3,7,15,2,0,0,13.533527,0
1,2018,3,7,15,3,0,0,12.105091,0
1,2018,3,7,16,0,0,0,11.642826,0
1,2018,3,7,16,1,0,0,15.173184,0
1,2018,3,7,16,2,0,0,19.39153,0
1,2018,3,7,16,3,0,0,22.865765,0
1,2018,3,7,17,0,0,0,17.85464,0
1,2018,3,7,17,1,0,0,18.220042,0
1,2018,3,7,17,2,0,0,22.496553,0
1,2018,3,7,17,3,0,0,21.47248,0
1,2018,3,7,18,0,0,0,8.193078,0
1,2018,3,7,18,1,0,0,7.261564,0
1,2018,3,7,18,2,0,0,14.156465,0
1,2018,3,7,18,3,0,0,14.531351,0
1,2018,3,7,19,0,0,0,18.491711,0
1,2018,3,7,19,1,0,0,21.876902,0
1,2018,3,7,19,2,0,0,24.097744,0
1,2018,3,7,19,3,0,0,21.798012,0
1,2018,3,7,20,0,0,0,19.676671,0
1,2018,3,7,20,1,0,0,17.527173,0
1,2018,3,7,20,2,0,0,11.768116,0
1,2018,3,7,20,3,0,0,10.991713,0
1,2018,3,7,21,0,0,0,12.542635,0
1,2018,3,7,21,1,0,0,15.828083,0
1,2018,3,7,21,2,0,0,8.183378,0
1,2018,3,7,21,3,0,0,6.209442,0
1,2018,3,7,22,0,0,0,9.573587,0
1,2018,3,7,22,1,0,0,10.963338,0
1,2018,3,7,22,2,0,0,10.963338,0
1,2018,3,7,22,3,0,0,10.963338,0
1,2018,3,7,23,0,0,0,5.815138,0
1,2018,3,7,23,1,0,0,5.815138,0
1,2018,3,7,23,2,0,0,6.212104,0
1,2018,3,7,23,3,0,0,6.834015,0
1,2018,3,8,0,0,0,0,14.452611,0
1,2018,3,8,0,1,0,0,13.934611,0
1,2018,3,8,0,2,0,0,15.855111,0
1,2018,3,8,0,3,0,0,12.640111,0
1,2018,3,8,1,0,0,0,5.782611,0
1,2018,3,8,1,1,0,0,5.782611,0
1,2018,3,8,1,2,0,0,5.782611,0
1,2018,3,8,1,3,0,0,5.782611,0
1,2018,3,8,2,0,0,0,5.782611,0
1,2018,3,8,2,1,0,0,5.813183,0
1,2018,3,8,2,2,0,0,5.93547,0
1,2018,3,8,2,3,0,0,5.93547,0
1,2018,3,8,3,0,0,0,5.93547,0
1,2018,3,8,3,1,0,0,5.93547,0
1,2018,3,8,3,2,0,0,5.93547,0
1,2018,3,8,3,3,0,0,5.93547,0
1,2018,3,8,4,0,0,0,5.93547,0
1,2018,3,8,4,1,0,0,5.93547,0
1,2018,3,8,4,2,0,0,5.93547,0
1,2018,3,8,4,3,0,0,9.818948,0
1,2018,3,8,5,0,0,0,8.431992,0
1,2018,3,8,5,1,0,0,5.93547,0
1,2018,3,8,5,2,0,0,5.93547,0
1,2018,3,8,5,3,0,0,8.735364,0
1,2018,3,8,6,0,0,0,14.167057,0
1,2018,3,8,6,1,0,0,6.889307,0
1,2018,3,8,6,2,0,0,14.362428,0
1,2018,3,8,6,3,0,0,14.115289,0
1,2018,3,8,7,0,0,0,8.23069,0
1,2018,3,8,7,1,0,0,7.423341,0
1,2018,3,8,7,2,0,0,8.547804,0
1,2018,3,8,7,3,0,0,8.344439,0
1,2018,3,8,8,0,0,0,12.998524,0
1,2018,3,8,8,1,0,0,17.996753,0
1,2018,3,8,8,2,0,0,19.687492,0
1,2018,3,8,8,3,0,0,18.657971,0
1,2018,3,8,9,0,0,0,25.412638,0
1,2018,3,8,9,1,0,0,32.052468,0
1,2018,3,8,9,2,0,0,29.451381,0
1,2018,3,8,9,3,0,0,22.307009,0
1,2018,3,8,10,0,0,0,21.090326,0
1,2018,3,8,10,1,0,0,21.229441,0
1,2018,3,8,10,2,0,0,18.514038,0
1,2018,3,8,10,3,0,0,11.099508,0
1,2018,3,8,11,0,0,0,15.711086,0
1,2018,3,8,11,1,0,0,21.859487,0
1,2018,3,8,11,2,0,0,22.141007,0
1,2018,3,8,11,3,0,0,23.772292,0
1,2018,3,8,12,0,0,0,25.645269,0
1,2018,3,8,12,1,0,0,24.469872,0
1,2018,3,8,12,2,0,0,17.363206,0
1,2018,3,8,12,3,0,0,25.905706,0
1,2018,3,8,13,0,0,0,28.043884,0
1,2018,3,8,13,1,0,0,19.992352,0
1,2018,3,8,13,2,0,0,18.632635,0
1,2018,3,8,13,3,0,0,20.150632,0
1,2018,3,8,14,0,0,0,24.420523,0
1,2018,3,8,14,1,0,0,26.972441,0
1,2018,3,8,14,2,0,0,19.336109,0
1,2018,3,8,14,3,0,0,14.387815,0
1,2018,3,8,15,0,0,0,14.978291,0
1,2018,3,8,15,1,0,0,22.436484,0
1,2018,3,8,15,2,0,0,29.212259,0
1,2018,3,8,15,3,0,0,26.647987,0
1,2018,3,8,16,0,0,0,25.163413,0
1,2018,3,8,16,1,0,0,24.938928,0
1,2018,3,8,16,2,0,0,33.527929,0
1,2018,3,8,16,3,0,0,18.815962,0
1,2018,3,8,17,0,0,0,16.735093,0
1,2018,3,8,17,1,0,0,15.76784,0
1,2018,3,8,17,2,0,0,15.03442,0
1,2018,3,8,17,3,0,0,13.5059,0
1,2018,3,8,18,0,0,0,11.108324,0
1,2018,3,8,18,1,0,0,9.583894,0
1,2018,3,8,18,2,0,0,8.659394,0
1,2018,3,8,18,3,0,0,10.742162,0
1,2018,3,8,19,0,0,0,17.445604,0
1,2018,3,8,19,1,0,0,12.294614,0
1,2018,3,8,19,2,0,0,6.377092,0
1,2018,3,8,19,3,0,0,17.000165,0
1,2018,3,8,20,0,0,0,16.027039,0
1,2018,3,8,20,1,0,0,14.653965,0
1,2018,3,8,20,2,0,0,11.977211,0
1,2018,3,8,20,3,0,0,14.181834,0
1,2018,3,8,21,0,0,0,21.308625,0
1,2018,3,8,21,1,0,0,19.609292,0
1,2018,3,8,21,2,0,0,19.959255,0
1,2018,3,8,21,3,0,0,16.53741,0
1,2018,3,8,22,0,0,0,8.845863,0
1,2018,3,8,22,1,0,0,8.042309,0
1,2018,3,8,22,2,0,0,10.626879,0
1,2018,3,8,22,3,0,0,11.792009,0
1,2018,3,8,23,0,0,0,5.161609,0
1,2018,3,8,23,1,0,0,4.688009,0
1,2018,3,8,23,2,0,0,6.445017,0
1,2018,3,8,23,3,0,0,11.215565,0
1,2018,3,9,0,0,0,0,6.561741,0
1,2018,3,9,0,1,0,0,12.106447,0
1,2018,3,9,0,2,0,0,12.106447,0
1,2018,3,9,0,3,0,0,8.067189,0
1,2018,3,9,1,0,0,0,14.286434,0
1,2018,3,9,1,1,0,0,7.60513,0
1,2018,3,9,1,2,0,0,5.175565,0
1,2018,3,9,1,3,0,0,5.27863,0
1,2018,3,9,2,0,0,0,5.285992,0
1,2018,3,9,2,1,0,0,5.285992,0
1,2018,3,9,2,2,0,0,5.285992,0
1,2018,3,9,2,3,0,0,5.285992,0
1,2018,3,9,3,0,0,0,5.285992,0
1,2018,3,9,3,1,0,0,5.285992,0
1,2018,3,9,3,2,0,0,10.373492,0
1,2018,3,9,3,3,0,0,8.338492,0
1,2018,3,9,4,0,0,0,5.285992,0
1,2018,3,9,4,1,0,0,5.285992,0
1,2018,3,9,4,2,0,0,5.285992,0
1,2018,3,9,4,3,0,0,5.285992,0
1,2018,3,9,5,0,0,0,5.285992,0
1,2018,3,9,5,1,0,0,5.285992,0
1,2018,3,9,5,2,0,0,5.285992,0
1,2018,3,9,5,3,0,0,5.285992,0
1,2018,3,9,6,0,0,0,5.205096,0
1,2018,3,9,6,1,0,0,5.112643,0
1,2018,3,9,6,2,0,0,5.570132,0
1,2018,3,9,6,3,0,0,7.516671,0
1,2018,3,9,7,0,0,0,9.758798,0
1,2018,3,9,7,1,0,0,10.361891,0
1,2018,3,9,7,2,0,0,7.850888,0
1,2018,3,9,7,3,0,0,6.812371,0
1,2018,3,9,8,0,0,0,4.951489,0
1,2018,3,9,8,1,0,0,12.066631,0
1,2018,3,9,8,2,0,0,11.953196,0
1,2018,3,9,8,3,0,0,12.217585,0
1,2018,3,9,9,0,0,0,11.622741,0
1,2018,3,9,9,1,0,0,21.005169,0
1,2018,3,9,9,2,0,0,25.926132,0
1,2018,3,9,9,3,0,0,20.371817,0
1,2018,3,9,10,0,0,0,19.077471,0
1,2018,3,9,10,1,0,0,19.767954,0
1,2018,3,9,10,2,0,0,15.121382,0
1,2018,3,9,10,3,0,0,19.828097,0
1,2018,3,9,11,0,0,0,24.654134,0
1,2018,3,9,11,1,0,0,21.516578,0
1,2018,3,9,11,2,0,0,19.327815,0
1,2018,3,9,11,3,0,0,17.436505,0
1,2018,3,9,12,0,0,0,21.822277,0
1,2018,3,9,12,1,0,0,27.438059,0
1,2018,3,9,12,2,0,0,22.172901,0
1,2018,3,9,12,3,0,0,21.004009,0
1,2018,3,9,13,0,0,0,25.145035,0
1,2018,3,9,13,1,0,0,25.90133,0
1,2018,3,9,13,2,0,0,16.937095,0
1,2018,3,9,13,3,0,0,31.264948,0
1,2018,3,9,14,0,0,0,33.207479,0
1,2018,3,9,14,1,0,0,31.140979,0
1,2018,3,9,14,2,0,0,16.223386,0
1,2018,3,9,14,3,0,0,14.692581,0
1,2018,3,9,15,0,0,0,19.296305,0
1,2018,3,9,15,1,0,0,19.565907,0
1,2018,3,9,15,2,0,0,11.07011,0
1,2018,3,9,15,3,0,0,14.061013,0
1,2018,3,9,16,0,0,0,19.202955,0
1,2018,3,9,16,1,0,0,18.303293,0
1,2018,3,9,16,2,0,0,16.854438,0
1,2018,3,9,16,3,0,0,23.903655,0
1,2018,3,9,17,0,0,0,24.790226,0
1,2018,3,9,17,1,0,0,15.49475,0
1,2018,3,9,17,2,0,0,25.166107,0
1,2018,3,9,17,3,0,0,25.134631,0
1,2018,3,9,18,0,0,0,8.943797,0
1,2018,3,9,18,1,0,0,8.964227,0
1,2018,3,9,18,2,0,0,7.476638,0
1,2018,3,9,18,3,0,0,10.479219,0
1,2018,3,9,19,0,0,0,14.928549,0
1,2018,3,9,19,1,0,0,15.551406,0
1,2018,3,9,19,2,0,0,8.662292,0
1,2018,3,9,19,3,0,0,21.61431,0
1,2018,3,9,20,0,0,0,24.009739,0
1,2018,3,9,20,1,0,0,21.11127,0
1,2018,3,9,20,2,0,0,14.371442,0
1,2018,3,9,20,3,0,0,15.68563,0
1,2018,3,9,21,0,0,0,15.415002,0
1,2018,3,9,21,1,0,0,11.58711,0
1,2018,3,9,21,2,0,0,8.332252,0
1,2018,3,9,21,3,0,0,17.616621,0
1,2018,3,9,22,0,0,0,18.384746,0
1,2018,3,9,22,1,0,0,14.494746,0
1,2018,3,9,22,2,0,0,16.287038,0
1,2018,3,9,22,3,0,0,27.574724,0
1,2018,3,9,23,0,0,0,15.91354,0
1,2018,3,9,23,1,0,0,12.182936,0
1,2018,3,9,23,2,0,0,16.477347,0
1,2018,3,9,23,3,0,0,8.578806,0
1,2018,3,10,0,0,0,0,16.086306,0
1,2018,3,10,0,1,0,0,8.470259,0
1,2018,3,10,0,2,0,0,7.873623,0
1,2018,3,10,0,3,0,0,15.974724,0
1,2018,3,10,1,0,0,0,13.81917,0
1,2018,3,10,1,1,0,0,18.149988,0
1,2018,3,10,1,2,0,0,23.682058,0
1,2018,3,10,1,3,0,0,23.802248,0
1,2018,3,10,2,0,0,0,20.118211,0
1,2018,3,10,2,1,0,0,6.659705,0
1,2018,3,10,2,2,0,0,4.074442,0
1,2018,3,10,2,3,0,0,4.074442,0
1,2018,3,10,3,0,0,0,4.074442,0
1,2018,3,10,3,1,0,0,4.170731,0
1,2018,3,10,3,2,0,0,7.89048,0
1,2018,3,10,3,3,0,0,8.532833,0
1,2018,3,10,4,0,0,0,18.215029,0
1,2018,3,10,4,1,0,0,10.488632,0
1,2018,3,10,4,2,0,0,7.936279,0
1,2018,3,10,4,3,0,0,7.936279,0
1,2018,3,10,5,0,0,0,6.908043,0
1,2018,3,10,5,1,0,0,4.080396,0
1,2018,3,10,5,2,0,0,10.502896,0
1,2018,3,10,5,3,0,0,8.667896,0
1,2018,3,10,6,0,0,0,4.080396,0
1,2018,3,10,6,1,0,0,4.080396,0
1,2018,3,10,6,2,0,0,4.608321,0
1,2018,3,10,6,3,0,0,5.403416,0
1,2018,3,10,7,0,0,0,8.629647,0
1,2018,3,10,7,1,0,0,8.742954,0
1,2018,3,10,7,2,0,0,10.423866,0
1,2018,3,10,7,3,0,0,11.340168,0
1,2018,3,10,8,0,0,0,14.3047,0
1,2018,3,10,8,1,0,0,14.54983,0
1,2018,3,10,8,2,0,0,8.559562,0
1,2018,3,10,8,3,0,0,9.922187,0
1,2018,3,10,9,0,0,0,14.834498,0
1,2018,3,10,9,1,0,0,18.452674,0
1,2018,3,10,9,2,0,0,15.51637,0
1,2018,3,10,9,3,0,0,13.134845,0
1,2018,3,10,10,0,0,0,9.454753,0
1,2018,3,10,10,1,0,0,9.516689,0
1,2018,3,10,10,2,0,0,9.917947,0
1,2018,3,10,10,3,0,0,13.124859,0
1,2018,3,10,11,0,0,0,10.333402,0
1,2018,3,10,11,1,0,0,13.577045,0
1,2018,3,10,11,2,0,0,18.295796,0
1,2018,3,10,11,3,0,0,18.317004,0
1,2018,3,10,12,0,0,0,17.06218,0
1,2018,3,10,12,1,0,0,19.34917,0
1,2018,3,10,12,2,0,0,13.614182,0
1,2018,3,10,12,3,0,0,18.102463,0
1,2018,3,10,13,0,0,0,15.50965,0
1,2018,3,10,13,1,0,0,18.115894,0
1,2018,3,10,13,2,0,0,25.814044,0
1,2018,3,10,13,3,0,0,21.319419,0
1,2018,3,10,14,0,0,0,21.448044,0
1,2018,3,10,14,1,0,0,23.772911,0
1,2018,3,10,14,2,0,0,26.387545,0
1,2018,3,10,14,3,0,0,31.993998,0
1,2018,3,10,15,0,0,0,23.921333,0
1,2018,3,10,15,1,0,0,31.620311,0
1,2018,3,10,15,2,0,0,23.581788,0
1,2018,3,10,15,3,0,0,15.811782,0
1,2018,3,10,16,0,0,0,15.793702,0
1,2018,3,10,16,1,0,0,18.059416,0
1,2018,3,10,16,2,0,0,18.413489,0
1,2018,3,10,16,3,0,0,14.153781,0
1,2018,3,10,17,0,0,0,17.950254,0
1,2018,3,10,17,1,0,0,14.342506,0
1,2018,3,10,17,2,0,0,9.157075,0
1,2018,3,10,17,3,0,0,15.157472,0
1,2018,3,10,18,0,0,0,19.498055,0
1,2018,3,10,18,1,0,0,6.076528,0
1,2018,3,10,18,2,0,0,9.521855,0
1,2018,3,10,18,3,0,0,20.188175,0
1,2018,3,10,19,0,0,0,14.614795,0
1,2018,3,10,19,1,0,0,13.897342,0
1,2018,3,10,19,2,0,0,16.926039,0
1,2018,3,10,19,3,0,0,12.005862,0
1,2018,3,10,20,0,0,0,18.924578,0
1,2018,3,10,20,1,0,0,21.428398,0
1,2018,3,10,20,2,0,0,26.426294,0
1,2018,3,10,20,3,0,0,22.912279,0
1,2018,3,10,21,0,0,0,14.465933,0
1,2018,3,10,21,1,0,0,13.459149,0
1,2018,3,10,21,2,0,0,11.56029,0
1,2018,3,10,21,3,0,0,25.103707,0
1,2018,3,10,22,0,0,0,20.14146,0
1,2018,3,10,22,1,0,0,16.047854,0
1,2018,3,10,22,2,0,0,5.341512,0
1,2018,3,10,22,3,0,0,5.159978,0
1,2018,3,10,23,0,0,0,10.988399,0
1,2018,3,10,23,1,0,0,7.241557,0
1,2018,3,10,23,2,0,0,13.051833,0
1,2018,3,10,23,3,0,0,19.35479,0
1,2018,3,11,0,0,0,0,25.542261,0
1,2018,3,11,0,1,0,0,17.374379,0
1,2018,3,11,0,2,0,0,10.232209,0
1,2018,3,11,0,3,0,0,21.660728,0
1,2018,3,11,1,0,0,0,18.824802,0
1,2018,3,11,1,1,0,0,21.112209,0
1,2018,3,11,1,2,0,0,22.29385,0
1,2018,3,11,1,3,0,0,14.475331,0
1,2018,3,11,2,0,0,0,12.588188,0
1,2018,3,11,2,1,0,0,5.039617,0
1,2018,3,11,2,2,0,0,6.999617,0
1,2018,3,11,2,3,0,0,10.212375,0
1,2018,3,11,3,0,0,0,9.130996,0
1,2018,3,11,3,1,0,0,14.398165,0
1,2018,3,11,3,2,0,0,19.246895,0
1,2018,3,11,3,3,0,0,26.640983,0
1,2018,3,11,4,0,0,0,12.732772,0
1,2018,3,11,4,1,0,0,16.930105,0
1,2018,3,11,4,2,0,0,12.263439,0
1,2018,3,11,4,3,0,0,5.263439,0
1,2018,3,11,5,0,0,0,11.481474,0
1,2018,3,11,5,1,0,0,21.339793,0
1,2018,3,11,5,2,0,0,21.193192,0
1,2018,3,11,5,3,0,0,14.651126,0
1,2018,3,11,6,0,0,0,15.791892,0
1,2018,3,11,6,1,0,0,17.308858,0
1,2018,3,11,6,2,0,0,14.482659,0
1,2018,3,11,6,3,0,0,7.962155,0
1,2018,3,11,7,0,0,0,8.604061,0
1,2018,3,11,7,1,0,0,8.176626,0
1,2018,3,11,7,2,0,0,5.633855,0
1,2018,3,11,7,3,0,0,5.389232,0
1,2018,3,11,8,0,0,0,4.891048,0
1,2018,3,11,8,1,0,0,6.128259,0
1,2018,3,11,8,2,0,0,10.420946,0
1,2018,3,11,8,3,0,0,16.794187,0
1,2018,3,11,9,0,0,0,10.917308,0
1,2018,3,11,9,1,0,0,11.092221,0
1,2018,3,11,9,2,0,0,8.63971,0
1,2018,3,11,9,3,0,0,6.750424,0
1,2018,3,11,10,0,0,0,6.600993,0
1,2018,3,11,10,1,0,0,10.229023,0
1,2018,3,11,10,2,0,0,3.943289,0
1,2018,3,11,10,3,0,0,2.943168,0
1,2018,3,11,11,0,0,0,6.075664,0
1,2018,3,11,11,1,0,0,8.72222,0
1,2018,3,11,11,2,0,0,7.672997,0
1,2018,3,11,11,3,0,0,6.623429,0
1,2018,3,11,12,0,0,0,9.923958,0
1,2018,3,11,12,1,0,0,9.616916,0
1,2018,3,11,12,2,0,0,17.368527,0
1,2018,3,11,12,3,0,0,18.287584,0
1,2018,3,11,13,0,0,0,14.103257,0
1,2018,3,11,13,1,0,0,18.160242,0
1,2018,3,11,13,2,0,0,22.35078,0
1,2018,3,11,13,3,0,0,19.617581,0
1,2018,3,11,14,0,0,0,16.652208,0
1,2018,3,11,14,1,0,0,16.435775,0
1,2018,3,11,14,2,0,0,22.207666,0
1,2018,3,11,14,3,0,0,26.129677,0
1,2018,3,11,15,0,0,0,22.414141,0
1,2018,3,11,15,1,0,0,19.600452,0
1,2018,3,11,15,2,0,0,17.308385,0
1,2018,3,11,15,3,0,0,15.566707,0
1,2018,3,11,16,0,0,0,10.603234,0
1,2018,3,11,16,1,0,0,15.924133,0
1,2018,3,11,16,2,0,0,12.565125,0
1,2018,3,11,16,3,0,0,11.396736,0
1,2018,3,11,17,0,0,0,12.481136,0
1,2018,3,11,17,1,0,0,12.098326,0
1,2018,3,11,17,2,0,0,9.045318,0
1,2018,3,11,17,3,0,0,13.015224,0
1,2018,3,11,18,0,0,0,8.7862,0
1,2018,3,11,18,1,0,0,5.825641,0
1,2018,3,11,18,2,0,0,11.350233,0
1,2018,3,11,18,3,0,0,18.887491,0
1,2018,3,11,19,0,0,0,19.293839,0
1,2018,3,11,19,1,0,0,7.695683,0
1,2018,3,11,19,2,0,0,7.932681,0
1,2018,3,11,19,3,0,0,17.279638,0
1,2018,3,11,20,0,0,0,20.634512,0
1,2018,3,11,20,1,0,0,26.518015,0
1,2018,3,11,20,2,0,0,19.05271,0
1,2018,3,11,20,3,0,0,17.107831,0
1,2018,3,11,21,0,0,0,14.298364,0
1,2018,3,11,21,1,0,0,10.594995,0
1,2018,3,11,21,2,0,0,10.625745,0
1,2018,3,11,21,3,0,0,7.712513,0
1,2018,3,11,22,0,0,0,7.923864,0
1,2018,3,11,22,1,0,0,10.344222,0
1,2018,3,11,22,2,0,0,19.388135,0
1,2018,3,11,22,3,0,0,16.805218,0
1,2018,3,11,23,0,0,0,19.844963,0
1,2018,3,11,23,1,0,0,18.767117,0
1,2018,3,11,23,2,0,0,13.521284,0
1,2018,3,11,23,3,0,0,12.793433,0
1,2018,3,12,0,0,0,0,13.593643,0
1,2018,3,12,0,1,0,0,17.333301,0
1,2018,3,12,0,2,0,0,11.483196,0
1,2018,3,12,0,3,0,0,7.579621,0
1,2018,3,12,1,0,0,0,16.829221,0
1,2018,3,12,1,1,0,0,10.662821,0
1,2018,3,12,1,2,0,0,4.886715,0
1,2018,3,12,1,3,0,0,4.791588,0
1,2018,3,12,2,0,0,0,4.791588,0
1,2018,3,12,2,1,0,0,4.791588,0
1,2018,3,12,2,2,0,0,4.791588,0
1,2018,3,12,2,3,0,0,7.628184,0
1,2018,3,12,3,0,0,0,8.337333,0
1,2018,3,12,3,1,0,0,8.337333,0
1,2018,3,12,3,2,0,0,5.973503,0
1,2018,3,12,3,3,0,0,4.791588,0
1,2018,3,12,4,0,0,0,4.791588,0
1,2018,3,12,4,1,0,0,14.59516,0
1,2018,3,12,4,2,0,0,4.791588,0
1,2018,3,12,4,3,0,0,4.791588,0
1,2018,3,12,5,0,0,0,4.791588,0
1,2018,3,12,5,1,0,0,4.791588,0
1,2018,3,12,5,2,0,0,4.791588,0
1,2018,3,12,5,3,0,0,4.791588,0
1,2018,3,12,6,0,0,0,4.791588,0
1,2018,3,12,6,1,0,0,4.791588,0
1,2018,3,12,6,2,0,0,13.501266,0
1,2018,3,12,6,3,0,0,13.095944,0
1,2018,3,12,7,0,0,0,5.346998,0
1,2018,3,12,7,1,0,0,9.212024,0
1,2018,3,12,7,2,0,0,16.104384,0
1,2018,3,12,7,3,0,0,7.731715,0
1,2018,3,12,8,0,0,0,12.668507,0
1,2018,3,12,8,1,0,0,20.957177,0
1,2018,3,12,8,2,0,0,17.414369,0
1,2018,3,12,8,3,0,0,3.969535,0
1,2018,3,12,9,0,0,0,6.137308,0
1,2018,3,12,9,1,0,0,6.480505,0
1,2018,3,12,9,2,0,0,12.267756,0
1,2018,3,12,9,3,0,0,13.995803,0
1,2018,3,12,10,0,0,0,13.5007,0
1,2018,3,12,10,1,0,0,20.775436,0
1,2018,3,12,10,2,0,0,15.529143,0
1,2018,3,12,10,3,0,0,15.135477,0
1,2018,3,12,11,0,0,0,21.101784,0
1,2018,3,12,11,1,0,0,18.757676,0
1,2018,3,12,11,2,0,0,16.282953,0
1,2018,3,12,11,3,0,0,16.829493,0
1,2018,3,12,12,0,0,0,13.184395,0
1,2018,3,12,12,1,0,0,11.570388,0
1,2018,3,12,12,2,0,0,10.615537,0
1,2018,3,12,12,3,0,0,18.421456,0
1,2018,3,12,13,0,0,0,25.595734,0
1,2018,3,12,13,1,0,0,25.098996,0
1,2018,3,12,13,2,0,0,23.51971,0
1,2018,3,12,13,3,0,0,20.299876,0
1,2018,3,12,14,0,0,0,28.071722,0
1,2018,3,12,14,1,0,0,24.474675,0
1,2018,3,12,14,2,0,0,23.526179,0
1,2018,3,12,14,3,0,0,28.902951,0
1,2018,3,12,15,0,0,0,25.42942,0
1,2018,3,12,15,1,0,0,19.911997,0
1,2018,3,12,15,2,0,0,17.015918,0
1,2018,3,12,15,3,0,0,16.090008,0
1,2018,3,12,16,0,0,0,24.192826,0
1,2018,3,12,16,1,0,0,15.689823,0
1,2018,3,12,16,2,0,0,13.776465,0
1,2018,3,12,16,3,0,0,21.66104,0
1,2018,3,12,17,0,0,0,19.744397,0
1,2018,3,12,17,1,0,0,21.762333,0
1,2018,3,12,17,2,0,0,17.460264,0
1,2018,3,12,17,3,0,0,9.087798,0
1,2018,3,12,18,0,0,0,6.229727,0
1,2018,3,12,18,1,0,0,8.360476,0
1,2018,3,12,18,2,0,0,6.297357,0
1,2018,3,12,18,3,0,0,16.764628,0
1,2018,3,12,19,0,0,0,22.55427,0
1,2018,3,12,19,1,0,0,12.739791,0
1,2018,3,12,19,2,0,0,6.205833,0
1,2018,3,12,19,3,0,0,12.154658,0
1,2018,3,12,20,0,0,0,7.94764,0
1,2018,3,12,20,1,0,0,6.231677,0
1,2018,3,12,20,2,0,0,6.097927,0
1,2018,3,12,20,3,0,0,8.879014,0
1,2018,3,12,21,0,0,0,9.890319,0
1,2018,3,12,21,1,0,0,10.167676,0
1,2018,3,12,21,2,0,0,7.10688,0
1,2018,3,12,21,3,0,0,8.980904,0
1,2018,3,12,22,0,0,0,12.712737,0
1,2018,3,12,22,1,0,0,12.831424,0
1,2018,3,12,22,2,0,0,18.632156,0
1,2018,3,12,22,3,0,0,9.746603,0
1,2018,3,12,23,0,0,0,12.878823,0
1,2018,3,12,23,1,0,0,12.406888,0
1,2018,3,12,23,2,0,0,15.560471,0
1,2018,3,12,23,3,0,0,15.7057,0
1,2018,3,13,0,0,0,0,6.396159,0
1,2018,3,13,0,1,0,0,6.396159,0
1,2018,3,13,0,2,0,0,9.976159,0
1,2018,3,13,0,3,0,0,8.944082,0
1,2018,3,13,1,0,0,0,10.791915,0
1,2018,3,13,1,1,0,0,14.584648,0
1,2018,3,13,1,2,0,0,10.762223,0
1,2018,3,13,1,3,0,0,10.762223,0
1,2018,3,13,2,0,0,0,9.406969,0
1,2018,3,13,2,1,0,0,5.68002,0
1,2018,3,13,2,2,0,0,5.68002,0
1,2018,3,13,2,3,0,0,5.68002,0
1,2018,3,13,3,0,0,0,5.68002,0
1,2018,3,13,3,1,0,0,5.68002,0
1,2018,3,13,3,2,0,0,5.68002,0
1,2018,3,13,3,3,0,0,5.68002,0
1,2018,3,13,4,0,0,0,5.68002,0
1,2018,3,13,4,1,0,0,5.68002,0
1,2018,3,13,4,2,0,0,10.154904,0
1,2018,3,13,4,3,0,0,13.13816,0
1,2018,3,13,5,0,0,0,13.13816,0
1,2018,3,13,5,1,0,0,7.668857,0
1,2018,3,13,5,2,0,0,5.68002,0
1,2018,3,13,5,3,0,0,6.597863,0
1,2018,3,13,6,0,0,0,7.375118,0
1,2018,3,13,6,1,0,0,10.507326,0
1,2018,3,13,6,2,0,0,10.610688,0
1,2018,3,13,6,3,0,0,11.556308,0
1,2018,3,13,7,0,0,0,14.653198,0
1,2018,3,13,7,1,0,0,13.004976,0
1,2018,3,13,7,2,0,0,6.035259,0
1,2018,3,13,7,3,0,0,9.279079,0
1,2018,3,13,8,0,0,0,17.173738,0
1,2018,3,13,8,1,0,0,12.354859,0
1,2018,3,13,8,2,0,0,7.669516,0
1,2018,3,13,8,3,0,0,7.411852,0
1,2018,3,13,9,0,0,0,12.751776,0
1,2018,3,13,9,1,0,0,11.033071,0
1,2018,3,13,9,2,0,0,8.527754,0
1,2018,3,13,9,3,0,0,11.149985,0
1,2018,3,13,10,0,0,0,26.769677,0
1,2018,3,13,10,1,0,0,21.062983,0
1,2018,3,13,10,2,0,0,9.900051,0
1,2018,3,13,10,3,0,0,14.284168,0
1,2018,3,13,11,0,0,0,18.941721,0
1,2018,3,13,11,1,0,0,16.221101,0
1,2018,3,13,11,2,0,0,17.043821,0
1,2018,3,13,11,3,0,0,19.564927,0
1,2018,3,13,12,0,0,0,18.100165,0
1,2018,3,13,12,1,0,0,25.657474,0
1,2018,3,13,12,2,0,0,21.682815,0
1,2018,3,13,12,3,0,0,18.92421,0
1,2018,3,13,13,0,0,0,25.343873,0
1,2018,3,13,13,1,0,0,21.748393,0
1,2018,3,13,13,2,0,0,17.871127,0
1,2018,3,13,13,3,0,0,41.544678,0
1,2018,3,13,14,0,0,0,44.571361,0
1,2018,3,13,14,1,0,0,29.838209,0
1,2018,3,13,14,2,0,0,20.981284,0
1,2018,3,13,14,3,0,0,13.699848,0
1,2018,3,13,15,0,0,0,13.862252,0
1,2018,3,13,15,1,0,0,17.508201,0
1,2018,3,13,15,2,0,0,21.733601,0
1,2018,3,13,15,3,0,0,20.263656,0
1,2018,3,13,16,0,0,0,17.916145,0
1,2018,3,13,16,1,0,0,18.592522,0
1,2018,3,13,16,2,0,0,12.299514,0
1,2018,3,13,16,3,0,0,19.940231,0
1,2018,3,13,17,0,0,0,20.991443,0
1,2018,3,13,17,1,0,0,16.951884,0
1,2018,3,13,17,2,0,0,9.698883,0
1,2018,3,13,17,3,0,0,5.314248,0
1,2018,3,13,18,0,0,0,7.062988,0
1,2018,3,13,18,1,0,0,10.804988,0
1,2018,3,13,18,2,0,0,13.545414,0
1,2018,3,13,18,3,0,0,5.004069,0
1,2018,3,13,19,0,0,0,6.388956,0
1,2018,3,13,19,1,0,0,6.530125,0
1,2018,3,13,19,2,0,0,7.065807,0
1,2018,3,13,19,3,0,0,6.658138,0
1,2018,3,13,20,0,0,0,6.432082,0
1,2018,3,13,20,1,0,0,21.891139,0
1,2018,3,13,20,2,0,0,21.346504,0
1,2018,3,13,20,3,0,0,18.068485,0
1,2018,3,13,21,0,0,0,17.401596,0
1,2018,3,13,21,1,0,0,12.441891,0
1,2018,3,13,21,2,0,0,11.811524,0
1,2018,3,13,21,3,0,0,11.35688,0
1,2018,3,13,22,0,0,0,10.734658,0
1,2018,3,13,22,1,0,0,7.794658,0
1,2018,3,13,22,2,0,0,6.493133,0
1,2018,3,13,22,3,0,0,6.908167,0
1,2018,3,13,23,0,0,0,11.968738,0
1,2018,3,13,23,1,0,0,9.09107,0
1,2018,3,13,23,2,0,0,5.435576,0
1,2018,3,13,23,3,0,0,17.617174,0
1,2018,3,14,0,0,0,0,6.755032,0
1,2018,3,14,0,1,0,0,20.730919,0
1,2018,3,14,0,2,0,0,17.57305,0
1,2018,3,14,0,3,0,0,8.517905,0
1,2018,3,14,1,0,0,0,5.990718,0
1,2018,3,14,1,1,0,0,15.811718,0
1,2018,3,14,1,2,0,0,23.313718,0
1,2018,3,14,1,3,0,0,9.196718,0
1,2018,3,14,2,0,0,0,5.990718,0
1,2018,3,14,2,1,0,0,5.990718,0
1,2018,3,14,2,2,0,0,5.858573,0
1,2018,3,14,2,3,0,0,5.594284,0
1,2018,3,14,3,0,0,0,15.872784,0
1,2018,3,14,3,1,0,0,20.058784,0
1,2018,3,14,3,2,0,0,14.491284,0
1,2018,3,14,3,3,0,0,12.595823,0
1,2018,3,14,4,0,0,0,13.860059,0
1,2018,3,14,4,1,0,0,8.226311,0
1,2018,3,14,4,2,0,0,13.444169,0
1,2018,3,14,4,3,0,0,9.791669,0
1,2018,3,14,5,0,0,0,13.342383,0
1,2018,3,14,5,1,0,0,5.617383,0
1,2018,3,14,5,2,0,0,10.407383,0
1,2018,3,14,5,3,0,0,5.598684,0
1,2018,3,14,6,0,0,0,5.406342,0
1,2018,3,14,6,1,0,0,5.406342,0
1,2018,3,14,6,2,0,0,5.406342,0
1,2018,3,14,6,3,0,0,5.23094,0
1,2018,3,14,7,0,0,0,4.244025,0
1,2018,3,14,7,1,0,0,5.012683,0
1,2018,3,14,7,2,0,0,7.549833,0
1,2018,3,14,7,3,0,0,8.710896,0
1,2018,3,14,8,0,0,0,11.618843,0
1,2018,3,14,8,1,0,0,9.78199,0
1,2018,3,14,8,2,0,0,7.930708,0
1,2018,3,14,8,3,0,0,9.606681,0
1,2018,3,14,9,0,0,0,17.286676,0
1,2018,3,14,9,1,0,0,23.613985,0
1,2018,3,14,9,2,0,0,21.419676,0
1,2018,3,14,9,3,0,0,19.581375,0
1,2018,3,14,10,0,0,0,24.996175,0
1,2018,3,14,10,1,0,0,25.218918,0
1,2018,3,14,10,2,0,0,24.130676,0
1,2018,3,14,10,3,0,0,18.504843,0
1,2018,3,14,11,0,0,0,22.372349,0
1,2018,3,14,11,1,0,0,32.707488,0
1,2018,3,14,11,2,0,0,32.75334,0
1,2018,3,14,11,3,0,0,16.679297,0
1,2018,3,14,12,0,0,0,12.954588,0
1,2018,3,14,12,1,0,0,24.813233,0
1,2018,3,14,12,2,0,0,29.298039,0
1,2018,3,14,12,3,0,0,35.906648,0
1,2018,3,14,13,0,0,0,40.679889,0
1,2018,3,14,13,1,0,0,36.284244,0
1,2018,3,14,13,2,0,0,25.859029,0
1,2018,3,14,13,3,0,0,20.88396,0
1,2018,3,14,14,0,0,0,17.199951,0
1,2018,3,14,14,1,0,0,17.455684,0
1,2018,3,14,14,2,0,0,22.073998,0
1,2018,3,14,14,3,0,0,22.034834,0
1,2018,3,14,15,0,0,0,20.613153,0
1,2018,3,14,15,1,0,0,13.254953,0
1,2018,3,14,15,2,0,0,11.001248,0
1,2018,3,14,15,3,0,0,24.898203,0
1,2018,3,14,16,0,0,0,15.931337,0
1,2018,3,14,16,1,0,0,8.257704,0
1,2018,3,14,16,2,0,0,9.823298,0
1,2018,3,14,16,3,0,0,11.881164,0
1,2018,3,14,17,0,0,0,13.590172,0
1,2018,3,14,17,1,0,0,13.197353,0
1,2018,3,14,17,2,0,0,10.251173,0
1,2018,3,14,17,3,0,0,13.359161,0
1,2018,3,14,18,0,0,0,14.18069,0
1,2018,3,14,18,1,0,0,16.339103,0
1,2018,3,14,18,2,0,0,16.059599,0
1,2018,3,14,18,3,0,0,7.587445,0
1,2018,3,14,19,0,0,0,8.874059,0
1,2018,3,14,19,1,0,0,5.806242,0
1,2018,3,14,19,2,0,0,12.635203,0
1,2018,3,14,19,3,0,0,16.141416,0
1,2018,3,14,20,0,0,0,24.793851,0
1,2018,3,14,20,1,0,0,20.410734,0
1,2018,3,14,20,2,0,0,6.676285,0
1,2018,3,14,20,3,0,0,11.738733,0
1,2018,3,14,21,0,0,0,3.920359,0
1,2018,3,14,21,1,0,0,3.900541,0
1,2018,3,14,21,2,0,0,7.28119,0
1,2018,3,14,21,3,0,0,5.707706,0
1,2018,3,14,22,0,0,0,14.502449,0
1,2018,3,14,22,1,0,0,13.243625,0
1,2018,3,14,22,2,0,0,18.07807,0
1,2018,3,14,22,3,0,0,10.639181,0
1,2018,3,14,23,0,0,0,5.202449,0
1,2018,3,14,23,1,0,0,4.519997,0
1,2018,3,14,23,2,0,0,11.515163,0
1,2018,3,14,23,3,0,0,6.097123,0
1,2018,3,15,0,0,0,0,5.113389,0
1,2018,3,15,0,1,0,0,14.352389,0
1,2018,3,15,0,2,0,0,12.248318,0
1,2018,3,15,0,3,0,0,8.831365,0
1,2018,3,15,1,0,0,0,10.983032,0
1,2018,3,15,1,1,0,0,6.679699,0
1,2018,3,15,1,2,0,0,4.528032,0
1,2018,3,15,1,3,0,0,4.528032,0
1,2018,3,15,2,0,0,0,7.743572,0
1,2018,3,15,2,1,0,0,8.277296,0
1,2018,3,15,2,2,0,0,8.277296,0
1,2018,3,15,2,3,0,0,6.858428,0
1,2018,3,15,3,0,0,0,4.020692,0
1,2018,3,15,3,1,0,0,4.020692,0
1,2018,3,15,3,2,0,0,4.020692,0
1,2018,3,15,3,3,0,0,8.606804,0
1,2018,3,15,4,0,0,0,10.908593,0
1,2018,3,15,4,1,0,0,9.196427,0
1,2018,3,15,4,2,0,0,4.151705,0
1,2018,3,15,4,3,0,0,4.151705,0
1,2018,3,15,5,0,0,0,4.151705,0
1,2018,3,15,5,1,0,0,4.151705,0
1,2018,3,15,5,2,0,0,4.151705,0
1,2018,3,15,5,3,0,0,6.634464,0
1,2018,3,15,6,0,0,0,8.806878,0
1,2018,3,15,6,1,0,0,6.013774,0
1,2018,3,15,6,2,0,0,4.787792,0
1,2018,3,15,6,3,0,0,8.950663,0
1,2018,3,15,7,0,0,0,9.1296,0
1,2018,3,15,7,1,0,0,6.125689,0
1,2018,3,15,7,2,0,0,15.766711,0
1,2018,3,15,7,3,0,0,8.502929,0
1,2018,3,15,8,0,0,0,15.680573,0
1,2018,3,15,8,1,0,0,7.391654,0
1,2018,3,15,8,2,0,0,2.897363,0
1,2018,3,15,8,3,0,0,3.66507,0
1,2018,3,15,9,0,0,0,17.056425,0
1,2018,3,15,9,1,0,0,16.905658,0
1,2018,3,15,9,2,0,0,31.826961,0
1,2018,3,15,9,3,0,0,30.113754,0
1,2018,3,15,10,0,0,0,16.105923,0
1,2018,3,15,10,1,0,0,10.514019,0
1,2018,3,15,10,2,0,0,15.964566,0
1,2018,3,15,10,3,0,0,19.026457,0
1,2018,3,15,11,0,0,0,14.509602,0
1,2018,3,15,11,1,0,0,21.43572,0
1,2018,3,15,11,2,0,0,21.389213,0
1,2018,3,15,11,3,0,0,32.197887,0
1,2018,3,15,12,0,0,0,36.934788,0
1,2018,3,15,12,1,0,0,15.942689,0
1,2018,3,15,12,2,0,0,13.795274,0
1,2018,3,15,12,3,0,0,25.546744,0
1,2018,3,15,13,0,0,0,30.221942,0
1,2018,3,15,13,1,0,0,24.011313,0
1,2018,3,15,13,2,0,0,18.018987,0
1,2018,3,15,13,3,0,0,27.396044,0
1,2018,3,15,14,0,0,0,34.127036,0
1,2018,3,15,14,1,0,0,26.833295,0
1,2018,3,15,14,2,0,0,18.820286,0
1,2018,3,15,14,3,0,0,16.346905,0
1,2018,3,15,15,0,0,0,16.183369,0
1,2018,3,15,15,1,0,0,12.7106,0
1,2018,3,15,15,2,0,0,12.848097,0
1,2018,3,15,15,3,0,0,19.465913,0
1,2018,3,15,16,0,0,0,16.145714,0
1,2018,3,15,16,1,0,0,24.877611,0
1,2018,3,15,16,2,0,0,23.158691,0
1,2018,3,15,16,3,0,0,9.948948,0
1,2018,3,15,17,0,0,0,18.456499,0
1,2018,3,15,17,1,0,0,14.930188,0
1,2018,3,15,17,2,0,0,13.549967,0
1,2018,3,15,17,3,0,0,9.618472,0
1,2018,3,15,18,0,0,0,9.289099,0
1,2018,3,15,18,1,0,0,11.717096,0
1,2018,3,15,18,2,0,0,22.362257,0
1,2018,3,15,18,3,0,0,25.84541,0
1,2018,3,15,19,0,0,0,20.230706,0
1,2018,3,15,19,1,0,0,15.344579,0
1,2018,3,15,19,2,0,0,16.806679,0
1,2018,3,15,19,3,0,0,14.252089,0
1,2018,3,15,20,0,0,0,13.969287,0
1,2018,3,15,20,1,0,0,12.308807,0
1,2018,3,15,20,2,0,0,9.952214,0
1,2018,3,15,20,3,0,0,14.675796,0
1,2018,3,15,21,0,0,0,14.679084,0
1,2018,3,15,21,1,0,0,8.100157,0
1,2018,3,15,21,2,0,0,5.051426,0
1,2018,3,15,21,3,0,0,5.308532,0
1,2018,3,15,22,0,0,0,5.347979,0
1,2018,3,15,22,1,0,0,6.679744,0
1,2018,3,15,22,2,0,0,8.677391,0
1,2018,3,15,22,3,0,0,8.677391,0
1,2018,3,15,23,0,0,0,8.677391,0
1,2018,3,15,23,1,0,0,5.347979,0
1,2018,3,15,23,2,0,0,9.976643,0
1,2018,3,15,23,3,0,0,10.030976,0
1,2018,3,16,0,0,0,0,5.942576,0
1,2018,3,16,0,1,0,0,11.984976,0
1,2018,3,16,0,2,0,0,11.940376,0
1,2018,3,16,0,3,0,0,17.803476,0
1,2018,3,16,1,0,0,0,21.926601,0
1,2018,3,16,1,1,0,0,14.367851,0
1,2018,3,16,1,2,0,0,5.510976,0
1,2018,3,16,1,3,0,0,5.510976,0
1,2018,3,16,2,0,0,0,5.510976,0
1,2018,3,16,2,1,0,0,5.510976,0
1,2018,3,16,2,2,0,0,5.510976,0
1,2018,3,16,2,3,0,0,5.510976,0
1,2018,3,16,3,0,0,0,10.285067,0
1,2018,3,16,3,1,0,0,12.406885,0
1,2018,3,16,3,2,0,0,6.883234,0
1,2018,3,16,3,3,0,0,15.506837,0
1,2018,3,16,4,0,0,0,16.681713,0
1,2018,3,16,4,1,0,0,13.613171,0
1,2018,3,16,4,2,0,0,9.782028,0
1,2018,3,16,4,3,0,0,7.78887,0
1,2018,3,16,5,0,0,0,5.510976,0
1,2018,3,16,5,1,0,0,5.510976,0
1,2018,3,16,5,2,0,0,5.510976,0
1,2018,3,16,5,3,0,0,5.510976,0
1,2018,3,16,6,0,0,0,5.510976,0
1,2018,3,16,6,1,0,0,5.510976,0
1,2018,3,16,6,2,0,0,5.59636,0
1,2018,3,16,6,3,0,0,11.077887,0
1,2018,3,16,7,0,0,0,10.145361,0
1,2018,3,16,7,1,0,0,7.709579,0
1,2018,3,16,7,2,0,0,7.24291,0
1,2018,3,16,7,3,0,0,12.474913,0
1,2018,3,16,8,0,0,0,20.66395,0
1,2018,3,16,8,1,0,0,9.275804,0
1,2018,3,16,8,2,0,0,2.979079,0
1,2018,3,16,8,3,0,0,4.618307,0
1,2018,3,16,9,0,0,0,8.492232,0
1,2018,3,16,9,1,0,0,15.634981,0
1,2018,3,16,9,2,0,0,24.974805,0
1,2018,3,16,9,3,0,0,18.707747,0
1,2018,3,16,10,0,0,0,11.576588,0
1,2018,3,16,10,1,0,0,15.347629,0
1,2018,3,16,10,2,0,0,22.542937,0
1,2018,3,16,10,3,0,0,14.75066,0
1,2018,3,16,11,0,0,0,16.241336,0
1,2018,3,16,11,1,0,0,23.876162,0
1,2018,3,16,11,2,0,0,31.192725,0
1,2018,3,16,11,3,0,0,23.407526,0
1,2018,3,16,12,0,0,0,26.83701,0
1,2018,3,16,12,1,0,0,26.934967,0
1,2018,3,16,12,2,0,0,31.505537,0
1,2018,3,16,12,3,0,0,32.930475,0
1,2018,3,16,13,0,0,0,32.826412,0
1,2018,3,16,13,1,0,0,23.628613,0
1,2018,3,16,13,2,0,0,26.67627,0
1,2018,3,16,13,3,0,0,31.942589,0
1,2018,3,16,14,0,0,0,20.328675,0
1,2018,3,16,14,1,0,0,24.413254,0
1,2018,3,16,14,2,0,0,36.966705,0
1,2018,3,16,14,3,0,0,29.589645,0
1,2018,3,16,15,0,0,0,20.348405,0
1,2018,3,16,15,1,0,0,17.166209,0
1,2018,3,16,15,2,0,0,18.336753,0
1,2018,3,16,15,3,0,0,21.501307,0
1,2018,3,16,16,0,0,0,12.166959,0
1,2018,3,16,16,1,0,0,14.191955,0
1,2018,3,16,16,2,0,0,13.151396,0
1,2018,3,16,16,3,0,0,17.334067,0
1,2018,3,16,17,0,0,0,17.734884,0
1,2018,3,16,17,1,0,0,19.757782,0
1,2018,3,16,17,2,0,0,25.326795,0
1,2018,3,16,17,3,0,0,24.672361,0
1,2018,3,16,18,0,0,0,9.518507,0
1,2018,3,16,18,1,0,0,11.210958,0
1,2018,3,16,18,2,0,0,19.886059,0
1,2018,3,16,18,3,0,0,17.102513,0
1,2018,3,16,19,0,0,0,6.560849,0
1,2018,3,16,19,1,0,0,12.93165,0
1,2018,3,16,19,2,0,0,16.596325,0
1,2018,3,16,19,3,0,0,16.78616,0
1,2018,3,16,20,0,0,0,19.543865,0
1,2018,3,16,20,1,0,0,15.149421,0
1,2018,3,16,20,2,0,0,13.675223,0
1,2018,3,16,20,3,0,0,15.719358,0
1,2018,3,16,21,0,0,0,11.798876,0
1,2018,3,16,21,1,0,0,11.817339,0
1,2018,3,16,21,2,0,0,13.887474,0
1,2018,3,16,21,3,0,0,14.53648,0
1,2018,3,16,22,0,0,0,11.977417,0
1,2018,3,16,22,1,0,0,11.480078,0
1,2018,3,16,22,2,0,0,12.564418,0
1,2018,3,16,22,3,0,0,14.379418,0
1,2018,3,16,23,0,0,0,7.198648,0
1,2018,3,16,23,1,0,0,7.056212,0
1,2018,3,16,23,2,0,0,14.26835,0
1,2018,3,16,23,3,0,0,13.157659,0
1,2018,3,17,0,0,0,0,13.27947,0
1,2018,3,17,0,1,0,0,8.07321,0
1,2018,3,17,0,2,0,0,9.923506,0
1,2018,3,17,0,3,0,0,12.048705,0
1,2018,3,17,1,0,0,0,14.856828,0
1,2018,3,17,1,1,0,0,21.075028,0
1,2018,3,17,1,2,0,0,20.137083,0
1,2018,3,17,1,3,0,0,21.756609,0
1,2018,3,17,2,0,0,0,9.809477,0
1,2018,3,17,2,1,0,0,10.63771,0
1,2018,3,17,2,2,0,0,5.70811,0
1,2018,3,17,2,3,0,0,6.557343,0
1,2018,3,17,3,0,0,0,8.424638,0
1,2018,3,17,3,1,0,0,8.550771,0
1,2018,3,17,3,2,0,0,7.509955,0
1,2018,3,17,3,3,0,0,4.64771,0
1,2018,3,17,4,0,0,0,4.64771,0
1,2018,3,17,4,1,0,0,19.881996,0
1,2018,3,17,4,2,0,0,18.960159,0
1,2018,3,17,4,3,0,0,10.920159,0
1,2018,3,17,5,0,0,0,6.738526,0
1,2018,3,17,5,1,0,0,10.59521,0
1,2018,3,17,5,2,0,0,17.41646,0
1,2018,3,17,5,3,0,0,5.49146,0
1,2018,3,17,6,0,0,0,4.64771,0
1,2018,3,17,6,1,0,0,4.64771,0
1,2018,3,17,6,2,0,0,4.64771,0
1,2018,3,17,6,3,0,0,4.674636,0
1,2018,3,17,7,0,0,0,4.636957,0
1,2018,3,17,7,1,0,0,4.0365,0
1,2018,3,17,7,2,0,0,3.933212,0
1,2018,3,17,7,3,0,0,5.931305,0
1,2018,3,17,8,0,0,0,8.935962,0
1,2018,3,17,8,1,0,0,8.233518,0
1,2018,3,17,8,2,0,0,12.296613,0
1,2018,3,17,8,3,0,0,15.740094,0
1,2018,3,17,9,0,0,0,18.6265,0
1,2018,3,17,9,1,0,0,17.099895,0
1,2018,3,17,9,2,0,0,10.867724,0
1,2018,3,17,9,3,0,0,21.685469,0
1,2018,3,17,10,0,0,0,15.351433,0
1,2018,3,17,10,1,0,0,8.512986,0
1,2018,3,17,10,2,0,0,15.647451,0
1,2018,3,17,10,3,0,0,18.423297,0
1,2018,3,17,11,0,0,0,22.771549,0
1,2018,3,17,11,1,0,0,23.405907,0
1,2018,3,17,11,2,0,0,21.455033,0
1,2018,3,17,11,3,0,0,17.145114,0
1,2018,3,17,12,0,0,0,17.212767,0
1,2018,3,17,12,1,0,0,20.437379,0
1,2018,3,17,12,2,0,0,23.121326,0
1,2018,3,17,12,3,0,0,20.927403,0
1,2018,3,17,13,0,0,0,14.729867,0
1,2018,3,17,13,1,0,0,24.440233,0
1,2018,3,17,13,2,0,0,21.379578,0
1,2018,3,17,13,3,0,0,24.232918,0
1,2018,3,17,14,0,0,0,27.927715,0
1,2018,3,17,14,1,0,0,22.562905,0
1,2018,3,17,14,2,0,0,19.536684,0
1,2018,3,17,14,3,0,0,15.787992,0
1,2018,3,17,15,0,0,0,15.181109,0
1,2018,3,17,15,1,0,0,24.794994,0
1,2018,3,17,15,2,0,0,16.992327,0
1,2018,3,17,15,3,0,0,16.021441,0
1,2018,3,17,16,0,0,0,11.66558,0
1,2018,3,17,16,1,0,0,13.39978,0
1,2018,3,17,16,2,0,0,13.600047,0
1,2018,3,17,16,3,0,0,16.08796,0
1,2018,3,17,17,0,0,0,16.695,0
1,2018,3,17,17,1,0,0,15.882072,0
1,2018,3,17,17,2,0,0,11.855846,0
1,2018,3,17,17,3,0,0,15.553437,0
1,2018,3,17,18,0,0,0,21.323931,0
1,2018,3,17,18,1,0,0,21.908958,0
1,2018,3,17,18,2,0,0,23.734816,0
1,2018,3,17,18,3,0,0,24.820419,0
1,2018,3,17,19,0,0,0,17.065247,0
1,2018,3,17,19,1,0,0,14.318019,0
1,2018,3,17,19,2,0,0,26.954738,0
1,2018,3,17,19,3,0,0,27.824676,0
1,2018,3,17,20,0,0,0,33.587666,0
1,2018,3,17,20,1,0,0,30.908934,0
1,2018,3,17,20,2,0,0,18.418809,0
1,2018,3,17,20,3,0,0,21.440798,0
1,2018,3,17,21,0,0,0,24.623424,0
1,2018,3,17,21,1,0,0,25.75779,0
1,2018,3,17,21,2,0,0,23.617495,0
1,2018,3,17,21,3,0,0,10.005476,0
1,2018,3,17,22,0,0,0,6.35973,0
1,2018,3,17,22,1,0,0,6.974609,0
1,2018,3,17,22,2,0,0,11.452791,0
1,2018,3,17,22,3,0,0,9.389124,0
1,2018,3,17,23,0,0,0,22.663191,0
1,2018,3,17,23,1,0,0,36.769499,0
1,2018,3,17,23,2,0,0,32.151,0
1,2018,3,17,23,3,0,0,10.478283,0
1,2018,3,18,0,0,0,0,19.313683,0
1,2018,3,18,0,1,0,0,20.093024,0
1,2018,3,18,0,2,0,0,19.433553,0
1,2018,3,18,0,3,0,0,21.211643,0
1,2018,3,18,1,0,0,0,21.113624,0
1,2018,3,18,1,1,0,0,11.582075,0
1,2018,3,18,1,2,0,0,11.582075,0
1,2018,3,18,1,3,0,0,11.56721,0
1,2018,3,18,2,0,0,0,14.419111,0
1,2018,3,18,2,1,0,0,21.810163,0
1,2018,3,18,2,2,0,0,24.51826,0
1,2018,3,18,2,3,0,0,13.467641,0
1,2018,3,18,3,0,0,0,20.881538,0
1,2018,3,18,3,1,0,0,6.989374,0
1,2018,3,18,3,2,0,0,13.503271,0
1,2018,3,18,3,3,0,0,12.974829,0
1,2018,3,18,4,0,0,0,12.356483,0
1,2018,3,18,4,1,0,0,12.356483,0
1,2018,3,18,4,2,0,0,11.346662,0
1,2018,3,18,4,3,0,0,9.648409,0
1,2018,3,18,5,0,0,0,19.153081,0
1,2018,3,18,5,1,0,0,18.868055,0
1,2018,3,18,5,2,0,0,22.76879,0
1,2018,3,18,5,3,0,0,12.529714,0
1,2018,3,18,6,0,0,0,8.2473,0
1,2018,3,18,6,1,0,0,3.8473,0
1,2018,3,18,6,2,0,0,3.8473,0
1,2018,3,18,6,3,0,0,4.302895,0
1,2018,3,18,7,0,0,0,9.582678,0
1,2018,3,18,7,1,0,0,8.713553,0
1,2018,3,18,7,2,0,0,8.405959,0
1,2018,3,18,7,3,0,0,11.386968,0
1,2018,3,18,8,0,0,0,5.812032,0
1,2018,3,18,8,1,0,0,11.696232,0
1,2018,3,18,8,2,0,0,15.521357,0
1,2018,3,18,8,3,0,0,13.073627,0
1,2018,3,18,9,0,0,0,12.592921,0
1,2018,3,18,9,1,0,0,8.038138,0
1,2018,3,18,9,2,0,0,8.272787,0
1,2018,3,18,9,3,0,0,11.367008,0
1,2018,3,18,10,0,0,0,7.246225,0
1,2018,3,18,10,1,0,0,5.27466,0
1,2018,3,18,10,2,0,0,14.161385,0
1,2018,3,18,10,3,0,0,14.477028,0
1,2018,3,18,11,0,0,0,13.897448,0
1,2018,3,18,11,1,0,0,19.134041,0
1,2018,3,18,11,2,0,0,23.844376,0
1,2018,3,18,11,3,0,0,21.405973,0
1,2018,3,18,12,0,0,0,18.999295,0
1,2018,3,18,12,1,0,0,15.741616,0
1,2018,3,18,12,2,0,0,12.570855,0
1,2018,3,18,12,3,0,0,11.521166,0
1,2018,3,18,13,0,0,0,8.234915,0
1,2018,3,18,13,1,0,0,15.341771,0
1,2018,3,18,13,2,0,0,20.454466,0
1,2018,3,18,13,3,0,0,26.626654,0
1,2018,3,18,14,0,0,0,29.429826,0
1,2018,3,18,14,1,0,0,27.926269,0
1,2018,3,18,14,2,0,0,18.055138,0
1,2018,3,18,14,3,0,0,15.588934,0
1,2018,3,18,15,0,0,0,15.151829,0
1,2018,3,18,15,1,0,0,13.148192,0
1,2018,3,18,15,2,0,0,8.032923,0
1,2018,3,18,15,3,0,0,4.120448,0
1,2018,3,18,16,0,0,0,3.366759,0
1,2018,3,18,16,1,0,0,3.360382,0
1,2018,3,18,16,2,0,0,3.360382,0
1,2018,3,18,16,3,0,0,2.590167,0
1,2018,3,18,17,0,0,0,2.471672,0
1,2018,3,18,17,1,0,0,2.471672,0
1,2018,3,18,17,2,0,0,2.471672,0
1,2018,3,18,17,3,0,0,2.471672,0
1,2018,3,18,18,0,0,0,2.471672,0
1,2018,3,18,18,1,0,0,2.471672,0
1,2018,3,18,18,2,0,0,2.471672,0
1,2018,3,18,18,3,0,0,2.471672,0
1,2018,3,18,19,0,0,0,2.471672,0
1,2018,3,18,19,1,0,0,2.471672,0
1,2018,3,18,19,2,0,0,2.471672,0
1,2018,3,18,19,3,0,0,2.471672,0
1,2018,3,18,20,0,0,0,2.471672,0
1,2018,3,18,20,1,0,0,2.471672,0
1,2018,3,18,20,2,0,0,2.471672,0
1,2018,3,18,20,3,0,0,2.471672,0
1,2018,3,18,21,0,0,0,2.471672,0
1,2018,3,18,21,1,0,0,2.471672,0
1,2018,3,18,21,2,0,0,2.471672,0
1,2018,3,18,21,3,0,0,2.471672,0
1,2018,3,18,22,0,0,0,2.471672,0
1,2018,3,18,22,1,0,0,2.471672,0
1,2018,3,18,22,2,0,0,2.471672,0
1,2018,3,18,22,3,0,0,2.471672,0
1,2018,3,18,23,0,0,0,8.471672,0
1,2018,3,18,23,1,0,0,14.599239,0
1,2018,3,18,23,2,0,0,8.954164,0
1,2018,3,18,23,3,0,0,8.704914,0
1,2018,3,19,0,0,0,0,8.530475,0
1,2018,3,19,0,1,0,0,6.400608,0
1,2018,3,19,0,2,0,0,7.380158,0
1,2018,3,19,0,3,0,0,2.608608,0
1,2018,3,19,1,0,0,0,7.124164,0
1,2018,3,19,1,1,0,0,8.253053,0
1,2018,3,19,1,2,0,0,2.608608,0
1,2018,3,19,1,3,0,0,2.542554,0
1,2018,3,19,2,0,0,0,2.113199,0
1,2018,3,19,2,1,0,0,2.113199,0
1,2018,3,19,2,2,0,0,2.113199,0
1,2018,3,19,2,3,0,0,2.113199,0
1,2018,3,19,3,0,0,0,10.556056,0
1,2018,3,19,3,1,0,0,13.870342,0
1,2018,3,19,3,2,0,0,2.295366,0
1,2018,3,19,3,3,0,0,4.845699,0
1,2018,3,19,4,0,0,0,5.93828,0
1,2018,3,19,4,1,0,0,10.308602,0
1,2018,3,19,4,2,0,0,9.398049,0
1,2018,3,19,4,3,0,0,2.113199,0
1,2018,3,19,5,0,0,0,2.113199,0
1,2018,3,19,5,1,0,0,2.103725,0
1,2018,3,19,5,2,0,0,1.971083,0
1,2018,3,19,5,3,0,0,1.971083,0
1,2018,3,19,6,0,0,0,1.971083,0
1,2018,3,19,6,1,0,0,1.971083,0
1,2018,3,19,6,2,0,0,1.971083,0
1,2018,3,19,6,3,0,0,2.568515,0
1,2018,3,19,7,0,0,0,7.408685,0
1,2018,3,19,7,1,0,0,7.954442,0
1,2018,3,19,7,2,0,0,4.892603,0
1,2018,3,19,7,3,0,0,3.351546,0
1,2018,3,19,8,0,0,0,4.290703,0
1,2018,3,19,8,1,0,0,7.696474,0
1,2018,3,19,8,2,0,0,4.881081,0
1,2018,3,19,8,3,0,0,10.187358,0
1,2018,3,19,9,0,0,0,20.770454,0
1,2018,3,19,9,1,0,0,24.510335,0
1,2018,3,19,9,2,0,0,23.190122,0
1,2018,3,19,9,3,0,0,14.986858,0
1,2018,3,19,10,0,0,0,18.537538,0
1,2018,3,19,10,1,0,0,16.572269,0
1,2018,3,19,10,2,0,0,11.420143,0
1,2018,3,19,10,3,0,0,8.590737,0
1,2018,3,19,11,0,0,0,9.487451,0
1,2018,3,19,11,1,0,0,10.63426,0
1,2018,3,19,11,2,0,0,19.147552,0
1,2018,3,19,11,3,0,0,18.830096,0
1,2018,3,19,12,0,0,0,17.198329,0
1,2018,3,19,12,1,0,0,16.880837,0
1,2018,3,19,12,2,0,0,19.366017,0
1,2018,3,19,12,3,0,0,41.817603,0
1,2018,3,19,13,0,0,0,28.295145,0
1,2018,3,19,13,1,0,0,32.458973,0
1,2018,3,19,13,2,0,0,27.109665,0
1,2018,3,19,13,3,0,0,25.823336,0
1,2018,3,19,14,0,0,0,29.968967,0
1,2018,3,19,14,1,0,0,38.663301,0
1,2018,3,19,14,2,0,0,27.294189,0
1,2018,3,19,14,3,0,0,23.647328,0
1,2018,3,19,15,0,0,0,23.246435,0
1,2018,3,19,15,1,0,0,17.588144,0
1,2018,3,19,15,2,0,0,20.05071,0
1,2018,3,19,15,3,0,0,22.813853,0
1,2018,3,19,16,0,0,0,29.184559,0
1,2018,3,19,16,1,0,0,17.9387,0
1,2018,3,19,16,2,0,0,14.483321,0
1,2018,3,19,16,3,0,0,12.157819,0
1,2018,3,19,17,0,0,0,7.47749,0
1,2018,3,19,17,1,0,0,10.180274,0
1,2018,3,19,17,2,0,0,14.764139,0
1,2018,3,19,17,3,0,0,22.014115,0
1,2018,3,19,18,0,0,0,22.593705,0
1,2018,3,19,18,1,0,0,17.203032,0
1,2018,3,19,18,2,0,0,7.416379,0
1,2018,3,19,18,3,0,0,9.702183,0
1,2018,3,19,19,0,0,0,10.085613,0
1,2018,3,19,19,1,0,0,9.811596,0
1,2018,3,19,19,2,0,0,12.020843,0
1,2018,3,19,19,3,0,0,12.212252,0
1,2018,3,19,20,0,0,0,8.492329,0
1,2018,3,19,20,1,0,0,8.285372,0
1,2018,3,19,20,2,0,0,21.943133,0
1,2018,3,19,20,3,0,0,15.423211,0
1,2018,3,19,21,0,0,0,8.603468,0
1,2018,3,19,21,1,0,0,10.955386,0
1,2018,3,19,21,2,0,0,11.327405,0
1,2018,3,19,21,3,0,0,8.916046,0
1,2018,3,19,22,0,0,0,11.833293,0
1,2018,3,19,22,1,0,0,15.491239,0
1,2018,3,19,22,2,0,0,28.614876,0
1,2018,3,19,22,3,0,0,30.110979,0
1,2018,3,19,23,0,0,0,20.602886,0
1,2018,3,19,23,1,0,0,16.868426,0
1,2018,3,19,23,2,0,0,6.753389,0
1,2018,3,19,23,3,0,0,11.188931,0
1,2018,3,20,0,0,0,0,23.787254,0
1,2018,3,20,0,1,0,0,16.876587,0
1,2018,3,20,0,2,0,0,5.55376,0
1,2018,3,20,0,3,0,0,4.938711,0
1,2018,3,20,1,0,0,0,4.938711,0
1,2018,3,20,1,1,0,0,5.073943,0
1,2018,3,20,1,2,0,0,5.19227,0
1,2018,3,20,1,3,0,0,5.19227,0
1,2018,3,20,2,0,0,0,9.375212,0
1,2018,3,20,2,1,0,0,10.018741,0
1,2018,3,20,2,2,0,0,7.122859,0
1,2018,3,20,2,3,0,0,5.19227,0
1,2018,3,20,3,0,0,0,5.19227,0
1,2018,3,20,3,1,0,0,5.19227,0
1,2018,3,20,3,2,0,0,5.19227,0
1,2018,3,20,3,3,0,0,5.19227,0
1,2018,3,20,4,0,0,0,5.19227,0
1,2018,3,20,4,1,0,0,5.19227,0
1,2018,3,20,4,2,0,0,5.19227,0
1,2018,3,20,4,3,0,0,5.19227,0
1,2018,3,20,5,0,0,0,5.19227,0
1,2018,3,20,5,1,0,0,5.19227,0
1,2018,3,20,5,2,0,0,5.19227,0
1,2018,3,20,5,3,0,0,5.19227,0
1,2018,3,20,6,0,0,0,5.19227,0
1,2018,3,20,6,1,0,0,5.04423,0
1,2018,3,20,6,2,0,0,4.822169,0
1,2018,3,20,6,3,0,0,5.050556,0
1,2018,3,20,7,0,0,0,5.806931,0
1,2018,3,20,7,1,0,0,8.423379,0
1,2018,3,20,7,2,0,0,10.169567,0
1,2018,3,20,7,3,0,0,8.186562,0
1,2018,3,20,8,0,0,0,8.147816,0
1,2018,3,20,8,1,0,0,9.826363,0
1,2018,3,20,8,2,0,0,8.030068,0
1,2018,3,20,8,3,0,0,9.539908,0
1,2018,3,20,9,0,0,0,14.688763,0
1,2018,3,20,9,1,0,0,16.636625,0
1,2018,3,20,9,2,0,0,9.591121,0
1,2018,3,20,9,3,0,0,11.23379,0
1,2018,3,20,10,0,0,0,NaN,0
1,2018,3,20,10,1,0,0,19.414626,0
1,2018,3,20,10,2,0,0,15.135059,0
1,2018,3,20,10,3,0,0,15.473872,0
1,2018,3,20,11,0,0,0,15.459174,0
1,2018,3,20,11,1,0,0,18.507749,0
1,2018,3,20,11,2,0,0,18.986358,0
1,2018,3,20,11,3,0,0,23.511131,0
1,2018,3,20,12,0,0,0,18.836097,0
1,2018,3,20,12,1,0,0,18.252972,0
1,2018,3,20,12,2,0,0,22.237932,0
1,2018,3,20,12,3,0,0,18.535995,0
1,2018,3,20,13,0,0,0,21.057086,0
1,2018,3,20,13,1,0,0,22.611678,0
1,2018,3,20,13,2,0,0,21.247285,0
1,2018,3,20,13,3,0,0,26.726343,0
1,2018,3,20,14,0,0,0,31.460227,0
1,2018,3,20,14,1,0,0,23.068657,0
1,2018,3,20,14,2,0,0,16.446893,0
1,2018,3,20,14,3,0,0,12.352687,0
1,2018,3,20,15,0,0,0,18.264471,0
1,2018,3,20,15,1,0,0,22.853264,0
1,2018,3,20,15,2,0,0,15.340353,0
1,2018,3,20,15,3,0,0,12.564374,0
1,2018,3,20,16,0,0,0,14.30806,0
1,2018,3,20,16,1,0,0,18.528881,0
1,2018,3,20,16,2,0,0,21.369846,0
1,2018,3,20,16,3,0,0,18.688667,0
1,2018,3,20,17,0,0,0,25.32426,0
1,2018,3,20,17,1,0,0,20.303765,0
1,2018,3,20,17,2,0,0,16.015525,0
1,2018,3,20,17,3,0,0,15.489378,0
1,2018,3,20,18,0,0,0,14.660489,0
1,2018,3,20,18,1,0,0,15.590461,0
1,2018,3,20,18,2,0,0,19.806136,0
1,2018,3,20,18,3,0,0,18.404947,0
1,2018,3,20,19,0,0,0,23.208295,0
1,2018,3,20,19,1,0,0,15.946678,0
1,2018,3,20,19,2,0,0,10.639656,0
1,2018,3,20,19,3,0,0,13.272123,0
1,2018,3,20,20,0,0,0,25.335286,0
1,2018,3,20,20,1,0,0,24.90267,0
1,2018,3,20,20,2,0,0,14.388627,0
1,2018,3,20,20,3,0,0,16.756671,0
1,2018,3,20,21,0,0,0,23.24352,0
1,2018,3,20,21,1,0,0,20.698326,0
1,2018,3,20,21,2,0,0,17.864668,0
1,2018,3,20,21,3,0,0,14.17868,0
1,2018,3,20,22,0,0,0,15.710684,0
1,2018,3,20,22,1,0,0,12.550818,0
1,2018,3,20,22,2,0,0,17.664116,0
1,2018,3,20,22,3,0,0,12.507646,0
1,2018,3,20,23,0,0,0,6.860298,0
1,2018,3,20,23,1,0,0,9.564913,0
1,2018,3,20,23,2,0,0,13.621836,0
1,2018,3,20,23,3,0,0,9.114144,0
1,2018,3,21,0,0,0,0,7.859966,0
1,2018,3,21,0,1,0,0,9.021656,0
1,2018,3,21,0,2,0,0,9.329388,0
1,2018,3,21,0,3,0,0,13.613113,0
1,2018,3,21,1,0,0,0,13.613113,0
1,2018,3,21,1,1,0,0,16.389048,0
1,2018,3,21,1,2,0,0,20.030641,0
1,2018,3,21,1,3,0,0,20.552949,0
1,2018,3,21,2,0,0,0,15.523193,0
1,2018,3,21,2,1,0,0,13.447529,0
1,2018,3,21,2,2,0,0,14.371393,0
1,2018,3,21,2,3,0,0,9.522756,0
1,2018,3,21,3,0,0,0,7.587564,0
1,2018,3,21,3,1,0,0,12.305283,0
1,2018,3,21,3,2,0,0,17.485973,0
1,2018,3,21,3,3,0,0,12.171029,0
1,2018,3,21,4,0,0,0,7.268728,0
1,2018,3,21,4,1,0,0,7.268728,0
1,2018,3,21,4,2,0,0,7.065281,0
1,2018,3,21,4,3,0,0,6.889201,0
1,2018,3,21,5,0,0,0,8.56685,0
1,2018,3,21,5,1,0,0,9.052951,0
1,2018,3,21,5,2,0,0,9.052951,0
1,2018,3,21,5,3,0,0,12.608507,0
1,2018,3,21,6,0,0,0,10.502066,0
1,2018,3,21,6,1,0,0,10.177999,0
1,2018,3,21,6,2,0,0,8.727621,0
1,2018,3,21,6,3,0,0,6.200106,0
1,2018,3,21,7,0,0,0,10.670964,0
1,2018,3,21,7,1,0,0,10.221554,0
1,2018,3,21,7,2,0,0,13.855257,0
1,2018,3,21,7,3,0,0,17.029693,0
1,2018,3,21,8,0,0,0,12.18289,0
1,2018,3,21,8,1,0,0,12.507625,0
1,2018,3,21,8,2,0,0,16.22569,0
1,2018,3,21,8,3,0,0,21.675113,0
1,2018,3,21,9,0,0,0,21.595691,0
1,2018,3,21,9,1,0,0,23.088034,0
1,2018,3,21,9,2,0,0,30.595104,0
1,2018,3,21,9,3,0,0,22.144259,0
1,2018,3,21,10,0,0,0,21.561072,0
1,2018,3,21,10,1,0,0,21.783416,0
1,2018,3,21,10,2,0,0,19.231496,0
1,2018,3,21,10,3,0,0,13.119861,0
1,2018,3,21,11,0,0,0,17.310674,0
1,2018,3,21,11,1,0,0,22.48095,0
1,2018,3,21,11,2,0,0,13.853199,0
1,2018,3,21,11,3,0,0,11.147822,0
1,2018,3,21,12,0,0,0,18.586744,0
1,2018,3,21,12,1,0,0,18.795857,0
1,2018,3,21,12,2,0,0,28.098576,0
1,2018,3,21,12,3,0,0,18.711028,0
1,2018,3,21,13,0,0,0,27.48943,0
1,2018,3,21,13,1,0,0,26.877447,0
1,2018,3,21,13,2,0,0,29.491031,0
1,2018,3,21,13,3,0,0,21.600646,0
1,2018,3,21,14,0,0,0,19.988514,0
1,2018,3,21,14,1,0,0,24.164476,0
1,2018,3,21,14,2,0,0,22.925362,0
1,2018,3,21,14,3,0,0,25.230097,0
1,2018,3,21,15,0,0,0,16.909557,0
1,2018,3,21,15,1,0,0,13.186982,0
1,2018,3,21,15,2,0,0,24.999871,0
1,2018,3,21,15,3,0,0,17.13313,0
1,2018,3,21,16,0,0,0,26.101467,0
1,2018,3,21,16,1,0,0,29.129463,0
1,2018,3,21,16,2,0,0,25.163108,0
1,2018,3,21,16,3,0,0,14.7223,0
1,2018,3,21,17,0,0,0,14.759354,0
1,2018,3,21,17,1,0,0,18.559644,0
1,2018,3,21,17,2,0,0,19.957181,0
1,2018,3,21,17,3,0,0,19.04214,0
1,2018,3,21,18,0,0,0,19.441077,0
1,2018,3,21,18,1,0,0,15.522092,0
1,2018,3,21,18,2,0,0,12.541305,0
1,2018,3,21,18,3,0,0,8.741141,0
1,2018,3,21,19,0,0,0,11.868958,0
1,2018,3,21,19,1,0,0,12.236881,0
1,2018,3,21,19,2,0,0,13.531479,0
1,2018,3,21,19,3,0,0,18.001795,0
1,2018,3,21,20,0,0,0,16.994938,0
1,2018,3,21,20,1,0,0,15.530977,0
1,2018,3,21,20,2,0,0,14.156103,0
1,2018,3,21,20,3,0,0,8.670966,0
1,2018,3,21,21,0,0,0,12.562363,0
1,2018,3,21,21,1,0,0,12.060363,0
1,2018,3,21,21,2,0,0,6.714882,0
1,2018,3,21,21,3,0,0,7.841055,0
1,2018,3,21,22,0,0,0,10.075106,0
1,2018,3,21,22,1,0,0,11.081197,0
1,2018,3,21,22,2,0,0,12.533825,0
1,2018,3,21,22,3,0,0,11.850653,0
1,2018,3,21,23,0,0,0,12.71549,0
1,2018,3,21,23,1,0,0,13.80669,0
1,2018,3,21,23,2,0,0,13.716878,0
1,2018,3,21,23,3,0,0,14.483469,0
1,2018,3,22,0,0,0,0,23.851334,0
1,2018,3,22,0,1,0,0,12.005678,0
1,2018,3,22,0,2,0,0,5.918311,0
1,2018,3,22,0,3,0,0,5.725633,0
1,2018,3,22,1,0,0,0,5.725633,0
1,2018,3,22,1,1,0,0,8.095156,0
1,2018,3,22,1,2,0,0,12.426592,0
1,2018,3,22,1,3,0,0,11.455416,0
1,2018,3,22,2,0,0,0,8.794493,0
1,2018,3,22,2,1,0,0,16.097941,0
1,2018,3,22,2,2,0,0,11.715872,0
1,2018,3,22,2,3,0,0,5.142768,0
1,2018,3,22,3,0,0,0,5.142768,0
1,2018,3,22,3,1,0,0,5.142768,0
1,2018,3,22,3,2,0,0,5.142768,0
1,2018,3,22,3,3,0,0,5.142768,0
1,2018,3,22,4,0,0,0,8.357647,0
1,2018,3,22,4,1,0,0,12.031793,0
1,2018,3,22,4,2,0,0,12.031793,0
1,2018,3,22,4,3,0,0,6.979842,0
1,2018,3,22,5,0,0,0,5.142768,0
1,2018,3,22,5,1,0,0,5.142768,0
1,2018,3,22,5,2,0,0,5.142768,0
1,2018,3,22,5,3,0,0,5.142768,0
1,2018,3,22,6,0,0,0,4.903857,0
1,2018,3,22,6,1,0,0,4.744582,0
1,2018,3,22,6,2,0,0,4.290217,0
1,2018,3,22,6,3,0,0,6.726071,0
1,2018,3,22,7,0,0,0,12.504379,0
1,2018,3,22,7,1,0,0,11.380268,0
1,2018,3,22,7,2,0,0,4.530419,0
1,2018,3,22,7,3,0,0,12.18231,0
1,2018,3,22,8,0,0,0,10.031511,0
1,2018,3,22,8,1,0,0,9.449616,0
1,2018,3,22,8,2,0,0,10.648511,0
1,2018,3,22,8,3,0,0,18.503356,0
1,2018,3,22,9,0,0,0,19.001848,0
1,2018,3,22,9,1,0,0,10.837905,0
1,2018,3,22,9,2,0,0,8.300389,0
1,2018,3,22,9,3,0,0,9.438923,0
1,2018,3,22,10,0,0,0,8.826437,0
1,2018,3,22,10,1,0,0,15.018671,0
1,2018,3,22,10,2,0,0,21.306368,0
1,2018,3,22,10,3,0,0,14.38038,0
1,2018,3,22,11,0,0,0,14.233138,0
1,2018,3,22,11,1,0,0,21.1521,0
1,2018,3,22,11,2,0,0,20.387267,0
1,2018,3,22,11,3,0,0,22.758252,0
1,2018,3,22,12,0,0,0,21.493153,0
1,2018,3,22,12,1,0,0,31.506024,0
1,2018,3,22,12,2,0,0,29.563989,0
1,2018,3,22,12,3,0,0,23.600361,0
1,2018,3,22,13,0,0,0,23.780379,0
1,2018,3,22,13,1,0,0,26.532018,0
1,2018,3,22,13,2,0,0,17.597282,0
1,2018,3,22,13,3,0,0,27.826505,0
1,2018,3,22,14,0,0,0,23.759185,0
1,2018,3,22,14,1,0,0,20.639409,0
1,2018,3,22,14,2,0,0,9.944266,0
1,2018,3,22,14,3,0,0,11.364265,0
1,2018,3,22,15,0,0,0,16.058949,0
1,2018,3,22,15,1,0,0,20.018478,0
1,2018,3,22,15,2,0,0,14.105776,0
1,2018,3,22,15,3,0,0,12.308407,0
1,2018,3,22,16,0,0,0,23.683476,0
1,2018,3,22,16,1,0,0,25.80744,0
1,2018,3,22,16,2,0,0,12.349773,0
1,2018,3,22,16,3,0,0,16.701706,0
1,2018,3,22,17,0,0,0,11.974557,0
1,2018,3,22,17,1,0,0,15.623951,0
1,2018,3,22,17,2,0,0,13.778617,0
1,2018,3,22,17,3,0,0,13.796955,0
1,2018,3,22,18,0,0,0,14.005072,0
1,2018,3,22,18,1,0,0,14.956367,0
1,2018,3,22,18,2,0,0,15.251619,0
1,2018,3,22,18,3,0,0,22.183359,0
1,2018,3,22,19,0,0,0,19.958541,0
1,2018,3,22,19,1,0,0,20.266961,0
1,2018,3,22,19,2,0,0,19.769706,0
1,2018,3,22,19,3,0,0,14.040125,0
1,2018,3,22,20,0,0,0,10.538219,0
1,2018,3,22,20,1,0,0,9.520277,0
1,2018,3,22,20,2,0,0,15.95945,0
1,2018,3,22,20,3,0,0,15.217276,0
1,2018,3,22,21,0,0,0,8.563363,0
1,2018,3,22,21,1,0,0,19.774768,0
1,2018,3,22,21,2,0,0,23.378367,0
1,2018,3,22,21,3,0,0,13.492067,0
1,2018,3,22,22,0,0,0,12.2771,0
1,2018,3,22,22,1,0,0,17.325653,0
1,2018,3,22,22,2,0,0,21.593147,0
1,2018,3,22,22,3,0,0,22.922694,0
1,2018,3,22,23,0,0,0,16.871375,0
1,2018,3,22,23,1,0,0,11.902562,0
1,2018,3,22,23,2,0,0,13.008113,0
1,2018,3,22,23,3,0,0,17.887152,0
1,2018,3,23,0,0,0,0,4.99424,0
1,2018,3,23,0,1,0,0,4.25174,0
1,2018,3,23,0,2,0,0,4.25174,0
1,2018,3,23,0,3,0,0,11.27174,0
1,2018,3,23,1,0,0,0,5.03174,0
1,2018,3,23,1,1,0,0,4.25174,0
1,2018,3,23,1,2,0,0,4.25174,0
1,2018,3,23,1,3,0,0,4.25174,0
1,2018,3,23,2,0,0,0,4.25174,0
1,2018,3,23,2,1,0,0,4.176448,0
1,2018,3,23,2,2,0,0,4.073049,0
1,2018,3,23,2,3,0,0,4.073049,0
1,2018,3,23,3,0,0,0,4.073049,0
1,2018,3,23,3,1,0,0,4.356296,0
1,2018,3,23,3,2,0,0,4.459295,0
1,2018,3,23,3,3,0,0,4.459295,0
1,2018,3,23,4,0,0,0,4.459295,0
1,2018,3,23,4,1,0,0,4.459295,0
1,2018,3,23,4,2,0,0,4.459295,0
1,2018,3,23,4,3,0,0,8.512895,0
1,2018,3,23,5,0,0,0,11.215295,0
1,2018,3,23,5,1,0,0,4.909695,0
1,2018,3,23,5,2,0,0,4.459295,0
1,2018,3,23,5,3,0,0,4.459295,0
1,2018,3,23,6,0,0,0,4.459295,0
1,2018,3,23,6,1,0,0,12.723581,0
1,2018,3,23,6,2,0,0,8.431676,0
1,2018,3,23,6,3,0,0,6.976189,0
1,2018,3,23,7,0,0,0,8.688217,0
1,2018,3,23,7,1,0,0,13.597339,0
1,2018,3,23,7,2,0,0,12.551451,0
1,2018,3,23,7,3,0,0,9.182132,0
1,2018,3,23,8,0,0,0,8.401063,0
1,2018,3,23,8,1,0,0,11.944033,0
1,2018,3,23,8,2,0,0,12.772196,0
1,2018,3,23,8,3,0,0,9.261179,0
1,2018,3,23,9,0,0,0,17.701578,0
1,2018,3,23,9,1,0,0,17.178763,0
1,2018,3,23,9,2,0,0,17.941241,0
1,2018,3,23,9,3,0,0,19.256048,0
1,2018,3,23,10,0,0,0,20.759366,0
1,2018,3,23,10,1,0,0,17.326498,0
1,2018,3,23,10,2,0,0,12.301019,0
1,2018,3,23,10,3,0,0,14.897906,0
1,2018,3,23,11,0,0,0,11.694829,0
1,2018,3,23,11,1,0,0,25.373315,0
1,2018,3,23,11,2,0,0,28.170278,0
1,2018,3,23,11,3,0,0,21.373202,0
1,2018,3,23,12,0,0,0,20.458214,0
1,2018,3,23,12,1,0,0,28.515854,0
1,2018,3,23,12,2,0,0,26.482172,0
1,2018,3,23,12,3,0,0,25.896019,0
1,2018,3,23,13,0,0,0,31.72851,0
1,2018,3,23,13,1,0,0,31.785719,0
1,2018,3,23,13,2,0,0,32.11579,0
1,2018,3,23,13,3,0,0,36.729113,0
1,2018,3,23,14,0,0,0,24.779068,0
1,2018,3,23,14,1,0,0,20.35258,0
1,2018,3,23,14,2,0,0,18.559496,0
1,2018,3,23,14,3,0,0,19.012078,0
1,2018,3,23,15,0,0,0,17.856594,0
1,2018,3,23,15,1,0,0,25.487547,0
1,2018,3,23,15,2,0,0,17.515745,0
1,2018,3,23,15,3,0,0,14.999729,0
1,2018,3,23,16,0,0,0,12.39668,0
1,2018,3,23,16,1,0,0,12.506529,0
1,2018,3,23,16,2,0,0,13.06655,0
1,2018,3,23,16,3,0,0,13.340189,0
1,2018,3,23,17,0,0,0,11.644782,0
1,2018,3,23,17,1,0,0,14.692105,0
1,2018,3,23,17,2,0,0,19.369257,0
1,2018,3,23,17,3,0,0,13.242454,0
1,2018,3,23,18,0,0,0,8.870418,0
1,2018,3,23,18,1,0,0,16.694088,0
1,2018,3,23,18,2,0,0,20.936802,0
1,2018,3,23,18,3,0,0,20.732647,0
1,2018,3,23,19,0,0,0,12.598419,0
1,2018,3,23,19,1,0,0,15.440291,0
1,2018,3,23,19,2,0,0,19.506742,0
1,2018,3,23,19,3,0,0,13.457283,0
1,2018,3,23,20,0,0,0,15.568072,0
1,2018,3,23,20,1,0,0,20.110331,0
1,2018,3,23,20,2,0,0,11.445735,0
1,2018,3,23,20,3,0,0,9.41194,0
1,2018,3,23,21,0,0,0,9.214731,0
1,2018,3,23,21,1,0,0,12.778909,0
1,2018,3,23,21,2,0,0,13.109282,0
1,2018,3,23,21,3,0,0,16.118469,0
1,2018,3,23,22,0,0,0,15.96475,0
1,2018,3,23,22,1,0,0,12.955601,0
1,2018,3,23,22,2,0,0,21.374034,0
1,2018,3,23,22,3,0,0,14.479717,0
1,2018,3,23,23,0,0,0,11.170401,0
1,2018,3,23,23,1,0,0,16.462401,0
1,2018,3,23,23,2,0,0,11.474401,0
1,2018,3,23,23,3,0,0,3.674815,0
1,2018,3,24,0,0,0,0,4.345419,0
1,2018,3,24,0,1,0,0,16.019114,0
1,2018,3,24,0,2,0,0,11.272772,0
1,2018,3,24,0,3,0,0,10.737125,0
1,2018,3,24,1,0,0,0,11.205042,0
1,2018,3,24,1,1,0,0,7.550459,0
1,2018,3,24,1,2,0,0,13.541292,0
1,2018,3,24,1,3,0,0,18.379387,0
1,2018,3,24,2,0,0,0,20.316649,0
1,2018,3,24,2,1,0,0,11.931649,0
1,2018,3,24,2,2,0,0,11.391045,0
1,2018,3,24,2,3,0,0,4.012434,0
1,2018,3,24,3,0,0,0,3.60607,0
1,2018,3,24,3,1,0,0,3.60607,0
1,2018,3,24,3,2,0,0,3.60607,0
1,2018,3,24,3,3,0,0,3.60607,0
1,2018,3,24,4,0,0,0,8.191156,0
1,2018,3,24,4,1,0,0,12.987878,0
1,2018,3,24,4,2,0,0,16.092047,0
1,2018,3,24,4,3,0,0,18.235129,0
1,2018,3,24,5,0,0,0,10.056961,0
1,2018,3,24,5,1,0,0,2.981658,0
1,2018,3,24,5,2,0,0,2.981658,0
1,2018,3,24,5,3,0,0,3.280269,0
1,2018,3,24,6,0,0,0,8.917624,0
1,2018,3,24,6,1,0,0,11.102824,0
1,2018,3,24,6,2,0,0,5.445913,0
1,2018,3,24,6,3,0,0,12.371658,0
1,2018,3,24,7,0,0,0,12.371658,0
1,2018,3,24,7,1,0,0,5.860487,0
1,2018,3,24,7,2,0,0,6.714282,0
1,2018,3,24,7,3,0,0,9.271002,0
1,2018,3,24,8,0,0,0,5.409958,0
1,2018,3,24,8,1,0,0,5.529112,0
1,2018,3,24,8,2,0,0,5.529112,0
1,2018,3,24,8,3,0,0,5.580798,0
1,2018,3,24,9,0,0,0,11.631561,0
1,2018,3,24,9,1,0,0,17.191506,0
1,2018,3,24,9,2,0,0,14.583117,0
1,2018,3,24,9,3,0,0,13.367551,0
1,2018,3,24,10,0,0,0,7.300635,0
1,2018,3,24,10,1,0,0,11.930934,0
1,2018,3,24,10,2,0,0,13.917681,0
1,2018,3,24,10,3,0,0,7.996437,0
1,2018,3,24,11,0,0,0,9.930751,0
1,2018,3,24,11,1,0,0,12.146809,0
1,2018,3,24,11,2,0,0,12.961433,0
1,2018,3,24,11,3,0,0,23.783582,0
1,2018,3,24,12,0,0,0,24.129174,0
1,2018,3,24,12,1,0,0,17.037097,0
1,2018,3,24,12,2,0,0,8.663244,0
1,2018,3,24,12,3,0,0,7.127934,0
1,2018,3,24,13,0,0,0,23.534291,0
1,2018,3,24,13,1,0,0,25.188768,0
1,2018,3,24,13,2,0,0,11.058652,0
1,2018,3,24,13,3,0,0,16.407572,0
1,2018,3,24,14,0,0,0,17.926064,0
1,2018,3,24,14,1,0,0,18.109201,0
1,2018,3,24,14,2,0,0,18.910744,0
1,2018,3,24,14,3,0,0,17.026456,0
1,2018,3,24,15,0,0,0,19.306843,0
1,2018,3,24,15,1,0,0,21.706402,0
1,2018,3,24,15,2,0,0,19.459372,0
1,2018,3,24,15,3,0,0,13.588753,0
1,2018,3,24,16,0,0,0,10.006621,0
1,2018,3,24,16,1,0,0,11.10583,0
1,2018,3,24,16,2,0,0,17.113351,0
1,2018,3,24,16,3,0,0,10.868696,0
1,2018,3,24,17,0,0,0,12.921365,0
1,2018,3,24,17,1,0,0,9.9756,0
1,2018,3,24,17,2,0,0,9.148312,0
1,2018,3,24,17,3,0,0,9.584054,0
1,2018,3,24,18,0,0,0,13.763537,0
1,2018,3,24,18,1,0,0,18.530822,0
1,2018,3,24,18,2,0,0,13.261902,0
1,2018,3,24,18,3,0,0,14.306342,0
1,2018,3,24,19,0,0,0,20.584897,0
1,2018,3,24,19,1,0,0,22.943258,0
1,2018,3,24,19,2,0,0,15.737815,0
1,2018,3,24,19,3,0,0,20.006512,0
1,2018,3,24,20,0,0,0,22.042178,0
1,2018,3,24,20,1,0,0,10.993861,0
1,2018,3,24,20,2,0,0,12.151201,0
1,2018,3,24,20,3,0,0,12.223436,0
1,2018,3,24,21,0,0,0,14.426553,0
1,2018,3,24,21,1,0,0,17.427381,0
1,2018,3,24,21,2,0,0,16.291561,0
1,2018,3,24,21,3,0,0,10.293401,0
1,2018,3,24,22,0,0,0,23.264948,0
1,2018,3,24,22,1,0,0,24.92581,0
1,2018,3,24,22,2,0,0,5.621898,0
1,2018,3,24,22,3,0,0,6.047657,0
1,2018,3,24,23,0,0,0,11.554057,0
1,2018,3,24,23,1,0,0,6.760779,0
1,2018,3,24,23,2,0,0,16.734421,0
1,2018,3,24,23,3,0,0,9.648319,0
1,2018,3,25,0,0,0,0,12.888842,0
1,2018,3,25,0,1,0,0,24.923791,0
1,2018,3,25,0,2,0,0,25.739864,0
1,2018,3,25,0,3,0,0,18.361901,0
1,2018,3,25,1,0,0,0,8.656104,0
1,2018,3,25,1,1,0,0,8.656104,0
1,2018,3,25,1,2,0,0,8.656104,0
1,2018,3,25,1,3,0,0,8.656104,0
1,2018,3,25,2,0,0,0,17.388881,0
1,2018,3,25,2,1,0,0,18.614828,0
1,2018,3,25,2,2,0,0,11.090727,0
1,2018,3,25,2,3,0,0,5.961717,0
1,2018,3,25,3,0,0,0,8.022137,0
1,2018,3,25,3,1,0,0,14.507714,0
1,2018,3,25,3,2,0,0,10.036479,0
1,2018,3,25,3,3,0,0,13.194729,0
1,2018,3,25,4,0,0,0,10.370229,0
1,2018,3,25,4,1,0,0,7.651479,0
1,2018,3,25,4,2,0,0,11.576479,0
1,2018,3,25,4,3,0,0,12.177907,0
1,2018,3,25,5,0,0,0,6.76505,0
1,2018,3,25,5,1,0,0,8.686079,0
1,2018,3,25,5,2,0,0,19.465771,0
1,2018,3,25,5,3,0,0,21.400724,0
1,2018,3,25,6,0,0,0,13.987574,0
1,2018,3,25,6,1,0,0,19.506115,0
1,2018,3,25,6,2,0,0,20.448615,0
1,2018,3,25,6,3,0,0,9.046331,0
1,2018,3,25,7,0,0,0,12.012481,0
1,2018,3,25,7,1,0,0,6.88921,0
1,2018,3,25,7,2,0,0,9.648607,0
1,2018,3,25,7,3,0,0,19.398142,0
1,2018,3,25,8,0,0,0,13.720195,0
1,2018,3,25,8,1,0,0,2.827321,0
1,2018,3,25,8,2,0,0,2.827321,0
1,2018,3,25,8,3,0,0,2.788048,0
1,2018,3,25,9,0,0,0,2.661583,0
1,2018,3,25,9,1,0,0,5.825342,0
1,2018,3,25,9,2,0,0,13.527512,0
1,2018,3,25,9,3,0,0,19.011493,0
1,2018,3,25,10,0,0,0,11.21448,0
1,2018,3,25,10,1,0,0,5.423894,0
1,2018,3,25,10,2,0,0,14.88361,0
1,2018,3,25,10,3,0,0,6.204498,0
1,2018,3,25,11,0,0,0,14.220663,0
1,2018,3,25,11,1,0,0,10.522923,0
1,2018,3,25,11,2,0,0,18.045447,0
1,2018,3,25,11,3,0,0,18.740737,0
1,2018,3,25,12,0,0,0,8.121598,0
1,2018,3,25,12,1,0,0,17.696571,0
1,2018,3,25,12,2,0,0,19.824577,0
1,2018,3,25,12,3,0,0,16.687227,0
1,2018,3,25,13,0,0,0,18.944371,0
1,2018,3,25,13,1,0,0,11.898748,0
1,2018,3,25,13,2,0,0,24.242474,0
1,2018,3,25,13,3,0,0,12.378675,0
1,2018,3,25,14,0,0,0,9.342564,0
1,2018,3,25,14,1,0,0,13.221596,0
1,2018,3,25,14,2,0,0,10.089107,0
1,2018,3,25,14,3,0,0,9.089829,0
1,2018,3,25,15,0,0,0,15.177361,0
1,2018,3,25,15,1,0,0,17.188916,0
1,2018,3,25,15,2,0,0,16.902606,0
1,2018,3,25,15,3,0,0,22.155294,0
1,2018,3,25,16,0,0,0,14.131932,0
1,2018,3,25,16,1,0,0,11.138361,0
1,2018,3,25,16,2,0,0,19.50597,0
1,2018,3,25,16,3,0,0,16.511474,0
1,2018,3,25,17,0,0,0,17.607615,0
1,2018,3,25,17,1,0,0,9.180328,0
1,2018,3,25,17,2,0,0,14.650896,0
1,2018,3,25,17,3,0,0,15.064036,0
1,2018,3,25,18,0,0,0,12.830298,0
1,2018,3,25,18,1,0,0,10.686392,0
1,2018,3,25,18,2,0,0,8.263293,0
1,2018,3,25,18,3,0,0,12.527865,0
1,2018,3,25,19,0,0,0,10.652865,0
1,2018,3,25,19,1,0,0,12.416531,0
1,2018,3,25,19,2,0,0,17.625238,0
1,2018,3,25,19,3,0,0,18.250728,0
1,2018,3,25,20,0,0,0,10.538607,0
1,2018,3,25,20,1,0,0,8.017678,0
1,2018,3,25,20,2,0,0,20.198318,0
1,2018,3,25,20,3,0,0,13.416077,0
1,2018,3,25,21,0,0,0,15.472689,0
1,2018,3,25,21,1,0,0,14.352396,0
1,2018,3,25,21,2,0,0,19.973298,0
1,2018,3,25,21,3,0,0,18.264029,0
1,2018,3,25,22,0,0,0,24.098934,0
1,2018,3,25,22,1,0,0,22.698267,0
1,2018,3,25,22,2,0,0,9.317059,0
1,2018,3,25,22,3,0,0,13.426451,0
1,2018,3,25,23,0,0,0,14.144213,0
1,2018,3,25,23,1,0,0,15.737928,0
1,2018,3,25,23,2,0,0,17.828081,0
1,2018,3,25,23,3,0,0,7.045494,0
1,2018,3,26,0,0,0,0,7.534093,0
1,2018,3,26,0,1,0,0,7.534093,0
1,2018,3,26,0,2,0,0,5.773885,0
1,2018,3,26,0,3,0,0,3.762218,0
1,2018,3,26,1,0,0,0,3.762218,0
1,2018,3,26,1,1,0,0,10.899607,0
1,2018,3,26,1,2,0,0,19.64594,0
1,2018,3,26,1,3,0,0,7.851107,0
1,2018,3,26,2,0,0,0,3.762218,0
1,2018,3,26,2,1,0,0,3.762218,0
1,2018,3,26,2,2,0,0,3.762218,0
1,2018,3,26,2,3,0,0,3.762218,0
1,2018,3,26,3,0,0,0,3.762218,0
1,2018,3,26,3,1,0,0,3.762218,0
1,2018,3,26,3,2,0,0,3.762218,0
1,2018,3,26,3,3,0,0,6.326924,0
1,2018,3,26,4,0,0,0,9.917512,0
1,2018,3,26,4,1,0,0,3.762218,0
1,2018,3,26,4,2,0,0,3.762218,0
1,2018,3,26,4,3,0,0,3.762218,0
1,2018,3,26,5,0,0,0,3.762218,0
1,2018,3,26,5,1,0,0,3.762218,0
1,2018,3,26,5,2,0,0,3.762218,0
1,2018,3,26,5,3,0,0,7.830867,0
1,2018,3,26,6,0,0,0,9.639138,0
1,2018,3,26,6,1,0,0,8.611517,0
1,2018,3,26,6,2,0,0,3.423139,0
1,2018,3,26,6,3,0,0,4.389298,0
1,2018,3,26,7,0,0,0,3.993026,0
1,2018,3,26,7,1,0,0,5.339753,0
1,2018,3,26,7,2,0,0,8.893354,0
1,2018,3,26,7,3,0,0,6.580573,0
1,2018,3,26,8,0,0,0,10.526539,0
1,2018,3,26,8,1,0,0,12.795122,0
1,2018,3,26,8,2,0,0,14.218763,0
1,2018,3,26,8,3,0,0,14.619668,0
1,2018,3,26,9,0,0,0,19.091556,0
1,2018,3,26,9,1,0,0,20.469384,0
1,2018,3,26,9,2,0,0,23.434037,0
1,2018,3,26,9,3,0,0,31.362588,0
1,2018,3,26,10,0,0,0,31.894979,0
1,2018,3,26,10,1,0,0,27.688523,0
1,2018,3,26,10,2,0,0,25.002002,0
1,2018,3,26,10,3,0,0,28.524181,0
1,2018,3,26,11,0,0,0,26.187732,0
1,2018,3,26,11,1,0,0,28.821862,0
1,2018,3,26,11,2,0,0,28.120894,0
1,2018,3,26,11,3,0,0,31.600526,0
1,2018,3,26,12,0,0,0,25.662888,0
1,2018,3,26,12,1,0,0,17.891655,0
1,2018,3,26,12,2,0,0,19.05615,0
1,2018,3,26,12,3,0,0,21.773838,0
1,2018,3,26,13,0,0,0,30.790426,0
1,2018,3,26,13,1,0,0,32.7096,0
1,2018,3,26,13,2,0,0,37.986846,0
1,2018,3,26,13,3,0,0,23.96549,0
1,2018,3,26,14,0,0,0,20.361217,0
1,2018,3,26,14,1,0,0,19.243898,0
1,2018,3,26,14,2,0,0,16.173649,0
1,2018,3,26,14,3,0,0,17.879579,0
1,2018,3,26,15,0,0,0,14.688456,0
1,2018,3,26,15,1,0,0,15.164399,0
1,2018,3,26,15,2,0,0,18.967066,0
1,2018,3,26,15,3,0,0,19.36343,0
1,2018,3,26,16,0,0,0,20.011681,0
1,2018,3,26,16,1,0,0,18.849367,0
1,2018,3,26,16,2,0,0,25.948939,0
1,2018,3,26,16,3,0,0,18.118331,0
1,2018,3,26,17,0,0,0,24.73829,0
1,2018,3,26,17,1,0,0,27.602108,0
1,2018,3,26,17,2,0,0,13.646978,0
1,2018,3,26,17,3,0,0,14.023986,0
1,2018,3,26,18,0,0,0,14.302916,0
1,2018,3,26,18,1,0,0,16.202845,0
1,2018,3,26,18,2,0,0,8.164607,0
1,2018,3,26,18,3,0,0,9.244609,0
1,2018,3,26,19,0,0,0,20.348012,0
1,2018,3,26,19,1,0,0,12.802109,0
1,2018,3,26,19,2,0,0,21.736116,0
1,2018,3,26,19,3,0,0,12.022542,0
1,2018,3,26,20,0,0,0,16.827854,0
1,2018,3,26,20,1,0,0,15.998873,0
1,2018,3,26,20,2,0,0,6.178183,0
1,2018,3,26,20,3,0,0,6.178183,0
1,2018,3,26,21,0,0,0,10.391575,0
1,2018,3,26,21,1,0,0,5.156692,0
1,2018,3,26,21,2,0,0,3.472133,0
1,2018,3,26,21,3,0,0,3.435907,0
1,2018,3,26,22,0,0,0,3.673569,0
1,2018,3,26,22,1,0,0,19.426801,0
1,2018,3,26,22,2,0,0,26.584357,0
1,2018,3,26,22,3,0,0,16.349482,0
1,2018,3,26,23,0,0,0,15.419495,0
1,2018,3,26,23,1,0,0,10.263728,0
1,2018,3,26,23,2,0,0,5.736169,0
1,2018,3,26,23,3,0,0,3.682836,0
1,2018,3,27,0,0,0,0,3.682836,0
1,2018,3,27,0,1,0,0,8.24855,0
1,2018,3,27,0,2,0,0,7.4045,0
1,2018,3,27,0,3,0,0,4.426282,0
1,2018,3,27,1,0,0,0,4.426282,0
1,2018,3,27,1,1,0,0,4.426282,0
1,2018,3,27,1,2,0,0,9.29922,0
1,2018,3,27,1,3,0,0,14.643345,0
1,2018,3,27,2,0,0,0,4.934649,0
1,2018,3,27,2,1,0,0,4.241171,0
1,2018,3,27,2,2,0,0,4.241171,0
1,2018,3,27,2,3,0,0,4.241171,0
1,2018,3,27,3,0,0,0,4.241171,0
1,2018,3,27,3,1,0,0,4.241171,0
1,2018,3,27,3,2,0,0,4.241171,0
1,2018,3,27,3,3,0,0,4.241171,0
1,2018,3,27,4,0,0,0,4.241171,0
1,2018,3,27,4,1,0,0,4.241171,0
1,2018,3,27,4,2,0,0,4.241171,0
1,2018,3,27,4,3,0,0,4.241171,0
1,2018,3,27,5,0,0,0,4.241171,0
1,2018,3,27,5,1,0,0,4.241171,0
1,2018,3,27,5,2,0,0,4.241171,0
1,2018,3,27,5,3,0,0,4.241171,0
1,2018,3,27,6,0,0,0,10.567258,0
1,2018,3,27,6,1,0,0,12.465084,0
1,2018,3,27,6,2,0,0,4.241171,0
1,2018,3,27,6,3,0,0,10.395025,0
1,2018,3,27,7,0,0,0,18.134539,0
1,2018,3,27,7,1,0,0,19.638407,0
1,2018,3,27,7,2,0,0,8.570005,0
1,2018,3,27,7,3,0,0,4.688522,0
1,2018,3,27,8,0,0,0,6.437812,0
1,2018,3,27,8,1,0,0,7.083361,0
1,2018,3,27,8,2,0,0,8.16026,0
1,2018,3,27,8,3,0,0,8.307435,0
1,2018,3,27,9,0,0,0,9.808563,0
1,2018,3,27,9,1,0,0,26.382958,0
1,2018,3,27,9,2,0,0,26.053015,0
1,2018,3,27,9,3,0,0,14.152712,0
1,2018,3,27,10,0,0,0,14.978539,0
1,2018,3,27,10,1,0,0,19.653932,0
1,2018,3,27,10,2,0,0,13.03894,0
1,2018,3,27,10,3,0,0,16.07096,0
1,2018,3,27,11,0,0,0,14.983554,0
1,2018,3,27,11,1,0,0,19.160652,0
1,2018,3,27,11,2,0,0,25.552157,0
1,2018,3,27,11,3,0,0,28.177404,0
1,2018,3,27,12,0,0,0,27.628166,0
1,2018,3,27,12,1,0,0,24.497736,0
1,2018,3,27,12,2,0,0,32.423559,0
1,2018,3,27,12,3,0,0,34.769367,0
1,2018,3,27,13,0,0,0,23.527573,0
1,2018,3,27,13,1,0,0,15.724022,0
1,2018,3,27,13,2,0,0,20.091416,0
1,2018,3,27,13,3,0,0,25.437392,0
1,2018,3,27,14,0,0,0,23.439585,0
1,2018,3,27,14,1,0,0,20.653134,0
1,2018,3,27,14,2,0,0,30.034089,0
1,2018,3,27,14,3,0,0,29.25922,0
1,2018,3,27,15,0,0,0,27.651534,0
1,2018,3,27,15,1,0,0,23.705181,0
1,2018,3,27,15,2,0,0,16.931613,0
1,2018,3,27,15,3,0,0,16.336043,0
1,2018,3,27,16,0,0,0,18.235213,0
1,2018,3,27,16,1,0,0,38.352382,0
1,2018,3,27,16,2,0,0,24.070263,0
1,2018,3,27,16,3,0,0,9.241921,0
1,2018,3,27,17,0,0,0,7.16194,0
1,2018,3,27,17,1,0,0,11.084616,0
1,2018,3,27,17,2,0,0,14.248156,0
1,2018,3,27,17,3,0,0,10.28303,0
1,2018,3,27,18,0,0,0,16.102678,0
1,2018,3,27,18,1,0,0,21.032333,0
1,2018,3,27,18,2,0,0,21.444353,0
1,2018,3,27,18,3,0,0,15.276998,0
1,2018,3,27,19,0,0,0,10.8252,0
1,2018,3,27,19,1,0,0,11.435752,0
1,2018,3,27,19,2,0,0,19.177509,0
1,2018,3,27,19,3,0,0,21.678207,0
1,2018,3,27,20,0,0,0,27.066591,0
1,2018,3,27,20,1,0,0,22.066605,0
1,2018,3,27,20,2,0,0,24.337433,0
1,2018,3,27,20,3,0,0,22.849672,0
1,2018,3,27,21,0,0,0,8.483356,0
1,2018,3,27,21,1,0,0,8.359927,0
1,2018,3,27,21,2,0,0,6.764757,0
1,2018,3,27,21,3,0,0,6.980205,0
1,2018,3,27,22,0,0,0,8.986064,0
1,2018,3,27,22,1,0,0,11.777688,0
1,2018,3,27,22,2,0,0,10.829961,0
1,2018,3,27,22,3,0,0,8.797363,0
1,2018,3,27,23,0,0,0,14.067522,0
1,2018,3,27,23,1,0,0,13.645643,0
1,2018,3,27,23,2,0,0,8.857935,0
1,2018,3,27,23,3,0,0,4.748351,0
1,2018,3,28,0,0,0,0,3.395018,0
1,2018,3,28,0,1,0,0,3.395018,0
1,2018,3,28,0,2,0,0,4.668768,0
1,2018,3,28,0,3,0,0,13.80599,0
1,2018,3,28,1,0,0,0,16.048074,0
1,2018,3,28,1,1,0,0,7.43724,0
1,2018,3,28,1,2,0,0,6.485787,0
1,2018,3,28,1,3,0,0,8.557223,0
1,2018,3,28,2,0,0,0,11.79589,0
1,2018,3,28,2,1,0,0,5.161172,0
1,2018,3,28,2,2,0,0,3.395018,0
1,2018,3,28,2,3,0,0,3.395018,0
1,2018,3,28,3,0,0,0,3.395018,0
1,2018,3,28,3,1,0,0,3.358753,0
1,2018,3,28,3,2,0,0,2.851048,0
1,2018,3,28,3,3,0,0,2.851048,0
1,2018,3,28,4,0,0,0,8.025631,0
1,2018,3,28,4,1,0,0,8.966464,0
1,2018,3,28,4,2,0,0,2.851048,0
1,2018,3,28,4,3,0,0,2.851048,0
1,2018,3,28,5,0,0,0,2.851048,0
1,2018,3,28,5,1,0,0,2.851048,0
1,2018,3,28,5,2,0,0,2.851048,0
1,2018,3,28,5,3,0,0,2.851048,0
1,2018,3,28,6,0,0,0,2.851048,0
1,2018,3,28,6,1,0,0,2.851048,0
1,2018,3,28,6,2,0,0,2.851048,0
1,2018,3,28,6,3,0,0,10.83207,0
1,2018,3,28,7,0,0,0,4.507303,0
1,2018,3,28,7,1,0,0,13.461658,0
1,2018,3,28,7,2,0,0,9.172535,0
1,2018,3,28,7,3,0,0,9.319714,0
1,2018,3,28,8,0,0,0,8.137403,0
1,2018,3,28,8,1,0,0,16.017011,0
1,2018,3,28,8,2,0,0,17.206705,0
1,2018,3,28,8,3,0,0,15.146167,0
1,2018,3,28,9,0,0,0,9.710852,0
1,2018,3,28,9,1,0,0,17.356448,0
1,2018,3,28,9,2,0,0,24.648822,0
1,2018,3,28,9,3,0,0,20.833204,0
1,2018,3,28,10,0,0,0,23.636813,0
1,2018,3,28,10,1,0,0,32.834077,0
1,2018,3,28,10,2,0,0,23.679536,0
1,2018,3,28,10,3,0,0,20.647873,0
1,2018,3,28,11,0,0,0,20.52388,0
1,2018,3,28,11,1,0,0,23.262721,0
1,2018,3,28,11,2,0,0,33.967507,0
1,2018,3,28,11,3,0,0,21.320432,0
1,2018,3,28,12,0,0,0,26.567087,0
1,2018,3,28,12,1,0,0,16.048695,0
1,2018,3,28,12,2,0,0,17.696094,0
1,2018,3,28,12,3,0,0,24.392175,0
1,2018,3,28,13,0,0,0,25.63589,0
1,2018,3,28,13,1,0,0,25.892155,0
1,2018,3,28,13,2,0,0,27.143646,0
1,2018,3,28,13,3,0,0,25.954185,0
1,2018,3,28,14,0,0,0,18.573851,0
1,2018,3,28,14,1,0,0,19.427366,0
1,2018,3,28,14,2,0,0,27.388096,0
1,2018,3,28,14,3,0,0,20.245061,0
1,2018,3,28,15,0,0,0,NaN,0
1,2018,3,28,15,1,0,0,19.325512,0
1,2018,3,28,15,2,0,0,17.775253,0
1,2018,3,28,15,3,0,0,19.640826,0
1,2018,3,28,16,0,0,0,19.205994,0
1,2018,3,28,16,1,0,0,14.238262,0
1,2018,3,28,16,2,0,0,18.164528,0
1,2018,3,28,16,3,0,0,16.295676,0
1,2018,3,28,17,0,0,0,14.805921,0
1,2018,3,28,17,1,0,0,11.984004,0
1,2018,3,28,17,2,0,0,11.584425,0
1,2018,3,28,17,3,0,0,8.724138,0
1,2018,3,28,18,0,0,0,9.824425,0
1,2018,3,28,18,1,0,0,10.040983,0
1,2018,3,28,18,2,0,0,10.891292,0
1,2018,3,28,18,3,0,0,17.138857,0
1,2018,3,28,19,0,0,0,12.019738,0
1,2018,3,28,19,1,0,0,5.685882,0
1,2018,3,28,19,2,0,0,7.807916,0
1,2018,3,28,19,3,0,0,9.091113,0
1,2018,3,28,20,0,0,0,16.102917,0
1,2018,3,28,20,1,0,0,13.034038,0
1,2018,3,28,20,2,0,0,7.290591,0
1,2018,3,28,20,3,0,0,10.91836,0
1,2018,3,28,21,0,0,0,13.98461,0
1,2018,3,28,21,1,0,0,12.978985,0
1,2018,3,28,21,2,0,0,5.577047,0
1,2018,3,28,21,3,0,0,15.234314,0
1,2018,3,28,22,0,0,0,8.337417,0
1,2018,3,28,22,1,0,0,10.013719,0
1,2018,3,28,22,2,0,0,16.16991,0
1,2018,3,28,22,3,0,0,14.163719,0
1,2018,3,28,23,0,0,0,8.214672,0
1,2018,3,28,23,1,0,0,5.448005,0
1,2018,3,28,23,2,0,0,5.338845,0
1,2018,3,28,23,3,0,0,4.740608,0
1,2018,3,29,0,0,0,0,4.740608,0
1,2018,3,29,0,1,0,0,14.325408,0
1,2018,3,29,0,2,0,0,15.055808,0
1,2018,3,29,0,3,0,0,4.740608,0
1,2018,3,29,1,0,0,0,4.740608,0
1,2018,3,29,1,1,0,0,4.740608,0
1,2018,3,29,1,2,0,0,4.740608,0
1,2018,3,29,1,3,0,0,12.940322,0
1,2018,3,29,2,0,0,0,17.623465,0
1,2018,3,29,2,1,0,0,16.068037,0
1,2018,3,29,2,2,0,0,5.210608,0
1,2018,3,29,2,3,0,0,4.740608,0
1,2018,3,29,3,0,0,0,4.638773,0
1,2018,3,29,3,1,0,0,4.601742,0
1,2018,3,29,3,2,0,0,4.601742,0
1,2018,3,29,3,3,0,0,6.050356,0
1,2018,3,29,4,0,0,0,11.520079,0
1,2018,3,29,4,1,0,0,12.934624,0
1,2018,3,29,4,2,0,0,6.008261,0
1,2018,3,29,4,3,0,0,3.970306,0
1,2018,3,29,5,0,0,0,3.970306,0
1,2018,3,29,5,1,0,0,3.970306,0
1,2018,3,29,5,2,0,0,3.970306,0
1,2018,3,29,5,3,0,0,3.970306,0
1,2018,3,29,6,0,0,0,3.970306,0
1,2018,3,29,6,1,0,0,3.970306,0
1,2018,3,29,6,2,0,0,3.970306,0
1,2018,3,29,6,3,0,0,3.970306,0
1,2018,3,29,7,0,0,0,7.193835,0
1,2018,3,29,7,1,0,0,5.905441,0
1,2018,3,29,7,2,0,0,5.564062,0
1,2018,3,29,7,3,0,0,15.558393,0
1,2018,3,29,8,0,0,0,24.588296,0
1,2018,3,29,8,1,0,0,15.995267,0
1,2018,3,29,8,2,0,0,16.330187,0
1,2018,3,29,8,3,0,0,20.899284,0
1,2018,3,29,9,0,0,0,20.104393,0
1,2018,3,29,9,1,0,0,13.522221,0
1,2018,3,29,9,2,0,0,16.366472,0
1,2018,3,29,9,3,0,0,18.869118,0
1,2018,3,29,10,0,0,0,29.198972,0
1,2018,3,29,10,1,0,0,27.306922,0
1,2018,3,29,10,2,0,0,22.754551,0
1,2018,3,29,10,3,0,0,30.230054,0
1,2018,3,29,11,0,0,0,29.326635,0
1,2018,3,29,11,1,0,0,25.210338,0
1,2018,3,29,11,2,0,0,25.851706,0
1,2018,3,29,11,3,0,0,29.703342,0
1,2018,3,29,12,0,0,0,28.100115,0
1,2018,3,29,12,1,0,0,28.176895,0
1,2018,3,29,12,2,0,0,24.516538,0
1,2018,3,29,12,3,0,0,16.418873,0
1,2018,3,29,13,0,0,0,24.621304,0
1,2018,3,29,13,1,0,0,28.541029,0
1,2018,3,29,13,2,0,0,23.597137,0
1,2018,3,29,13,3,0,0,22.995232,0
1,2018,3,29,14,0,0,0,18.298615,0
1,2018,3,29,14,1,0,0,17.018864,0
1,2018,3,29,14,2,0,0,19.623713,0
1,2018,3,29,14,3,0,0,17.081467,0
1,2018,3,29,15,0,0,0,14.437314,0
1,2018,3,29,15,1,0,0,16.990257,0
1,2018,3,29,15,2,0,0,16.056226,0
1,2018,3,29,15,3,0,0,16.932948,0
1,2018,3,29,16,0,0,0,15.347696,0
1,2018,3,29,16,1,0,0,23.109588,0
1,2018,3,29,16,2,0,0,23.724262,0
1,2018,3,29,16,3,0,0,20.673462,0
1,2018,3,29,17,0,0,0,17.082805,0
1,2018,3,29,17,1,0,0,22.033738,0
1,2018,3,29,17,2,0,0,11.356027,0
1,2018,3,29,17,3,0,0,10.25266,0
1,2018,3,29,18,0,0,0,17.688099,0
1,2018,3,29,18,1,0,0,14.197471,0
1,2018,3,29,18,2,0,0,19.202286,0
1,2018,3,29,18,3,0,0,25.484453,0
1,2018,3,29,19,0,0,0,24.151335,0
1,2018,3,29,19,1,0,0,25.829305,0
1,2018,3,29,19,2,0,0,24.472743,0
1,2018,3,29,19,3,0,0,23.227539,0
1,2018,3,29,20,0,0,0,17.596497,0
1,2018,3,29,20,1,0,0,12.800096,0
1,2018,3,29,20,2,0,0,5.224879,0
1,2018,3,29,20,3,0,0,11.621546,0
1,2018,3,29,21,0,0,0,18.786546,0
1,2018,3,29,21,1,0,0,15.350921,0
1,2018,3,29,21,2,0,0,10.671754,0
1,2018,3,29,21,3,0,0,8.070241,0
1,2018,3,29,22,0,0,0,6.246082,0
1,2018,3,29,22,1,0,0,5.982006,0
1,2018,3,29,22,2,0,0,14.756113,0
1,2018,3,29,22,3,0,0,14.099497,0
1,2018,3,29,23,0,0,0,10.602833,0
1,2018,3,29,23,1,0,0,10.948096,0
1,2018,3,29,23,2,0,0,8.688548,0
1,2018,3,29,23,3,0,0,5.209565,0
1,2018,3,30,0,0,0,0,11.574009,0
1,2018,3,30,0,1,0,0,13.16512,0
1,2018,3,30,0,2,0,0,5.209565,0
1,2018,3,30,0,3,0,0,5.209565,0
1,2018,3,30,1,0,0,0,11.901469,0
1,2018,3,30,1,1,0,0,9.32766,0
1,2018,3,30,1,2,0,0,5.209565,0
1,2018,3,30,1,3,0,0,15.724949,0
1,2018,3,30,2,0,0,0,12.316402,0
1,2018,3,30,2,1,0,0,9.626231,0
1,2018,3,30,2,2,0,0,9.626231,0
1,2018,3,30,2,3,0,0,8.154009,0
1,2018,3,30,3,0,0,0,5.209565,0
1,2018,3,30,3,1,0,0,6.232129,0
1,2018,3,30,3,2,0,0,12.878795,0
1,2018,3,30,3,3,0,0,12.878795,0
1,2018,3,30,4,0,0,0,8.788539,0
1,2018,3,30,4,1,0,0,5.209565,0
1,2018,3,30,4,2,0,0,5.209565,0
1,2018,3,30,4,3,0,0,5.209565,0
1,2018,3,30,5,0,0,0,5.209565,0
1,2018,3,30,5,1,0,0,5.209565,0
1,2018,3,30,5,2,0,0,5.209565,0
1,2018,3,30,5,3,0,0,5.209565,0
1,2018,3,30,6,0,0,0,5.209565,0
1,2018,3,30,6,1,0,0,5.209565,0
1,2018,3,30,6,2,0,0,5.209565,0
1,2018,3,30,6,3,0,0,5.209565,0
1,2018,3,30,7,0,0,0,4.830249,0
1,2018,3,30,7,1,0,0,7.917069,0
1,2018,3,30,7,2,0,0,5.846267,0
1,2018,3,30,7,3,0,0,4.610115,0
1,2018,3,30,8,0,0,0,5.073,0
1,2018,3,30,8,1,0,0,10.13619,0
1,2018,3,30,8,2,0,0,14.075148,0
1,2018,3,30,8,3,0,0,13.876917,0
1,2018,3,30,9,0,0,0,16.269742,0
1,2018,3,30,9,1,0,0,12.193895,0
1,2018,3,30,9,2,0,0,11.598934,0
1,2018,3,30,9,3,0,0,16.692702,0
1,2018,3,30,10,0,0,0,22.120581,0
1,2018,3,30,10,1,0,0,19.644323,0
1,2018,3,30,10,2,0,0,13.456919,0
1,2018,3,30,10,3,0,0,22.334551,0
1,2018,3,30,11,0,0,0,16.321203,0
1,2018,3,30,11,1,0,0,23.199163,0
1,2018,3,30,11,2,0,0,23.837913,0
1,2018,3,30,11,3,0,0,30.665948,0
1,2018,3,30,12,0,0,0,30.343247,0
1,2018,3,30,12,1,0,0,22.481039,0
1,2018,3,30,12,2,0,0,27.775255,0
1,2018,3,30,12,3,0,0,35.002349,0
1,2018,3,30,13,0,0,0,35.981496,0
1,2018,3,30,13,1,0,0,25.254671,0
1,2018,3,30,13,2,0,0,25.886358,0
1,2018,3,30,13,3,0,0,27.872184,0
1,2018,3,30,14,0,0,0,24.282747,0
1,2018,3,30,14,1,0,0,26.735635,0
1,2018,3,30,14,2,0,0,29.034214,0
1,2018,3,30,14,3,0,0,39.749605,0
1,2018,3,30,15,0,0,0,36.711472,0
1,2018,3,30,15,1,0,0,28.423005,0
1,2018,3,30,15,2,0,0,37.005679,0
1,2018,3,30,15,3,0,0,37.651719,0
1,2018,3,30,16,0,0,0,31.851642,0
1,2018,3,30,16,1,0,0,20.131881,0
1,2018,3,30,16,2,0,0,20.718103,0
1,2018,3,30,16,3,0,0,20.633542,0
1,2018,3,30,17,0,0,0,36.712759,0
1,2018,3,30,17,1,0,0,30.61541,0
1,2018,3,30,17,2,0,0,22.944098,0
1,2018,3,30,17,3,0,0,25.239859,0
1,2018,3,30,18,0,0,0,17.216784,0
1,2018,3,30,18,1,0,0,23.226971,0
1,2018,3,30,18,2,0,0,22.750617,0
1,2018,3,30,18,3,0,0,22.325891,0
1,2018,3,30,19,0,0,0,16.626049,0
1,2018,3,30,19,1,0,0,14.533901,0
1,2018,3,30,19,2,0,0,15.759058,0
1,2018,3,30,19,3,0,0,19.227193,0
1,2018,3,30,20,0,0,0,20.532393,0
1,2018,3,30,20,1,0,0,21.262304,0
1,2018,3,30,20,2,0,0,26.299937,0
1,2018,3,30,20,3,0,0,26.044196,0
1,2018,3,30,21,0,0,0,13.588462,0
1,2018,3,30,21,1,0,0,13.057585,0
1,2018,3,30,21,2,0,0,20.166811,0
1,2018,3,30,21,3,0,0,11.42861,0
1,2018,3,30,22,0,0,0,10.993391,0
1,2018,3,30,22,1,0,0,27.067099,0
1,2018,3,30,22,2,0,0,22.797183,0
1,2018,3,30,22,3,0,0,11.486346,0
1,2018,3,30,23,0,0,0,7.758924,0
1,2018,3,30,23,1,0,0,15.115851,0
1,2018,3,30,23,2,0,0,13.272247,0
1,2018,3,30,23,3,0,0,6.471863,0
1,2018,3,31,0,0,0,0,5.669358,0
1,2018,3,31,0,1,0,0,14.912161,0
1,2018,3,31,0,2,0,0,26.717384,0
1,2018,3,31,0,3,0,0,22.35603,0
1,2018,3,31,1,0,0,0,11.991659,0
1,2018,3,31,1,1,0,0,15.46836,0
1,2018,3,31,1,2,0,0,34.575066,0
1,2018,3,31,1,3,0,0,25.004209,0
1,2018,3,31,2,0,0,0,18.362332,0
1,2018,3,31,2,1,0,0,10.318453,0
1,2018,3,31,2,2,0,0,8.464975,0
1,2018,3,31,2,3,0,0,7.581931,0
1,2018,3,31,3,0,0,0,4.638453,0
1,2018,3,31,3,1,0,0,4.327551,0
1,2018,3,31,3,2,0,0,4.16697,0
1,2018,3,31,3,3,0,0,4.16697,0
1,2018,3,31,4,0,0,0,8.328788,0
1,2018,3,31,4,1,0,0,16.835152,0
1,2018,3,31,4,2,0,0,16.95697,0
1,2018,3,31,4,3,0,0,10.41697,0
1,2018,3,31,5,0,0,0,4.16697,0
1,2018,3,31,5,1,0,0,7.690953,0
1,2018,3,31,5,2,0,0,17.557554,0
1,2018,3,31,5,3,0,0,14.425736,0
1,2018,3,31,6,0,0,0,10.273303,0
1,2018,3,31,6,1,0,0,10.53597,0
1,2018,3,31,6,2,0,0,10.488303,0
1,2018,3,31,6,3,0,0,4.944847,0
1,2018,3,31,7,0,0,0,8.139772,0
1,2018,3,31,7,1,0,0,5.943721,0
1,2018,3,31,7,2,0,0,7.141432,0
1,2018,3,31,7,3,0,0,6.507709,0
1,2018,3,31,8,0,0,0,5.621291,0
1,2018,3,31,8,1,0,0,9.015238,0
1,2018,3,31,8,2,0,0,15.722864,0
1,2018,3,31,8,3,0,0,7.596538,0
1,2018,3,31,9,0,0,0,6.612402,0
1,2018,3,31,9,1,0,0,9.727402,0
1,2018,3,31,9,2,0,0,17.096291,0
1,2018,3,31,9,3,0,0,17.129252,0
1,2018,3,31,10,0,0,0,15.627353,0
1,2018,3,31,10,1,0,0,11.914061,0
1,2018,3,31,10,2,0,0,10.764832,0
1,2018,3,31,10,3,0,0,12.27852,0
1,2018,3,31,11,0,0,0,13.044109,0
1,2018,3,31,11,1,0,0,11.315718,0
1,2018,3,31,11,2,0,0,26.584233,0
1,2018,3,31,11,3,0,0,18.973875,0
1,2018,3,31,12,0,0,0,18.183281,0
1,2018,3,31,12,1,0,0,15.275232,0
1,2018,3,31,12,2,0,0,25.147495,0
1,2018,3,31,12,3,0,0,38.046797,0
1,2018,3,31,13,0,0,0,29.579851,0
1,2018,3,31,13,1,0,0,24.9277,0
1,2018,3,31,13,2,0,0,26.098892,0
1,2018,3,31,13,3,0,0,29.748333,0
1,2018,3,31,14,0,0,0,20.641599,0
1,2018,3,31,14,1,0,0,18.726727,0
1,2018,3,31,14,2,0,0,21.690178,0
1,2018,3,31,14,3,0,0,15.722949,0
1,2018,3,31,15,0,0,0,14.204441,0
1,2018,3,31,15,1,0,0,17.348892,0
1,2018,3,31,15,2,0,0,26.822426,0
1,2018,3,31,15,3,0,0,32.920442,0
1,2018,3,31,16,0,0,0,28.667612,0
1,2018,3,31,16,1,0,0,25.050213,0
1,2018,3,31,16,2,0,0,20.605377,0
1,2018,3,31,16,3,0,0,19.070719,0
1,2018,3,31,17,0,0,0,21.169952,0
1,2018,3,31,17,1,0,0,16.222909,0
1,2018,3,31,17,2,0,0,13.286398,0
1,2018,3,31,17,3,0,0,17.513696,0
1,2018,3,31,18,0,0,0,22.524166,0
1,2018,3,31,18,1,0,0,14.959998,0
1,2018,3,31,18,2,0,0,15.162957,0
1,2018,3,31,18,3,0,0,25.643672,0
1,2018,3,31,19,0,0,0,22.352974,0
1,2018,3,31,19,1,0,0,32.770386,0
1,2018,3,31,19,2,0,0,27.189175,0
1,2018,3,31,19,3,0,0,19.205858,0
1,2018,3,31,20,0,0,0,17.826937,0
1,2018,3,31,20,1,0,0,24.813762,0
1,2018,3,31,20,2,0,0,15.748738,0
1,2018,3,31,20,3,0,0,12.152063,0
1,2018,3,31,21,0,0,0,13.515921,0
1,2018,3,31,21,1,0,0,18.26502,0
1,2018,3,31,21,2,0,0,20.068006,0
1,2018,3,31,21,3,0,0,6.998851,0
1,2018,3,31,22,0,0,0,10.800763,0
1,2018,3,31,22,1,0,0,14.844679,0
1,2018,3,31,22,2,0,0,8.065438,0
1,2018,3,31,22,3,0,0,5.739525,0
1,2018,3,31,23,0,0,0,21.406114,0
1,2018,3,31,23,1,0,0,20.700198,0
1,2018,3,31,23,2,0,0,23.460959,0
1,2018,3,31,23,3,0,0,20.889296,0
1,2018,4,1,0,0,0,0,6.956364,0
1,2018,4,1,0,1,0,0,8.579513,0
1,2018,4,1,0,2,0,0,20.871351,0
1,2018,4,1,0,3,0,0,13.286124,0
1,2018,4,1,1,0,0,0,21.648469,0
1,2018,4,1,1,1,0,0,21.419719,0
1,2018,4,1,1,2,0,0,21.237907,0
1,2018,4,1,1,3,0,0,26.828182,0
1,2018,4,1,2,0,0,0,17.017622,0
1,2018,4,1,2,1,0,0,11.111643,0
1,2018,4,1,2,2,0,0,14.180876,0
1,2018,4,1,2,3,0,0,15.529041,0
1,2018,4,1,3,0,0,0,14.574332,0
1,2018,4,1,3,1,0,0,19.528181,0
1,2018,4,1,3,2,0,0,17.792546,0
1,2018,4,1,3,3,0,0,10.778399,0
1,2018,4,1,4,0,0,0,12.411738,0
1,2018,4,1,4,1,0,0,19.936656,0
1,2018,4,1,4,2,0,0,15.882204,0
1,2018,4,1,4,3,0,0,6.208346,0
1,2018,4,1,5,0,0,0,2.477577,0
1,2018,4,1,5,1,0,0,8.077577,0
1,2018,4,1,5,2,0,0,16.792314,0
1,2018,4,1,5,3,0,0,9.32284,0
1,2018,4,1,6,0,0,0,12.351261,0
1,2018,4,1,6,1,0,0,6.003893,0
1,2018,4,1,6,2,0,0,2.477577,0
1,2018,4,1,6,3,0,0,6.685812,0
1,2018,4,1,7,0,0,0,6.986401,0
1,2018,4,1,7,1,0,0,5.972185,0
1,2018,4,1,7,2,0,0,7.510484,0
1,2018,4,1,7,3,0,0,10.715514,0
1,2018,4,1,8,0,0,0,7.712603,0
1,2018,4,1,8,1,0,0,3.212918,0
1,2018,4,1,8,2,0,0,2.533076,0
1,2018,4,1,8,3,0,0,2.273606,0
1,2018,4,1,9,0,0,0,7.174556,0
1,2018,4,1,9,1,0,0,11.959656,0
1,2018,4,1,9,2,0,0,8.679925,0
1,2018,4,1,9,3,0,0,6.530166,0
1,2018,4,1,10,0,0,0,2.498826,0
1,2018,4,1,10,1,0,0,6.305167,0
1,2018,4,1,10,2,0,0,14.857749,0
1,2018,4,1,10,3,0,0,13.231983,0
1,2018,4,1,11,0,0,0,7.588572,0
1,2018,4,1,11,1,0,0,24.398134,0
1,2018,4,1,11,2,0,0,19.099186,0
1,2018,4,1,11,3,0,0,16.54048,0
1,2018,4,1,12,0,0,0,12.659072,0
1,2018,4,1,12,1,0,0,20.268891,0
1,2018,4,1,12,2,0,0,26.21066,0
1,2018,4,1,12,3,0,0,21.403606,0
1,2018,4,1,13,0,0,0,14.302712,0
1,2018,4,1,13,1,0,0,18.566024,0
1,2018,4,1,13,2,0,0,20.168574,0
1,2018,4,1,13,3,0,0,22.895181,0
1,2018,4,1,14,0,0,0,21.100219,0
1,2018,4,1,14,1,0,0,17.272245,0
1,2018,4,1,14,2,0,0,19.577851,0
1,2018,4,1,14,3,0,0,23.782401,0
1,2018,4,1,15,0,0,0,20.380715,0
1,2018,4,1,15,1,0,0,10.363718,0
1,2018,4,1,15,2,0,0,13.330287,0
1,2018,4,1,15,3,0,0,13.649073,0
1,2018,4,1,16,0,0,0,8.229534,0
1,2018,4,1,16,1,0,0,9.914922,0
1,2018,4,1,16,2,0,0,5.652014,0
1,2018,4,1,16,3,0,0,13.784352,0
1,2018,4,1,17,0,0,0,17.271177,0
1,2018,4,1,17,1,0,0,16.900097,0
1,2018,4,1,17,2,0,0,25.856731,0
1,2018,4,1,17,3,0,0,18.82756,0
1,2018,4,1,18,0,0,0,12.665536,0
1,2018,4,1,18,1,0,0,11.412917,0
1,2018,4,1,18,2,0,0,3.88375,0
1,2018,4,1,18,3,0,0,16.755947,0
1,2018,4,1,19,0,0,0,22.738921,0
1,2018,4,1,19,1,0,0,18.879444,0
1,2018,4,1,19,2,0,0,16.942828,0
1,2018,4,1,19,3,0,0,11.106087,0
1,2018,4,1,20,0,0,0,15.42407,0
1,2018,4,1,20,1,0,0,13.17566,0
1,2018,4,1,20,2,0,0,15.488993,0
1,2018,4,1,20,3,0,0,21.092846,0
1,2018,4,1,21,0,0,0,17.589476,0
1,2018,4,1,21,1,0,0,21.929635,0
1,2018,4,1,21,2,0,0,17.491227,0
1,2018,4,1,21,3,0,0,13.703052,0
1,2018,4,1,22,0,0,0,8.549577,0
1,2018,4,1,22,1,0,0,4.664629,0
1,2018,4,1,22,2,0,0,4.441702,0
1,2018,4,1,22,3,0,0,7.825768,0
1,2018,4,1,23,0,0,0,9.366237,0
1,2018,4,1,23,1,0,0,9.231625,0
1,2018,4,1,23,2,0,0,7.496078,0
1,2018,4,1,23,3,0,0,3.169411,0
1,2018,4,2,0,0,0,0,3.169411,0
1,2018,4,2,0,1,0,0,4.352268,0
1,2018,4,2,0,2,0,0,6.126554,0
1,2018,4,2,0,3,0,0,4.505476,0
1,2018,4,2,1,0,0,0,23.210385,0
1,2018,4,2,1,1,0,0,17.372658,0
1,2018,4,2,1,2,0,0,5.919126,0
1,2018,4,2,1,3,0,0,8.699435,0
1,2018,4,2,2,0,0,0,7.353032,0
1,2018,4,2,2,1,0,0,4.385759,0
1,2018,4,2,2,2,0,0,4.385759,0
1,2018,4,2,2,3,0,0,4.385759,0
1,2018,4,2,3,0,0,0,4.385759,0
1,2018,4,2,3,1,0,0,4.385759,0
1,2018,4,2,3,2,0,0,4.385759,0
1,2018,4,2,3,3,0,0,4.385759,0
1,2018,4,2,4,0,0,0,4.385759,0
1,2018,4,2,4,1,0,0,4.385759,0
1,2018,4,2,4,2,0,0,7.950045,0
1,2018,4,2,4,3,0,0,13.296473,0
1,2018,4,2,5,0,0,0,13.296473,0
1,2018,4,2,5,1,0,0,8.317378,0
1,2018,4,2,5,2,0,0,9.528426,0
1,2018,4,2,5,3,0,0,4.385759,0
1,2018,4,2,6,0,0,0,6.497933,0
1,2018,4,2,6,1,0,0,10.999119,0
1,2018,4,2,6,2,0,0,10.587734,0
1,2018,4,2,6,3,0,0,12.126109,0
1,2018,4,2,7,0,0,0,17.272792,0
1,2018,4,2,7,1,0,0,14.631789,0
1,2018,4,2,7,2,0,0,10.31834,0
1,2018,4,2,7,3,0,0,7.731595,0
1,2018,4,2,8,0,0,0,9.048992,0
1,2018,4,2,8,1,0,0,21.350674,0
1,2018,4,2,8,2,0,0,18.873354,0
1,2018,4,2,8,3,0,0,15.510398,0
1,2018,4,2,9,0,0,0,15.050174,0
1,2018,4,2,9,1,0,0,14.460611,0
1,2018,4,2,9,2,0,0,13.252674,0
1,2018,4,2,9,3,0,0,14.050551,0
1,2018,4,2,10,0,0,0,14.171227,0
1,2018,4,2,10,1,0,0,17.678339,0
1,2018,4,2,10,2,0,0,21.296819,0
1,2018,4,2,10,3,0,0,25.867502,0
1,2018,4,2,11,0,0,0,20.510066,0
1,2018,4,2,11,1,0,0,21.98894,0
1,2018,4,2,11,2,0,0,22.757634,0
1,2018,4,2,11,3,0,0,29.043034,0
1,2018,4,2,12,0,0,0,28.820382,0
1,2018,4,2,12,1,0,0,29.380182,0
1,2018,4,2,12,2,0,0,30.104816,0
1,2018,4,2,12,3,0,0,28.018486,0
1,2018,4,2,13,0,0,0,31.006019,0
1,2018,4,2,13,1,0,0,27.519121,0
1,2018,4,2,13,2,0,0,28.927828,0
1,2018,4,2,13,3,0,0,22.402822,0
1,2018,4,2,14,0,0,0,30.264206,0
1,2018,4,2,14,1,0,0,24.796886,0
1,2018,4,2,14,2,0,0,16.483471,0
1,2018,4,2,14,3,0,0,15.14077,0
1,2018,4,2,15,0,0,0,16.842924,0
1,2018,4,2,15,1,0,0,18.222128,0
1,2018,4,2,15,2,0,0,17.930644,0
1,2018,4,2,15,3,0,0,18.727933,0
1,2018,4,2,16,0,0,0,13.470424,0
1,2018,4,2,16,1,0,0,10.78782,0
1,2018,4,2,16,2,0,0,22.171257,0
1,2018,4,2,16,3,0,0,21.268622,0
1,2018,4,2,17,0,0,0,12.717669,0
1,2018,4,2,17,1,0,0,15.391154,0
1,2018,4,2,17,2,0,0,17.354142,0
1,2018,4,2,17,3,0,0,19.030291,0
1,2018,4,2,18,0,0,0,5.771186,0
1,2018,4,2,18,1,0,0,8.833219,0
1,2018,4,2,18,2,0,0,13.989672,0
1,2018,4,2,18,3,0,0,14.741355,0
1,2018,4,2,19,0,0,0,15.594677,0
1,2018,4,2,19,1,0,0,11.913669,0
1,2018,4,2,19,2,0,0,13.560327,0
1,2018,4,2,19,3,0,0,8.761235,0
1,2018,4,2,20,0,0,0,15.02056,0
1,2018,4,2,20,1,0,0,18.027664,0
1,2018,4,2,20,2,0,0,16.837,0
1,2018,4,2,20,3,0,0,19.554207,0
1,2018,4,2,21,0,0,0,20.416785,0
1,2018,4,2,21,1,0,0,18.454792,0
1,2018,4,2,21,2,0,0,19.801132,0
1,2018,4,2,21,3,0,0,16.714445,0
1,2018,4,2,22,0,0,0,9.089863,0
1,2018,4,2,22,1,0,0,11.772863,0
1,2018,4,2,22,2,0,0,11.470066,0
1,2018,4,2,22,3,0,0,13.111185,0
1,2018,4,2,23,0,0,0,11.473005,0
1,2018,4,2,23,1,0,0,9.017395,0
1,2018,4,2,23,2,0,0,13.665872,0
1,2018,4,2,23,3,0,0,14.261007,0
1,2018,4,3,0,0,0,0,17.684009,0
1,2018,4,3,0,1,0,0,18.065033,0
1,2018,4,3,0,2,0,0,16.389724,0
1,2018,4,3,0,3,0,0,16.758553,0
1,2018,4,3,1,0,0,0,13.822928,0
1,2018,4,3,1,1,0,0,13.822928,0
1,2018,4,3,1,2,0,0,8.27577,0
1,2018,4,3,1,3,0,0,5.33398,0
1,2018,4,3,2,0,0,0,5.33398,0
1,2018,4,3,2,1,0,0,5.33398,0
1,2018,4,3,2,2,0,0,5.33398,0
1,2018,4,3,2,3,0,0,5.33398,0
1,2018,4,3,3,0,0,0,5.33398,0
1,2018,4,3,3,1,0,0,5.917314,0
1,2018,4,3,3,2,0,0,14.451329,0
1,2018,4,3,3,3,0,0,14.507844,0
1,2018,4,3,4,0,0,0,14.473465,0
1,2018,4,3,4,1,0,0,6.0554,0
1,2018,4,3,4,2,0,0,5.443809,0
1,2018,4,3,4,3,0,0,5.443809,0
1,2018,4,3,5,0,0,0,5.443809,0
1,2018,4,3,5,1,0,0,5.443809,0
1,2018,4,3,5,2,0,0,5.443809,0
1,2018,4,3,5,3,0,0,6.886162,0
1,2018,4,3,6,0,0,0,9.049692,0
1,2018,4,3,6,1,0,0,9.815097,0
1,2018,4,3,6,2,0,0,10.006448,0
1,2018,4,3,6,3,0,0,5.727293,0
1,2018,4,3,7,0,0,0,15.525802,0
1,2018,4,3,7,1,0,0,6.002664,0
1,2018,4,3,7,2,0,0,8.620859,0
1,2018,4,3,7,3,0,0,7.985243,0
1,2018,4,3,8,0,0,0,13.988989,0
1,2018,4,3,8,1,0,0,5.51316,0
1,2018,4,3,8,2,0,0,7.191218,0
1,2018,4,3,8,3,0,0,12.919815,0
1,2018,4,3,9,0,0,0,11.085624,0
1,2018,4,3,9,1,0,0,11.878809,0
1,2018,4,3,9,2,0,0,14.839748,0
1,2018,4,3,9,3,0,0,22.383998,0
1,2018,4,3,10,0,0,0,22.689567,0
1,2018,4,3,10,1,0,0,22.234201,0
1,2018,4,3,10,2,0,0,25.768189,0
1,2018,4,3,10,3,0,0,15.548346,0
1,2018,4,3,11,0,0,0,20.867305,0
1,2018,4,3,11,1,0,0,29.084941,0
1,2018,4,3,11,2,0,0,38.543041,0
1,2018,4,3,11,3,0,0,32.675678,0
1,2018,4,3,12,0,0,0,30.473321,0
1,2018,4,3,12,1,0,0,25.078343,0
1,2018,4,3,12,2,0,0,31.097291,0
1,2018,4,3,12,3,0,0,22.866884,0
1,2018,4,3,13,0,0,0,24.583939,0
1,2018,4,3,13,1,0,0,27.547694,0
1,2018,4,3,13,2,0,0,30.624869,0
1,2018,4,3,13,3,0,0,26.231425,0
1,2018,4,3,14,0,0,0,26.123197,0
1,2018,4,3,14,1,0,0,21.065774,0
1,2018,4,3,14,2,0,0,21.000846,0
1,2018,4,3,14,3,0,0,14.187972,0
1,2018,4,3,15,0,0,0,12.401762,0
1,2018,4,3,15,1,0,0,19.464115,0
1,2018,4,3,15,2,0,0,28.936797,0
1,2018,4,3,15,3,0,0,25.07492,0
1,2018,4,3,16,0,0,0,18.277028,0
1,2018,4,3,16,1,0,0,19.501325,0
1,2018,4,3,16,2,0,0,24.550205,0
1,2018,4,3,16,3,0,0,23.67837,0
1,2018,4,3,17,0,0,0,14.483435,0
1,2018,4,3,17,1,0,0,20.606265,0
1,2018,4,3,17,2,0,0,22.805209,0
1,2018,4,3,17,3,0,0,25.641621,0
1,2018,4,3,18,0,0,0,12.5192,0
1,2018,4,3,18,1,0,0,15.918523,0
1,2018,4,3,18,2,0,0,11.463185,0
1,2018,4,3,18,3,0,0,18.3058,0
1,2018,4,3,19,0,0,0,21.352151,0
1,2018,4,3,19,1,0,0,16.205032,0
1,2018,4,3,19,2,0,0,13.04112,0
1,2018,4,3,19,3,0,0,21.767789,0
1,2018,4,3,20,0,0,0,14.747958,0
1,2018,4,3,20,1,0,0,22.744148,0
1,2018,4,3,20,2,0,0,25.650443,0
1,2018,4,3,20,3,0,0,13.993195,0
1,2018,4,3,21,0,0,0,11.662195,0
1,2018,4,3,21,1,0,0,10.157973,0
1,2018,4,3,21,2,0,0,9.206863,0
1,2018,4,3,21,3,0,0,5.513508,0
1,2018,4,3,22,0,0,0,4.811088,0
1,2018,4,3,22,1,0,0,3.953885,0
1,2018,4,3,22,2,0,0,11.552933,0
1,2018,4,3,22,3,0,0,18.454556,0
1,2018,4,3,23,0,0,0,10.181696,0
1,2018,4,3,23,1,0,0,11.355127,0
1,2018,4,3,23,2,0,0,27.507908,0
1,2018,4,3,23,3,0,0,18.63611,0
1,2018,4,4,0,0,0,0,12.932718,0
1,2018,4,4,0,1,0,0,12.489598,0
1,2018,4,4,0,2,0,0,12.150449,0
1,2018,4,4,0,3,0,0,7.679638,0
1,2018,4,4,1,0,0,0,4.699098,0
1,2018,4,4,1,1,0,0,5.708384,0
1,2018,4,4,1,2,0,0,11.409412,0
1,2018,4,4,1,3,0,0,9.715098,0
1,2018,4,4,2,0,0,0,5.033498,0
1,2018,4,4,2,1,0,0,4.699098,0
1,2018,4,4,2,2,0,0,4.699098,0
1,2018,4,4,2,3,0,0,4.699098,0
1,2018,4,4,3,0,0,0,6.656241,0
1,2018,4,4,3,1,0,0,9.591955,0
1,2018,4,4,3,2,0,0,4.699098,0
1,2018,4,4,3,3,0,0,4.699098,0
1,2018,4,4,4,0,0,0,4.699098,0
1,2018,4,4,4,1,0,0,4.623816,0
1,2018,4,4,4,2,0,0,5.414504,0
1,2018,4,4,4,3,0,0,12.511322,0
1,2018,4,4,5,0,0,0,12.511322,0
1,2018,4,4,5,1,0,0,10.873595,0
1,2018,4,4,5,2,0,0,4.322686,0
1,2018,4,4,5,3,0,0,4.322686,0
1,2018,4,4,6,0,0,0,5.429528,0
1,2018,4,4,6,1,0,0,9.856896,0
1,2018,4,4,6,2,0,0,5.27797,0
1,2018,4,4,6,3,0,0,5.379883,0
1,2018,4,4,7,0,0,0,4.783324,0
1,2018,4,4,7,1,0,0,4.777361,0
1,2018,4,4,7,2,0,0,6.980518,0
1,2018,4,4,7,3,0,0,14.144363,0
1,2018,4,4,8,0,0,0,11.154089,0
1,2018,4,4,8,1,0,0,14.279492,0
1,2018,4,4,8,2,0,0,15.225161,0
1,2018,4,4,8,3,0,0,11.384721,0
1,2018,4,4,9,0,0,0,17.179783,0
1,2018,4,4,9,1,0,0,18.749733,0
1,2018,4,4,9,2,0,0,17.300968,0
1,2018,4,4,9,3,0,0,20.834088,0
1,2018,4,4,10,0,0,0,18.035255,0
1,2018,4,4,10,1,0,0,12.647298,0
1,2018,4,4,10,2,0,0,20.373576,0
1,2018,4,4,10,3,0,0,16.924846,0
1,2018,4,4,11,0,0,0,32.63944,0
1,2018,4,4,11,1,0,0,25.518024,0
1,2018,4,4,11,2,0,0,21.070144,0
1,2018,4,4,11,3,0,0,25.642633,0
1,2018,4,4,12,0,0,0,20.930251,0
1,2018,4,4,12,1,0,0,19.911507,0
1,2018,4,4,12,2,0,0,27.133322,0
1,2018,4,4,12,3,0,0,15.53066,0
1,2018,4,4,13,0,0,0,19.916243,0
1,2018,4,4,13,1,0,0,24.139523,0
1,2018,4,4,13,2,0,0,19.60227,0
1,2018,4,4,13,3,0,0,20.1509,0
1,2018,4,4,14,0,0,0,17.990886,0
1,2018,4,4,14,1,0,0,34.971422,0
1,2018,4,4,14,2,0,0,24.172328,0
1,2018,4,4,14,3,0,0,19.964418,0
1,2018,4,4,15,0,0,0,21.96845,0
1,2018,4,4,15,1,0,0,22.292037,0
1,2018,4,4,15,2,0,0,21.039711,0
1,2018,4,4,15,3,0,0,18.305702,0
1,2018,4,4,16,0,0,0,29.398612,0
1,2018,4,4,16,1,0,0,29.321061,0
1,2018,4,4,16,2,0,0,27.62789,0
1,2018,4,4,16,3,0,0,20.975933,0
1,2018,4,4,17,0,0,0,23.698175,0
1,2018,4,4,17,1,0,0,22.360187,0
1,2018,4,4,17,2,0,0,20.561705,0
1,2018,4,4,17,3,0,0,18.5116,0
1,2018,4,4,18,0,0,0,14.264946,0
1,2018,4,4,18,1,0,0,16.054204,0
1,2018,4,4,18,2,0,0,20.810125,0
1,2018,4,4,18,3,0,0,16.282812,0
1,2018,4,4,19,0,0,0,8.801132,0
1,2018,4,4,19,1,0,0,5.442388,0
1,2018,4,4,19,2,0,0,4.679209,0
1,2018,4,4,19,3,0,0,12.520429,0
1,2018,4,4,20,0,0,0,11.020076,0
1,2018,4,4,20,1,0,0,18.119905,0
1,2018,4,4,20,2,0,0,19.054126,0
1,2018,4,4,20,3,0,0,8.283438,0
1,2018,4,4,21,0,0,0,3.823425,0
1,2018,4,4,21,1,0,0,4.528707,0
1,2018,4,4,21,2,0,0,14.507479,0
1,2018,4,4,21,3,0,0,6.42271,0
1,2018,4,4,22,0,0,0,4.355868,0
1,2018,4,4,22,1,0,0,4.355868,0
1,2018,4,4,22,2,0,0,6.377118,0
1,2018,4,4,22,3,0,0,10.699164,0
1,2018,4,4,23,0,0,0,13.5444,0
1,2018,4,4,23,1,0,0,11.712791,0
1,2018,4,4,23,2,0,0,3.667745,0
1,2018,4,4,23,3,0,0,3.618593,0
1,2018,4,5,0,0,0,0,14.283593,0
1,2018,4,5,0,1,0,0,3.618593,0
1,2018,4,5,0,2,0,0,3.618593,0
1,2018,4,5,0,3,0,0,10.623593,0
1,2018,4,5,1,0,0,0,10.623593,0
1,2018,4,5,1,1,0,0,4.847736,0
1,2018,4,5,1,2,0,0,9.764308,0
1,2018,4,5,1,3,0,0,9.764308,0
1,2018,4,5,2,0,0,0,4.438022,0
1,2018,4,5,2,1,0,0,3.618593,0
1,2018,4,5,2,2,0,0,3.618593,0
1,2018,4,5,2,3,0,0,3.618593,0
1,2018,4,5,3,0,0,0,3.618593,0
1,2018,4,5,3,1,0,0,3.618593,0
1,2018,4,5,3,2,0,0,3.618593,0
1,2018,4,5,3,3,0,0,3.618593,0
1,2018,4,5,4,0,0,0,3.618593,0
1,2018,4,5,4,1,0,0,3.618593,0
1,2018,4,5,4,2,0,0,3.618593,0
1,2018,4,5,4,3,0,0,3.618593,0
1,2018,4,5,5,0,0,0,3.618593,0
1,2018,4,5,5,1,0,0,3.618593,0
1,2018,4,5,5,2,0,0,3.618593,0
1,2018,4,5,5,3,0,0,6.443593,0
1,2018,4,5,6,0,0,0,6.443593,0
1,2018,4,5,6,1,0,0,7.445962,0
1,2018,4,5,6,2,0,0,13.852687,0
1,2018,4,5,6,3,0,0,14.415808,0
1,2018,4,5,7,0,0,0,12.83401,0
1,2018,4,5,7,1,0,0,15.762665,0
1,2018,4,5,7,2,0,0,6.639433,0
1,2018,4,5,7,3,0,0,13.786581,0
1,2018,4,5,8,0,0,0,7.556257,0
1,2018,4,5,8,1,0,0,7.676419,0
1,2018,4,5,8,2,0,0,9.82168,0
1,2018,4,5,8,3,0,0,9.679891,0
1,2018,4,5,9,0,0,0,13.827316,0
1,2018,4,5,9,1,0,0,12.736015,0
1,2018,4,5,9,2,0,0,15.927074,0
1,2018,4,5,9,3,0,0,20.28312,0
1,2018,4,5,10,0,0,0,13.617845,0
1,2018,4,5,10,1,0,0,9.645689,0
1,2018,4,5,10,2,0,0,9.765516,0
1,2018,4,5,10,3,0,0,13.13098,0
1,2018,4,5,11,0,0,0,15.359514,0
1,2018,4,5,11,1,0,0,16.089237,0
1,2018,4,5,11,2,0,0,18.618821,0
1,2018,4,5,11,3,0,0,14.363532,0
1,2018,4,5,12,0,0,0,15.525844,0
1,2018,4,5,12,1,0,0,17.694392,0
1,2018,4,5,12,2,0,0,14.010017,0
1,2018,4,5,12,3,0,0,13.536003,0
1,2018,4,5,13,0,0,0,22.004782,0
1,2018,4,5,13,1,0,0,23.667775,0
1,2018,4,5,13,2,0,0,20.352807,0
1,2018,4,5,13,3,0,0,15.965948,0
1,2018,4,5,14,0,0,0,14.558484,0
1,2018,4,5,14,1,0,0,11.217064,0
1,2018,4,5,14,2,0,0,19.877042,0
1,2018,4,5,14,3,0,0,25.590512,0
1,2018,4,5,15,0,0,0,20.681872,0
1,2018,4,5,15,1,0,0,9.226168,0
1,2018,4,5,15,2,0,0,18.09436,0
1,2018,4,5,15,3,0,0,12.395529,0
1,2018,4,5,16,0,0,0,9.212585,0
1,2018,4,5,16,1,0,0,9.177915,0
1,2018,4,5,16,2,0,0,11.648844,0
1,2018,4,5,16,3,0,0,16.361322,0
1,2018,4,5,17,0,0,0,15.998425,0
1,2018,4,5,17,1,0,0,14.304769,0
1,2018,4,5,17,2,0,0,13.557769,0
1,2018,4,5,17,3,0,0,14.583148,0
1,2018,4,5,18,0,0,0,29.726006,0
1,2018,4,5,18,1,0,0,27.547132,0
1,2018,4,5,18,2,0,0,21.853064,0
1,2018,4,5,18,3,0,0,13.037454,0
1,2018,4,5,19,0,0,0,15.985418,0
1,2018,4,5,19,1,0,0,15.240926,0
1,2018,4,5,19,2,0,0,8.8356,0
1,2018,4,5,19,3,0,0,9.601453,0
1,2018,4,5,20,0,0,0,9.683148,0
1,2018,4,5,20,1,0,0,15.156508,0
1,2018,4,5,20,2,0,0,7.416999,0
1,2018,4,5,20,3,0,0,10.063658,0
1,2018,4,5,21,0,0,0,12.099226,0
1,2018,4,5,21,1,0,0,10.917052,0
1,2018,4,5,21,2,0,0,19.695217,0
1,2018,4,5,21,3,0,0,20.348996,0
1,2018,4,5,22,0,0,0,8.460388,0
1,2018,4,5,22,1,0,0,3.517535,0
1,2018,4,5,22,2,0,0,3.517535,0
1,2018,4,5,22,3,0,0,6.516463,0
1,2018,4,5,23,0,0,0,5.56476,0
1,2018,4,5,23,1,0,0,2.658546,0
1,2018,4,5,23,2,0,0,2.723688,0
1,2018,4,5,23,3,0,0,9.869288,0
1,2018,4,6,0,0,0,0,11.818088,0
1,2018,4,6,0,1,0,0,2.723688,0
1,2018,4,6,0,2,0,0,2.723688,0
1,2018,4,6,0,3,0,0,6.870688,0
1,2018,4,6,1,0,0,0,8.378688,0
1,2018,4,6,1,1,0,0,4.231688,0
1,2018,4,6,1,2,0,0,5.637022,0
1,2018,4,6,1,3,0,0,4.180355,0
1,2018,4,6,2,0,0,0,2.723688,0
1,2018,4,6,2,1,0,0,6.30608,0
1,2018,4,6,2,2,0,0,8.694341,0
1,2018,4,6,2,3,0,0,13.223507,0
1,2018,4,6,3,0,0,0,10.039159,0
1,2018,4,6,3,1,0,0,4.535355,0
1,2018,4,6,3,2,0,0,2.723688,0
1,2018,4,6,3,3,0,0,2.723688,0
1,2018,4,6,4,0,0,0,2.723688,0
1,2018,4,6,4,1,0,0,4.595845,0
1,2018,4,6,4,2,0,0,5.27663,0
1,2018,4,6,4,3,0,0,5.27663,0
1,2018,4,6,5,0,0,0,4.425649,0
1,2018,4,6,5,1,0,0,2.723688,0
1,2018,4,6,5,2,0,0,2.723688,0
1,2018,4,6,5,3,0,0,2.723688,0
1,2018,4,6,6,0,0,0,2.723688,0
1,2018,4,6,6,1,0,0,2.723688,0
1,2018,4,6,6,2,0,0,3.018234,0
1,2018,4,6,6,3,0,0,5.884686,0
1,2018,4,6,7,0,0,0,4.597589,0
1,2018,4,6,7,1,0,0,6.705053,0
1,2018,4,6,7,2,0,0,8.139262,0
1,2018,4,6,7,3,0,0,10.600095,0
1,2018,4,6,8,0,0,0,13.59005,0
1,2018,4,6,8,1,0,0,14.031289,0
1,2018,4,6,8,2,0,0,9.564863,0
1,2018,4,6,8,3,0,0,14.606747,0
1,2018,4,6,9,0,0,0,14.577744,0
1,2018,4,6,9,1,0,0,8.079127,0
1,2018,4,6,9,2,0,0,11.372331,0
1,2018,4,6,9,3,0,0,16.023428,0
1,2018,4,6,10,0,0,0,12.459518,0
1,2018,4,6,10,1,0,0,12.806504,0
1,2018,4,6,10,2,0,0,17.858878,0
1,2018,4,6,10,3,0,0,17.466295,0
1,2018,4,6,11,0,0,0,10.22266,0
1,2018,4,6,11,1,0,0,13.759796,0
1,2018,4,6,11,2,0,0,15.250908,0
1,2018,4,6,11,3,0,0,6.331387,0
1,2018,4,6,12,0,0,0,9.132827,0
1,2018,4,6,12,1,0,0,14.507328,0
1,2018,4,6,12,2,0,0,21.640951,0
1,2018,4,6,12,3,0,0,12.367154,0
1,2018,4,6,13,0,0,0,15.370238,0
1,2018,4,6,13,1,0,0,11.969783,0
1,2018,4,6,13,2,0,0,16.936336,0
1,2018,4,6,13,3,0,0,18.504428,0
1,2018,4,6,14,0,0,0,11.051188,0
1,2018,4,6,14,1,0,0,10.629489,0
1,2018,4,6,14,2,0,0,14.612232,0
1,2018,4,6,14,3,0,0,14.281812,0
1,2018,4,6,15,0,0,0,9.539345,0
1,2018,4,6,15,1,0,0,14.333917,0
1,2018,4,6,15,2,0,0,13.510433,0
1,2018,4,6,15,3,0,0,12.413426,0
1,2018,4,6,16,0,0,0,18.385649,0
1,2018,4,6,16,1,0,0,14.412881,0
1,2018,4,6,16,2,0,0,17.123005,0
1,2018,4,6,16,3,0,0,21.798913,0
1,2018,4,6,17,0,0,0,20.447178,0
1,2018,4,6,17,1,0,0,28.131539,0
1,2018,4,6,17,2,0,0,21.19051,0
1,2018,4,6,17,3,0,0,29.180639,0
1,2018,4,6,18,0,0,0,17.008863,0
1,2018,4,6,18,1,0,0,10.187229,0
1,2018,4,6,18,2,0,0,6.811988,0
1,2018,4,6,18,3,0,0,7.376937,0
1,2018,4,6,19,0,0,0,13.52684,0
1,2018,4,6,19,1,0,0,21.540077,0
1,2018,4,6,19,2,0,0,18.887855,0
1,2018,4,6,19,3,0,0,10.808723,0
1,2018,4,6,20,0,0,0,10.0509,0
1,2018,4,6,20,1,0,0,17.865011,0
1,2018,4,6,20,2,0,0,18.918887,0
1,2018,4,6,20,3,0,0,24.617734,0
1,2018,4,6,21,0,0,0,24.46107,0
1,2018,4,6,21,1,0,0,16.569018,0
1,2018,4,6,21,2,0,0,19.492937,0
1,2018,4,6,21,3,0,0,17.017177,0
1,2018,4,6,22,0,0,0,27.073734,0
1,2018,4,6,22,1,0,0,26.097844,0
1,2018,4,6,22,2,0,0,25.298391,0
1,2018,4,6,22,3,0,0,17.076442,0
1,2018,4,6,23,0,0,0,30.564922,0
1,2018,4,6,23,1,0,0,18.231633,0
1,2018,4,6,23,2,0,0,12.144712,0
1,2018,4,6,23,3,0,0,11.383884,0
1,2018,4,7,0,0,0,0,15.801314,0
1,2018,4,7,0,1,0,0,17.358575,0
1,2018,4,7,0,2,0,0,17.965927,0
1,2018,4,7,0,3,0,0,12.500744,0
1,2018,4,7,1,0,0,0,5.182592,0
1,2018,4,7,1,1,0,0,13.694592,0
1,2018,4,7,1,2,0,0,9.120592,0
1,2018,4,7,1,3,0,0,26.054917,0
1,2018,4,7,2,0,0,0,20.121766,0
1,2018,4,7,2,1,0,0,18.832842,0
1,2018,4,7,2,2,0,0,11.702842,0
1,2018,4,7,2,3,0,0,2.126592,0
1,2018,4,7,3,0,0,0,2.612904,0
1,2018,4,7,3,1,0,0,9.450228,0
1,2018,4,7,3,2,0,0,2.271336,0
1,2018,4,7,3,3,0,0,6.094964,0
1,2018,4,7,4,0,0,0,8.931567,0
1,2018,4,7,4,1,0,0,13.481037,0
1,2018,4,7,4,2,0,0,9.496188,0
1,2018,4,7,4,3,0,0,13.108764,0
1,2018,4,7,5,0,0,0,4.213014,0
1,2018,4,7,5,1,0,0,2.877014,0
1,2018,4,7,5,2,0,0,1.875014,0
1,2018,4,7,5,3,0,0,1.875014,0
1,2018,4,7,6,0,0,0,1.875014,0
1,2018,4,7,6,1,0,0,2.545094,0
1,2018,4,7,6,2,0,0,15.877325,0
1,2018,4,7,6,3,0,0,16.908428,0
1,2018,4,7,7,0,0,0,15.788905,0
1,2018,4,7,7,1,0,0,3.693464,0
1,2018,4,7,7,2,0,0,4.939666,0
1,2018,4,7,7,3,0,0,2.268832,0
1,2018,4,7,8,0,0,0,7.962618,0
1,2018,4,7,8,1,0,0,3.924822,0
1,2018,4,7,8,2,0,0,3.278849,0
1,2018,4,7,8,3,0,0,5.42717,0
1,2018,4,7,9,0,0,0,5.492609,0
1,2018,4,7,9,1,0,0,12.741288,0
1,2018,4,7,9,2,0,0,15.174708,0
1,2018,4,7,9,3,0,0,17.660781,0
1,2018,4,7,10,0,0,0,10.508001,0
1,2018,4,7,10,1,0,0,12.776322,0
1,2018,4,7,10,2,0,0,8.935863,0
1,2018,4,7,10,3,0,0,7.554289,0
1,2018,4,7,11,0,0,0,3.350201,0
1,2018,4,7,11,1,0,0,2.999534,0
1,2018,4,7,11,2,0,0,9.716464,0
1,2018,4,7,11,3,0,0,9.709917,0
1,2018,4,7,12,0,0,0,7.688865,0
1,2018,4,7,12,1,0,0,14.229321,0
1,2018,4,7,12,2,0,0,18.211226,0
1,2018,4,7,12,3,0,0,24.993831,0
1,2018,4,7,13,0,0,0,36.897956,0
1,2018,4,7,13,1,0,0,28.803363,0
1,2018,4,7,13,2,0,0,14.538422,0
1,2018,4,7,13,3,0,0,18.857379,0
1,2018,4,7,14,0,0,0,29.589113,0
1,2018,4,7,14,1,0,0,23.027849,0
1,2018,4,7,14,2,0,0,13.92518,0
1,2018,4,7,14,3,0,0,12.329135,0
1,2018,4,7,15,0,0,0,16.654357,0
1,2018,4,7,15,1,0,0,15.641539,0
1,2018,4,7,15,2,0,0,21.46187,0
1,2018,4,7,15,3,0,0,15.73491,0
1,2018,4,7,16,0,0,0,11.865517,0
1,2018,4,7,16,1,0,0,10.562705,0
1,2018,4,7,16,2,0,0,19.246396,0
1,2018,4,7,16,3,0,0,22.604266,0
1,2018,4,7,17,0,0,0,20.284541,0
1,2018,4,7,17,1,0,0,12.116846,0
1,2018,4,7,17,2,0,0,17.116115,0
1,2018,4,7,17,3,0,0,24.321273,0
1,2018,4,7,18,0,0,0,7.112581,0
1,2018,4,7,18,1,0,0,9.478771,0
1,2018,4,7,18,2,0,0,20.447662,0
1,2018,4,7,18,3,0,0,8.754121,0
1,2018,4,7,19,0,0,0,8.097847,0
1,2018,4,7,19,1,0,0,22.137261,0
1,2018,4,7,19,2,0,0,13.002411,0
1,2018,4,7,19,3,0,0,1.025449,0
1,2018,4,7,20,0,0,0,5.852461,0
1,2018,4,7,20,1,0,0,17.53527,0
1,2018,4,7,20,2,0,0,20.989112,0
1,2018,4,7,20,3,0,0,24.211945,0
1,2018,4,7,21,0,0,0,32.382408,0
1,2018,4,7,21,1,0,0,20.189333,0
1,2018,4,7,21,2,0,0,11.164727,0
1,2018,4,7,21,3,0,0,19.441209,0
1,2018,4,7,22,0,0,0,21.574538,0
1,2018,4,7,22,1,0,0,16.381926,0
1,2018,4,7,22,2,0,0,14.976229,0
1,2018,4,7,22,3,0,0,6.862329,0
1,2018,4,7,23,0,0,0,5.738742,0
1,2018,4,7,23,1,0,0,2.065213,0
1,2018,4,7,23,2,0,0,12.125213,0
1,2018,4,7,23,3,0,0,25.782356,0
1,2018,4,8,0,0,0,0,25.114232,0
1,2018,4,8,0,1,0,0,26.979846,0
1,2018,4,8,0,2,0,0,11.160983,0
1,2018,4,8,0,3,0,0,8.867409,0
1,2018,4,8,1,0,0,0,22.589931,0
1,2018,4,8,1,1,0,0,40.322547,0
1,2018,4,8,1,2,0,0,29.297683,0
1,2018,4,8,1,3,0,0,25.586241,0
1,2018,4,8,2,0,0,0,29.894517,0
1,2018,4,8,2,1,0,0,17.383598,0
1,2018,4,8,2,2,0,0,6.886213,0
1,2018,4,8,2,3,0,0,9.294846,0
1,2018,4,8,3,0,0,0,20.028691,0
1,2018,4,8,3,1,0,0,10.513172,0
1,2018,4,8,3,2,0,0,22.394231,0
1,2018,4,8,3,3,0,0,5.304989,0
1,2018,4,8,4,0,0,0,10.189318,0
1,2018,4,8,4,1,0,0,11.220686,0
1,2018,4,8,4,2,0,0,15.681625,0
1,2018,4,8,4,3,0,0,7.513334,0
1,2018,4,8,5,0,0,0,5.786165,0
1,2018,4,8,5,1,0,0,5.773286,0
1,2018,4,8,5,2,0,0,4.660559,0
1,2018,4,8,5,3,0,0,5.316196,0
1,2018,4,8,6,0,0,0,8.102923,0
1,2018,4,8,6,1,0,0,1.600559,0
1,2018,4,8,6,2,0,0,1.600559,0
1,2018,4,8,6,3,0,0,2.906478,0
1,2018,4,8,7,0,0,0,7.030389,0
1,2018,4,8,7,1,0,0,6.819416,0
1,2018,4,8,7,2,0,0,2.236917,0
1,2018,4,8,7,3,0,0,8.278754,0
1,2018,4,8,8,0,0,0,18.453421,0
1,2018,4,8,8,1,0,0,16.42469,0
1,2018,4,8,8,2,0,0,16.881767,0
1,2018,4,8,8,3,0,0,13.396505,0
1,2018,4,8,9,0,0,0,16.208347,0
1,2018,4,8,9,1,0,0,22.878829,0
1,2018,4,8,9,2,0,0,15.541435,0
1,2018,4,8,9,3,0,0,7.483126,0
1,2018,4,8,10,0,0,0,9.31792,0
1,2018,4,8,10,1,0,0,15.406966,0
1,2018,4,8,10,2,0,0,17.050339,0
1,2018,4,8,10,3,0,0,9.417727,0
1,2018,4,8,11,0,0,0,18.952018,0
1,2018,4,8,11,1,0,0,14.214327,0
1,2018,4,8,11,2,0,0,12.718954,0
1,2018,4,8,11,3,0,0,12.663137,0
1,2018,4,8,12,0,0,0,18.203255,0
1,2018,4,8,12,1,0,0,32.853464,0
1,2018,4,8,12,2,0,0,23.368524,0
1,2018,4,8,12,3,0,0,18.187513,0
1,2018,4,8,13,0,0,0,19.032344,0
1,2018,4,8,13,1,0,0,37.336163,0
1,2018,4,8,13,2,0,0,27.321057,0
1,2018,4,8,13,3,0,0,19.815494,0
1,2018,4,8,14,0,0,0,16.887568,0
1,2018,4,8,14,1,0,0,22.488357,0
1,2018,4,8,14,2,0,0,18.795299,0
1,2018,4,8,14,3,0,0,23.422733,0
1,2018,4,8,15,0,0,0,32.867882,0
1,2018,4,8,15,1,0,0,34.509813,0
1,2018,4,8,15,2,0,0,22.788805,0
1,2018,4,8,15,3,0,0,23.335051,0
1,2018,4,8,16,0,0,0,19.809377,0
1,2018,4,8,16,1,0,0,14.023898,0
1,2018,4,8,16,2,0,0,8.266386,0
1,2018,4,8,16,3,0,0,30.01486,0
1,2018,4,8,17,0,0,0,36.045608,0
1,2018,4,8,17,1,0,0,18.953836,0
1,2018,4,8,17,2,0,0,11.224658,0
1,2018,4,8,17,3,0,0,23.177408,0
1,2018,4,8,18,0,0,0,28.518797,0
1,2018,4,8,18,1,0,0,13.841391,0
1,2018,4,8,18,2,0,0,7.93766,0
1,2018,4,8,18,3,0,0,25.345299,0
1,2018,4,8,19,0,0,0,21.379719,0
1,2018,4,8,19,1,0,0,13.251788,0
1,2018,4,8,19,2,0,0,27.608204,0
1,2018,4,8,19,3,0,0,20.359913,0
1,2018,4,8,20,0,0,0,7.079779,0
1,2018,4,8,20,1,0,0,14.487627,0
1,2018,4,8,20,2,0,0,12.593547,0
1,2018,4,8,20,3,0,0,12.43918,0
1,2018,4,8,21,0,0,0,5.844113,0
1,2018,4,8,21,1,0,0,8.848995,0
1,2018,4,8,21,2,0,0,10.161915,0
1,2018,4,8,21,3,0,0,26.356201,0
1,2018,4,8,22,0,0,0,19.860979,0
1,2018,4,8,22,1,0,0,15.160494,0
1,2018,4,8,22,2,0,0,9.164944,0
1,2018,4,8,22,3,0,0,17.85577,0
1,2018,4,8,23,0,0,0,11.891475,0
1,2018,4,8,23,1,0,0,10.849331,0
1,2018,4,8,23,2,0,0,9.002127,0
1,2018,4,8,23,3,0,0,1.048738,0
1,2018,4,9,0,0,0,0,1.178718,0
1,2018,4,9,0,1,0,0,1.327267,0
1,2018,4,9,0,2,0,0,1.327267,0
1,2018,4,9,0,3,0,0,4.187267,0
1,2018,4,9,1,0,0,0,8.298404,0
1,2018,4,9,1,1,0,0,24.876529,0
1,2018,4,9,1,2,0,0,12.552385,0
1,2018,4,9,1,3,0,0,10.215951,0
1,2018,4,9,2,0,0,0,8.893767,0
1,2018,4,9,2,1,0,0,2.840567,0
1,2018,4,9,2,2,0,0,1.327267,0
1,2018,4,9,2,3,0,0,4.696498,0
1,2018,4,9,3,0,0,0,6.718036,0
1,2018,4,9,3,1,0,0,1.327267,0
1,2018,4,9,3,2,0,0,1.327267,0
1,2018,4,9,3,3,0,0,1.327267,0
1,2018,4,9,4,0,0,0,8.70191,0
1,2018,4,9,4,1,0,0,9.518467,0
1,2018,4,9,4,2,0,0,6.788067,0
1,2018,4,9,4,3,0,0,1.327267,0
1,2018,4,9,5,0,0,0,1.327267,0
1,2018,4,9,5,1,0,0,4.5706,0
1,2018,4,9,5,2,0,0,3.643934,0
1,2018,4,9,5,3,0,0,6.754959,0
1,2018,4,9,6,0,0,0,6.086718,0
1,2018,4,9,6,1,0,0,1.970124,0
1,2018,4,9,6,2,0,0,1.327267,0
1,2018,4,9,6,3,0,0,1.614449,0
1,2018,4,9,7,0,0,0,2.033768,0
1,2018,4,9,7,1,0,0,2.658139,0
1,2018,4,9,7,2,0,0,7.985354,0
1,2018,4,9,7,3,0,0,19.500601,0
1,2018,4,9,8,0,0,0,28.580945,0
1,2018,4,9,8,1,0,0,22.045213,0
1,2018,4,9,8,2,0,0,15.146506,0
1,2018,4,9,8,3,0,0,17.588456,0
1,2018,4,9,9,0,0,0,24.095249,0
1,2018,4,9,9,1,0,0,35.191341,0
1,2018,4,9,9,2,0,0,31.677126,0
1,2018,4,9,9,3,0,0,11.690948,0
1,2018,4,9,10,0,0,0,16.512594,0
1,2018,4,9,10,1,0,0,22.197464,0
1,2018,4,9,10,2,0,0,40.733166,0
1,2018,4,9,10,3,0,0,28.639784,0
1,2018,4,9,11,0,0,0,23.877057,0
1,2018,4,9,11,1,0,0,28.013171,0
1,2018,4,9,11,2,0,0,34.233469,0
1,2018,4,9,11,3,0,0,19.768679,0
1,2018,4,9,12,0,0,0,19.378719,0
1,2018,4,9,12,1,0,0,26.00428,0
1,2018,4,9,12,2,0,0,19.070133,0
1,2018,4,9,12,3,0,0,12.188516,0
1,2018,4,9,13,0,0,0,16.506086,0
1,2018,4,9,13,1,0,0,33.429576,0
1,2018,4,9,13,2,0,0,22.277535,0
1,2018,4,9,13,3,0,0,20.298661,0
1,2018,4,9,14,0,0,0,30.523918,0
1,2018,4,9,14,1,0,0,42.282142,0
1,2018,4,9,14,2,0,0,38.655079,0
1,2018,4,9,14,3,0,0,28.303002,0
1,2018,4,9,15,0,0,0,24.820213,0
1,2018,4,9,15,1,0,0,15.941734,0
1,2018,4,9,15,2,0,0,19.161946,0
1,2018,4,9,15,3,0,0,13.049609,0
1,2018,4,9,16,0,0,0,16.253805,0
1,2018,4,9,16,1,0,0,20.590633,0
1,2018,4,9,16,2,0,0,25.273824,0
1,2018,4,9,16,3,0,0,18.737783,0
1,2018,4,9,17,0,0,0,21.209989,0
1,2018,4,9,17,1,0,0,25.450579,0
1,2018,4,9,17,2,0,0,17.906301,0
1,2018,4,9,17,3,0,0,14.666222,0
1,2018,4,9,18,0,0,0,9.072644,0
1,2018,4,9,18,1,0,0,14.543899,0
1,2018,4,9,18,2,0,0,5.371814,0
1,2018,4,9,18,3,0,0,20.167568,0
1,2018,4,9,19,0,0,0,21.948444,0
1,2018,4,9,19,1,0,0,5.819498,0
1,2018,4,9,19,2,0,0,16.100873,0
1,2018,4,9,19,3,0,0,19.187864,0
1,2018,4,9,20,0,0,0,16.435773,0
1,2018,4,9,20,1,0,0,15.22198,0
1,2018,4,9,20,2,0,0,13.148224,0
1,2018,4,9,20,3,0,0,4.654858,0
1,2018,4,9,21,0,0,0,5.359527,0
1,2018,4,9,21,1,0,0,9.742861,0
1,2018,4,9,21,2,0,0,16.831818,0
1,2018,4,9,21,3,0,0,24.339825,0
1,2018,4,9,22,0,0,0,23.013042,0
1,2018,4,9,22,1,0,0,32.190104,0
1,2018,4,9,22,2,0,0,24.554935,0
1,2018,4,9,22,3,0,0,19.619852,0
1,2018,4,9,23,0,0,0,24.240318,0
1,2018,4,9,23,1,0,0,4.338956,0
1,2018,4,9,23,2,0,0,6.997628,0
1,2018,4,9,23,3,0,0,18.306323,0
1,2018,4,10,0,0,0,0,17.646195,0
1,2018,4,10,0,1,0,0,8.286327,0
1,2018,4,10,0,2,0,0,13.836443,0
1,2018,4,10,0,3,0,0,9.666443,0
1,2018,4,10,1,0,0,0,3.411443,0
1,2018,4,10,1,1,0,0,4.097255,0
1,2018,4,10,1,2,0,0,13.69863,0
1,2018,4,10,1,3,0,0,19.451679,0
1,2018,4,10,2,0,0,0,9.850304,0
1,2018,4,10,2,1,0,0,7.189596,0
1,2018,4,10,2,2,0,0,8.9458,0
1,2018,4,10,2,3,0,0,8.431539,0
1,2018,4,10,3,0,0,0,2.77467,0
1,2018,4,10,3,1,0,0,2.77467,0
1,2018,4,10,3,2,0,0,2.77467,0
1,2018,4,10,3,3,0,0,4.69407,0
1,2018,4,10,4,0,0,0,10.45227,0
1,2018,4,10,4,1,0,0,2.77467,0
1,2018,4,10,4,2,0,0,6.78701,0
1,2018,4,10,4,3,0,0,11.016642,0
1,2018,4,10,5,0,0,0,12.49895,0
1,2018,4,10,5,1,0,0,9.289077,0
1,2018,4,10,5,2,0,0,2.77467,0
1,2018,4,10,5,3,0,0,2.77467,0
1,2018,4,10,6,0,0,0,4.807527,0
1,2018,4,10,6,1,0,0,4.952731,0
1,2018,4,10,6,2,0,0,4.952731,0
1,2018,4,10,6,3,0,0,4.335221,0
1,2018,4,10,7,0,0,0,6.215857,0
1,2018,4,10,7,1,0,0,6.474172,0
1,2018,4,10,7,2,0,0,13.447715,0
1,2018,4,10,7,3,0,0,15.837656,0
1,2018,4,10,8,0,0,0,20.12629,0
1,2018,4,10,8,1,0,0,16.960032,0
1,2018,4,10,8,2,0,0,17.719312,0
1,2018,4,10,8,3,0,0,20.268979,0
1,2018,4,10,9,0,0,0,12.280389,0
1,2018,4,10,9,1,0,0,8.627677,0
1,2018,4,10,9,2,0,0,8.885128,0
1,2018,4,10,9,3,0,0,12.547071,0
1,2018,4,10,10,0,0,0,17.379359,0
1,2018,4,10,10,1,0,0,25.406581,0
1,2018,4,10,10,2,0,0,31.049316,0
1,2018,4,10,10,3,0,0,16.833241,0
1,2018,4,10,11,0,0,0,23.479732,0
1,2018,4,10,11,1,0,0,31.327525,0
1,2018,4,10,11,2,0,0,38.456161,0
1,2018,4,10,11,3,0,0,27.070777,0
1,2018,4,10,12,0,0,0,25.565249,0
1,2018,4,10,12,1,0,0,27.523868,0
1,2018,4,10,12,2,0,0,32.424752,0
1,2018,4,10,12,3,0,0,36.457536,0
1,2018,4,10,13,0,0,0,44.234768,0
1,2018,4,10,13,1,0,0,26.715899,0
1,2018,4,10,13,2,0,0,33.20259,0
1,2018,4,10,13,3,0,0,32.287211,0
1,2018,4,10,14,0,0,0,19.197944,0
1,2018,4,10,14,1,0,0,32.329711,0
1,2018,4,10,14,2,0,0,27.237174,0
1,2018,4,10,14,3,0,0,26.333973,0
1,2018,4,10,15,0,0,0,26.682671,0
1,2018,4,10,15,1,0,0,30.497865,0
1,2018,4,10,15,2,0,0,24.358557,0
1,2018,4,10,15,3,0,0,38.916618,0
1,2018,4,10,16,0,0,0,41.905237,0
1,2018,4,10,16,1,0,0,31.446344,0
1,2018,4,10,16,2,0,0,37.845869,0
1,2018,4,10,16,3,0,0,26.158513,0
1,2018,4,10,17,0,0,0,28.963879,0
1,2018,4,10,17,1,0,0,37.258948,0
1,2018,4,10,17,2,0,0,38.614175,0
1,2018,4,10,17,3,0,0,46.083339,0
1,2018,4,10,18,0,0,0,21.473054,0
1,2018,4,10,18,1,0,0,16.859649,0
1,2018,4,10,18,2,0,0,15.839097,0
1,2018,4,10,18,3,0,0,23.668741,0
1,2018,4,10,19,0,0,0,24.605752,0
1,2018,4,10,19,1,0,0,29.196987,0
1,2018,4,10,19,2,0,0,26.83179,0
1,2018,4,10,19,3,0,0,13.388454,0
1,2018,4,10,20,0,0,0,18.310782,0
1,2018,4,10,20,1,0,0,12.031825,0
1,2018,4,10,20,2,0,0,7.065238,0
1,2018,4,10,20,3,0,0,21.236518,0
1,2018,4,10,21,0,0,0,13.451361,0
1,2018,4,10,21,1,0,0,17.156888,0
1,2018,4,10,21,2,0,0,22.855618,0
1,2018,4,10,21,3,0,0,16.501371,0
1,2018,4,10,22,0,0,0,14.633563,0
1,2018,4,10,22,1,0,0,16.003644,0
1,2018,4,10,22,2,0,0,8.373783,0
1,2018,4,10,22,3,0,0,10.942991,0
1,2018,4,10,23,0,0,0,20.861991,0
1,2018,4,10,23,1,0,0,13.026044,0
1,2018,4,10,23,2,0,0,12.553552,0
1,2018,4,10,23,3,0,0,11.151778,0
1,2018,4,11,0,0,0,0,5.544681,0
1,2018,4,11,0,1,0,0,13.739361,0
1,2018,4,11,0,2,0,0,13.109001,0
1,2018,4,11,0,3,0,0,10.810716,0
1,2018,4,11,1,0,0,0,16.217612,0
1,2018,4,11,1,1,0,0,19.725716,0
1,2018,4,11,1,2,0,0,6.585858,0
1,2018,4,11,1,3,0,0,13.051653,0
1,2018,4,11,2,0,0,0,10.60907,0
1,2018,4,11,2,1,0,0,19.38602,0
1,2018,4,11,2,2,0,0,12.355016,0
1,2018,4,11,2,3,0,0,6.507463,0
1,2018,4,11,3,0,0,0,4.897028,0
1,2018,4,11,3,1,0,0,4.897028,0
1,2018,4,11,3,2,0,0,4.897028,0
1,2018,4,11,3,3,0,0,4.897028,0
1,2018,4,11,4,0,0,0,9.749828,0
1,2018,4,11,4,1,0,0,12.985028,0
1,2018,4,11,4,2,0,0,10.828228,0
1,2018,4,11,4,3,0,0,9.120228,0
1,2018,4,11,5,0,0,0,10.176028,0
1,2018,4,11,5,1,0,0,10.176028,0
1,2018,4,11,5,2,0,0,6.455464,0
1,2018,4,11,5,3,0,0,9.923391,0
1,2018,4,11,6,0,0,0,4.854607,0
1,2018,4,11,6,1,0,0,7.302637,0
1,2018,4,11,6,2,0,0,4.674198,0
1,2018,4,11,6,3,0,0,3.822947,0
1,2018,4,11,7,0,0,0,3.299137,0
1,2018,4,11,7,1,0,0,11.613645,0
1,2018,4,11,7,2,0,0,27.342516,0
1,2018,4,11,7,3,0,0,23.869322,0
1,2018,4,11,8,0,0,0,15.121966,0
1,2018,4,11,8,1,0,0,28.174659,0
1,2018,4,11,8,2,0,0,26.263336,0
1,2018,4,11,8,3,0,0,16.813497,0
1,2018,4,11,9,0,0,0,17.008263,0
1,2018,4,11,9,1,0,0,15.973214,0
1,2018,4,11,9,2,0,0,26.499697,0
1,2018,4,11,9,3,0,0,28.569011,0
1,2018,4,11,10,0,0,0,23.954665,0
1,2018,4,11,10,1,0,0,13.720923,0
1,2018,4,11,10,2,0,0,22.546602,0
1,2018,4,11,10,3,0,0,24.994009,0
1,2018,4,11,11,0,0,0,17.570951,0
1,2018,4,11,11,1,0,0,15.527224,0
1,2018,4,11,11,2,0,0,20.621768,0
1,2018,4,11,11,3,0,0,25.729961,0
1,2018,4,11,12,0,0,0,20.572036,0
1,2018,4,11,12,1,0,0,23.747579,0
1,2018,4,11,12,2,0,0,31.151782,0
1,2018,4,11,12,3,0,0,26.255545,0
1,2018,4,11,13,0,0,0,20.425868,0
1,2018,4,11,13,1,0,0,19.473549,0
1,2018,4,11,13,2,0,0,21.98945,0
1,2018,4,11,13,3,0,0,25.096026,0
1,2018,4,11,14,0,0,0,36.536639,0
1,2018,4,11,14,1,0,0,39.376045,0
1,2018,4,11,14,2,0,0,21.175763,0
1,2018,4,11,14,3,0,0,37.580955,0
1,2018,4,11,15,0,0,0,47.04706,0
1,2018,4,11,15,1,0,0,30.655275,0
1,2018,4,11,15,2,0,0,12.459384,0
1,2018,4,11,15,3,0,0,18.748753,0
1,2018,4,11,16,0,0,0,20.470057,0
1,2018,4,11,16,1,0,0,34.420179,0
1,2018,4,11,16,2,0,0,31.740264,0
1,2018,4,11,16,3,0,0,28.815095,0
1,2018,4,11,17,0,0,0,31.035581,0
1,2018,4,11,17,1,0,0,31.055024,0
1,2018,4,11,17,2,0,0,16.009256,0
1,2018,4,11,17,3,0,0,12.140773,0
1,2018,4,11,18,0,0,0,8.296337,0
1,2018,4,11,18,1,0,0,11.689731,0
1,2018,4,11,18,2,0,0,11.198698,0
1,2018,4,11,18,3,0,0,13.381536,0
1,2018,4,11,19,0,0,0,8.404252,0
1,2018,4,11,19,1,0,0,8.245318,0
1,2018,4,11,19,2,0,0,6.656252,0
1,2018,4,11,19,3,0,0,8.128606,0
1,2018,4,11,20,0,0,0,6.123187,0
1,2018,4,11,20,1,0,0,6.60846,0
1,2018,4,11,20,2,0,0,18.510449,0
1,2018,4,11,20,3,0,0,32.721478,0
1,2018,4,11,21,0,0,0,15.052842,0
1,2018,4,11,21,1,0,0,29.430581,0
1,2018,4,11,21,2,0,0,10.610613,0
1,2018,4,11,21,3,0,0,7.909853,0
1,2018,4,11,22,0,0,0,10.058856,0
1,2018,4,11,22,1,0,0,9.57401,0
1,2018,4,11,22,2,0,0,9.771198,0
1,2018,4,11,22,3,0,0,9.234334,0
1,2018,4,11,23,0,0,0,12.639072,0
1,2018,4,11,23,1,0,0,5.997672,0
1,2018,4,11,23,2,0,0,12.050539,0
1,2018,4,11,23,3,0,0,16.614559,0
1,2018,4,12,0,0,0,0,4.472108,0
1,2018,4,12,0,1,0,0,4.472108,0
1,2018,4,12,0,2,0,0,4.472108,0
1,2018,4,12,0,3,0,0,4.472108,0
1,2018,4,12,1,0,0,0,10.986723,0
1,2018,4,12,1,1,0,0,16.000674,0
1,2018,4,12,1,2,0,0,16.758231,0
1,2018,4,12,1,3,0,0,15.616671,0
1,2018,4,12,2,0,0,0,24.409643,0
1,2018,4,12,2,1,0,0,13.094704,0
1,2018,4,12,2,2,0,0,4.472108,0
1,2018,4,12,2,3,0,0,4.472108,0
1,2018,4,12,3,0,0,0,4.472108,0
1,2018,4,12,3,1,0,0,4.472108,0
1,2018,4,12,3,2,0,0,4.472108,0
1,2018,4,12,3,3,0,0,4.472108,0
1,2018,4,12,4,0,0,0,4.472108,0
1,2018,4,12,4,1,0,0,4.472108,0
1,2018,4,12,4,2,0,0,7.164688,0
1,2018,4,12,4,3,0,0,12.54985,0
1,2018,4,12,5,0,0,0,10.395785,0
1,2018,4,12,5,1,0,0,4.472108,0
1,2018,4,12,5,2,0,0,4.472108,0
1,2018,4,12,5,3,0,0,6.758415,0
1,2018,4,12,6,0,0,0,19.182434,0
1,2018,4,12,6,1,0,0,12.098693,0
1,2018,4,12,6,2,0,0,14.376511,0
1,2018,4,12,6,3,0,0,19.227662,0
1,2018,4,12,7,0,0,0,11.820949,0
1,2018,4,12,7,1,0,0,12.96741,0
1,2018,4,12,7,2,0,0,16.366344,0
1,2018,4,12,7,3,0,0,5.936368,0
1,2018,4,12,8,0,0,0,6.943115,0
1,2018,4,12,8,1,0,0,9.437807,0
1,2018,4,12,8,2,0,0,23.545561,0
1,2018,4,12,8,3,0,0,27.543952,0
1,2018,4,12,9,0,0,0,24.854224,0
1,2018,4,12,9,1,0,0,30.815533,0
1,2018,4,12,9,2,0,0,26.781405,0
1,2018,4,12,9,3,0,0,16.548372,0
1,2018,4,12,10,0,0,0,12.989909,0
1,2018,4,12,10,1,0,0,14.80408,0
1,2018,4,12,10,2,0,0,17.77687,0
1,2018,4,12,10,3,0,0,19.160442,0
1,2018,4,12,11,0,0,0,23.882493,0
1,2018,4,12,11,1,0,0,23.778299,0
1,2018,4,12,11,2,0,0,19.101067,0
1,2018,4,12,11,3,0,0,23.56082,0
1,2018,4,12,12,0,0,0,20.125839,0
1,2018,4,12,12,1,0,0,18.722411,0
1,2018,4,12,12,2,0,0,33.419363,0
1,2018,4,12,12,3,0,0,52.330961,0
1,2018,4,12,13,0,0,0,53.274118,0
1,2018,4,12,13,1,0,0,51.567627,0
1,2018,4,12,13,2,0,0,46.398156,0
1,2018,4,12,13,3,0,0,33.506685,0
1,2018,4,12,14,0,0,0,22.496835,0
1,2018,4,12,14,1,0,0,20.231067,0
1,2018,4,12,14,2,0,0,29.704567,0
1,2018,4,12,14,3,0,0,43.017838,0
1,2018,4,12,15,0,0,0,33.830856,0
1,2018,4,12,15,1,0,0,37.312795,0
1,2018,4,12,15,2,0,0,19.265723,0
1,2018,4,12,15,3,0,0,17.692886,0
1,2018,4,12,16,0,0,0,25.735193,0
1,2018,4,12,16,1,0,0,16.676756,0
1,2018,4,12,16,2,0,0,14.51521,0
1,2018,4,12,16,3,0,0,13.949354,0
1,2018,4,12,17,0,0,0,16.637581,0
1,2018,4,12,17,1,0,0,20.410562,0
1,2018,4,12,17,2,0,0,20.097774,0
1,2018,4,12,17,3,0,0,25.971858,0
1,2018,4,12,18,0,0,0,28.732674,0
1,2018,4,12,18,1,0,0,25.999011,0
1,2018,4,12,18,2,0,0,19.326075,0
1,2018,4,12,18,3,0,0,22.62951,0
1,2018,4,12,19,0,0,0,18.565669,0
1,2018,4,12,19,1,0,0,13.335864,0
1,2018,4,12,19,2,0,0,15.984903,0
1,2018,4,12,19,3,0,0,20.641415,0
1,2018,4,12,20,0,0,0,13.212663,0
1,2018,4,12,20,1,0,0,20.609508,0
1,2018,4,12,20,2,0,0,14.428556,0
1,2018,4,12,20,3,0,0,5.058973,0
1,2018,4,12,21,0,0,0,3.598843,0
1,2018,4,12,21,1,0,0,9.397031,0
1,2018,4,12,21,2,0,0,12.876779,0
1,2018,4,12,21,3,0,0,11.386737,0
1,2018,4,12,22,0,0,0,11.050699,0
1,2018,4,12,22,1,0,0,5.286186,0
1,2018,4,12,22,2,0,0,4.239262,0
1,2018,4,12,22,3,0,0,4.718464,0
1,2018,4,12,23,0,0,0,11.529919,0
1,2018,4,12,23,1,0,0,12.30611,0
1,2018,4,12,23,2,0,0,6.575403,0
1,2018,4,12,23,3,0,0,12.187486,0
1,2018,4,13,0,0,0,0,16.164406,0
1,2018,4,13,0,1,0,0,12.749436,0
1,2018,4,13,0,2,0,0,14.066186,0
1,2018,4,13,0,3,0,0,14.109041,0
1,2018,4,13,1,0,0,0,11.157894,0
1,2018,4,13,1,1,0,0,10.230733,0
1,2018,4,13,1,2,0,0,7.76961,0
1,2018,4,13,1,3,0,0,7.554742,0
1,2018,4,13,2,0,0,0,7.554742,0
1,2018,4,13,2,1,0,0,7.256025,0
1,2018,4,13,2,2,0,0,3.073982,0
1,2018,4,13,2,3,0,0,3.073982,0
1,2018,4,13,3,0,0,0,3.073982,0
1,2018,4,13,3,1,0,0,3.073982,0
1,2018,4,13,3,2,0,0,3.073982,0
1,2018,4,13,3,3,0,0,3.073982,0
1,2018,4,13,4,0,0,0,3.073982,0
1,2018,4,13,4,1,0,0,3.073982,0
1,2018,4,13,4,2,0,0,3.073982,0
1,2018,4,13,4,3,0,0,3.073982,0
1,2018,4,13,5,0,0,0,14.098982,0
1,2018,4,13,5,1,0,0,3.073982,0
1,2018,4,13,5,2,0,0,3.073982,0
1,2018,4,13,5,3,0,0,3.073982,0
1,2018,4,13,6,0,0,0,15.565645,0
1,2018,4,13,6,1,0,0,17.889335,0
1,2018,4,13,6,2,0,0,8.86668,0
1,2018,4,13,6,3,0,0,8.666254,0
1,2018,4,13,7,0,0,0,28.161896,0
1,2018,4,13,7,1,0,0,20.145276,0
1,2018,4,13,7,2,0,0,4.873605,0
1,2018,4,13,7,3,0,0,8.772965,0
1,2018,4,13,8,0,0,0,5.58248,0
1,2018,4,13,8,1,0,0,5.318708,0
1,2018,4,13,8,2,0,0,14.517036,0
1,2018,4,13,8,3,0,0,17.642729,0
1,2018,4,13,9,0,0,0,15.693825,0
1,2018,4,13,9,1,0,0,22.876091,0
1,2018,4,13,9,2,0,0,31.224697,0
1,2018,4,13,9,3,0,0,22.165738,0
1,2018,4,13,10,0,0,0,15.008043,0
1,2018,4,13,10,1,0,0,9.220395,0
1,2018,4,13,10,2,0,0,25.797025,0
1,2018,4,13,10,3,0,0,14.506889,0
1,2018,4,13,11,0,0,0,16.331971,0
1,2018,4,13,11,1,0,0,21.324358,0
1,2018,4,13,11,2,0,0,31.373763,0
1,2018,4,13,11,3,0,0,39.973048,0
1,2018,4,13,12,0,0,0,51.387506,0
1,2018,4,13,12,1,0,0,47.532156,0
1,2018,4,13,12,2,0,0,35.295142,0
1,2018,4,13,12,3,0,0,42.077541,0
1,2018,4,13,13,0,0,0,49.142131,0
1,2018,4,13,13,1,0,0,34.973685,0
1,2018,4,13,13,2,0,0,20.304737,0
1,2018,4,13,13,3,0,0,20.856436,0
1,2018,4,13,14,0,0,0,29.807963,0
1,2018,4,13,14,1,0,0,42.77596,0
1,2018,4,13,14,2,0,0,32.284024,0
1,2018,4,13,14,3,0,0,31.445076,0
1,2018,4,13,15,0,0,0,29.057273,0
1,2018,4,13,15,1,0,0,39.806176,0
1,2018,4,13,15,2,0,0,46.798916,0
1,2018,4,13,15,3,0,0,29.261526,0
1,2018,4,13,16,0,0,0,38.717901,0
1,2018,4,13,16,1,0,0,38.087198,0
1,2018,4,13,16,2,0,0,32.152583,0
1,2018,4,13,16,3,0,0,35.16496,0
1,2018,4,13,17,0,0,0,38.379938,0
1,2018,4,13,17,1,0,0,42.410406,0
1,2018,4,13,17,2,0,0,33.35994,0
1,2018,4,13,17,3,0,0,32.354519,0
1,2018,4,13,18,0,0,0,9.671269,0
1,2018,4,13,18,1,0,0,14.189818,0
1,2018,4,13,18,2,0,0,4.870264,0
1,2018,4,13,18,3,0,0,17.513808,0
1,2018,4,13,19,0,0,0,27.080311,0
1,2018,4,13,19,1,0,0,16.554686,0
1,2018,4,13,19,2,0,0,11.050238,0
1,2018,4,13,19,3,0,0,10.062682,0
1,2018,4,13,20,0,0,0,15.570217,0
1,2018,4,13,20,1,0,0,12.744862,0
1,2018,4,13,20,2,0,0,24.529569,0
1,2018,4,13,20,3,0,0,19.359991,0
1,2018,4,13,21,0,0,0,21.452155,0
1,2018,4,13,21,1,0,0,34.775483,0
1,2018,4,13,21,2,0,0,29.216036,0
1,2018,4,13,21,3,0,0,31.564722,0
1,2018,4,13,22,0,0,0,27.228549,0
1,2018,4,13,22,1,0,0,17.00425,0
1,2018,4,13,22,2,0,0,22.663609,0
1,2018,4,13,22,3,0,0,28.036034,0
1,2018,4,13,23,0,0,0,15.60407,0
1,2018,4,13,23,1,0,0,11.954439,0
1,2018,4,13,23,2,0,0,5.87746,0
1,2018,4,13,23,3,0,0,3.410901,0
1,2018,4,14,0,0,0,0,14.569143,0
1,2018,4,14,0,1,0,0,2.813758,0
1,2018,4,14,0,2,0,0,2.813758,0
1,2018,4,14,0,3,0,0,19.913125,0
1,2018,4,14,1,0,0,0,47.500426,0
1,2018,4,14,1,1,0,0,34.591447,0
1,2018,4,14,1,2,0,0,22.208101,0
1,2018,4,14,1,3,0,0,26.843809,0
1,2018,4,14,2,0,0,0,14.079589,0
1,2018,4,14,2,1,0,0,8.275666,0
1,2018,4,14,2,2,0,0,11.067329,0
1,2018,4,14,2,3,0,0,12.167341,0
1,2018,4,14,3,0,0,0,6.598932,0
1,2018,4,14,3,1,0,0,8.62131,0
1,2018,4,14,3,2,0,0,5.217721,0
1,2018,4,14,3,3,0,0,17.696518,0
1,2018,4,14,4,0,0,0,24.878529,0
1,2018,4,14,4,1,0,0,15.990749,0
1,2018,4,14,4,2,0,0,11.223454,0
1,2018,4,14,4,3,0,0,7.794158,0
1,2018,4,14,5,0,0,0,9.717732,0
1,2018,4,14,5,1,0,0,2.461482,0
1,2018,4,14,5,2,0,0,2.461482,0
1,2018,4,14,5,3,0,0,2.461482,0
1,2018,4,14,6,0,0,0,5.380182,0
1,2018,4,14,6,1,0,0,2.785782,0
1,2018,4,14,6,2,0,0,2.461482,0
1,2018,4,14,6,3,0,0,2.948232,0
1,2018,4,14,7,0,0,0,9.199487,0
1,2018,4,14,7,1,0,0,12.346309,0
1,2018,4,14,7,2,0,0,9.881527,0
1,2018,4,14,7,3,0,0,7.428854,0
1,2018,4,14,8,0,0,0,5.929975,0
1,2018,4,14,8,1,0,0,13.770324,0
1,2018,4,14,8,2,0,0,16.972671,0
1,2018,4,14,8,3,0,0,12.172628,0
1,2018,4,14,9,0,0,0,7.975606,0
1,2018,4,14,9,1,0,0,6.808006,0
1,2018,4,14,9,2,0,0,13.918175,0
1,2018,4,14,9,3,0,0,17.446465,0
1,2018,4,14,10,0,0,0,11.7645,0
1,2018,4,14,10,1,0,0,13.716808,0
1,2018,4,14,10,2,0,0,31.401649,0
1,2018,4,14,10,3,0,0,31.056426,0
1,2018,4,14,11,0,0,0,16.360045,0
1,2018,4,14,11,1,0,0,27.680925,0
1,2018,4,14,11,2,0,0,21.686016,0
1,2018,4,14,11,3,0,0,19.317459,0
1,2018,4,14,12,0,0,0,18.646785,0
1,2018,4,14,12,1,0,0,8.821979,0
1,2018,4,14,12,2,0,0,13.154213,0
1,2018,4,14,12,3,0,0,27.655366,0
1,2018,4,14,13,0,0,0,12.358452,0
1,2018,4,14,13,1,0,0,14.133712,0
1,2018,4,14,13,2,0,0,31.305121,0
1,2018,4,14,13,3,0,0,30.496896,0
1,2018,4,14,14,0,0,0,14.77266,0
1,2018,4,14,14,1,0,0,18.402286,0
1,2018,4,14,14,2,0,0,38.213129,0
1,2018,4,14,14,3,0,0,34.974812,0
1,2018,4,14,15,0,0,0,25.736566,0
1,2018,4,14,15,1,0,0,37.978495,0
1,2018,4,14,15,2,0,0,25.831429,0
1,2018,4,14,15,3,0,0,24.752869,0
1,2018,4,14,16,0,0,0,17.943604,0
1,2018,4,14,16,1,0,0,21.352231,0
1,2018,4,14,16,2,0,0,22.251525,0
1,2018,4,14,16,3,0,0,35.058685,0
1,2018,4,14,17,0,0,0,37.765688,0
1,2018,4,14,17,1,0,0,37.128702,0
1,2018,4,14,17,2,0,0,29.739353,0
1,2018,4,14,17,3,0,0,30.581604,0
1,2018,4,14,18,0,0,0,16.299752,0
1,2018,4,14,18,1,0,0,6.657934,0
1,2018,4,14,18,2,0,0,6.338726,0
1,2018,4,14,18,3,0,0,9.044467,0
1,2018,4,14,19,0,0,0,11.498258,0
1,2018,4,14,19,1,0,0,24.43823,0
1,2018,4,14,19,2,0,0,20.744329,0
1,2018,4,14,19,3,0,0,14.389224,0
1,2018,4,14,20,0,0,0,30.898684,0
1,2018,4,14,20,1,0,0,37.138878,0
1,2018,4,14,20,2,0,0,31.910353,0
1,2018,4,14,20,3,0,0,16.531428,0
1,2018,4,14,21,0,0,0,15.821395,0
1,2018,4,14,21,1,0,0,18.808826,0
1,2018,4,14,21,2,0,0,30.002593,0
1,2018,4,14,21,3,0,0,31.197459,0
1,2018,4,14,22,0,0,0,25.893574,0
1,2018,4,14,22,1,0,0,26.100566,0
1,2018,4,14,22,2,0,0,11.815485,0
1,2018,4,14,22,3,0,0,24.894698,0
1,2018,4,14,23,0,0,0,20.941736,0
1,2018,4,14,23,1,0,0,21.450065,0
1,2018,4,14,23,2,0,0,8.940227,0
1,2018,4,14,23,3,0,0,10.439998,0
1,2018,4,15,0,0,0,0,28.944242,0
1,2018,4,15,0,1,0,0,19.133282,0
1,2018,4,15,0,2,0,0,7.792841,0
1,2018,4,15,0,3,0,0,2.213085,0
1,2018,4,15,1,0,0,0,6.858414,0
1,2018,4,15,1,1,0,0,24.277881,0
1,2018,4,15,1,2,0,0,28.901752,0
1,2018,4,15,1,3,0,0,34.087921,0
1,2018,4,15,2,0,0,0,26.015283,0
1,2018,4,15,2,1,0,0,11.665573,0
1,2018,4,15,2,2,0,0,10.348906,0
1,2018,4,15,2,3,0,0,13.003906,0
1,2018,4,15,3,0,0,0,5.713906,0
1,2018,4,15,3,1,0,0,6.750156,0
1,2018,4,15,3,2,0,0,15.937829,0
1,2018,4,15,3,3,0,0,12.975384,0
1,2018,4,15,4,0,0,0,17.262073,0
1,2018,4,15,4,1,0,0,9.922632,0
1,2018,4,15,4,2,0,0,6.615573,0
1,2018,4,15,4,3,0,0,3.778096,0
1,2018,4,15,5,0,0,0,9.616652,0
1,2018,4,15,5,1,0,0,12.059007,0
1,2018,4,15,5,2,0,0,16.751099,0
1,2018,4,15,5,3,0,0,19.380071,0
1,2018,4,15,6,0,0,0,1.702862,0
1,2018,4,15,6,1,0,0,9.373535,0
1,2018,4,15,6,2,0,0,10.298741,0
1,2018,4,15,6,3,0,0,2.649049,0
1,2018,4,15,7,0,0,0,16.906302,0
1,2018,4,15,7,1,0,0,19.217279,0
1,2018,4,15,7,2,0,0,12.971605,0
1,2018,4,15,7,3,0,0,12.82796,0
1,2018,4,15,8,0,0,0,14.961095,0
1,2018,4,15,8,1,0,0,8.171407,0
1,2018,4,15,8,2,0,0,10.213154,0
1,2018,4,15,8,3,0,0,8.61074,0
1,2018,4,15,9,0,0,0,3.658685,0
1,2018,4,15,9,1,0,0,8.210183,0
1,2018,4,15,9,2,0,0,13.218041,0
1,2018,4,15,9,3,0,0,7.529178,0
1,2018,4,15,10,0,0,0,13.935407,0
1,2018,4,15,10,1,0,0,14.605626,0
1,2018,4,15,10,2,0,0,8.31509,0
1,2018,4,15,10,3,0,0,10.399909,0
1,2018,4,15,11,0,0,0,10.882904,0
1,2018,4,15,11,1,0,0,13.657222,0
1,2018,4,15,11,2,0,0,13.300923,0
1,2018,4,15,11,3,0,0,15.705666,0
1,2018,4,15,12,0,0,0,22.129508,0
1,2018,4,15,12,1,0,0,26.359872,0
1,2018,4,15,12,2,0,0,21.598545,0
1,2018,4,15,12,3,0,0,26.233424,0
1,2018,4,15,13,0,0,0,43.756176,0
1,2018,4,15,13,1,0,0,41.138519,0
1,2018,4,15,13,2,0,0,35.181642,0
1,2018,4,15,13,3,0,0,25.294335,0
1,2018,4,15,14,0,0,0,24.156598,0
1,2018,4,15,14,1,0,0,14.727678,0
1,2018,4,15,14,2,0,0,15.675328,0
1,2018,4,15,14,3,0,0,19.10701,0
1,2018,4,15,15,0,0,0,19.715096,0
1,2018,4,15,15,1,0,0,20.979619,0
1,2018,4,15,15,2,0,0,30.115079,0
1,2018,4,15,15,3,0,0,28.483029,0
1,2018,4,15,16,0,0,0,16.808579,0
1,2018,4,15,16,1,0,0,9.331382,0
1,2018,4,15,16,2,0,0,14.404488,0
1,2018,4,15,16,3,0,0,22.313479,0
1,2018,4,15,17,0,0,0,49.482271,0
1,2018,4,15,17,1,0,0,28.497833,0
1,2018,4,15,17,2,0,0,10.47354,0
1,2018,4,15,17,3,0,0,29.779357,0
1,2018,4,15,18,0,0,0,34.405934,0
1,2018,4,15,18,1,0,0,28.478169,0
1,2018,4,15,18,2,0,0,30.809401,0
1,2018,4,15,18,3,0,0,32.43195,0
1,2018,4,15,19,0,0,0,31.302379,0
1,2018,4,15,19,1,0,0,18.334469,0
1,2018,4,15,19,2,0,0,13.696639,0
1,2018,4,15,19,3,0,0,13.693897,0
1,2018,4,15,20,0,0,0,11.155183,0
1,2018,4,15,20,1,0,0,9.058284,0
1,2018,4,15,20,2,0,0,7.91318,0
1,2018,4,15,20,3,0,0,10.73507,0
1,2018,4,15,21,0,0,0,7.576151,0
1,2018,4,15,21,1,0,0,12.218423,0
1,2018,4,15,21,2,0,0,13.273582,0
1,2018,4,15,21,3,0,0,20.161697,0
1,2018,4,15,22,0,0,0,21.041027,0
1,2018,4,15,22,1,0,0,18.039447,0
1,2018,4,15,22,2,0,0,16.173331,0
1,2018,4,15,22,3,0,0,21.101421,0
1,2018,4,15,23,0,0,0,16.249564,0
1,2018,4,15,23,1,0,0,10.045824,0
1,2018,4,15,23,2,0,0,15.166069,0
1,2018,4,15,23,3,0,0,18.920497,0
1,2018,4,16,0,0,0,0,7.002783,0
1,2018,4,16,0,1,0,0,5.893752,0
1,2018,4,16,0,2,0,0,13.880209,0
1,2018,4,16,0,3,0,0,13.721874,0
1,2018,4,16,1,0,0,0,5.961442,0
1,2018,4,16,1,1,0,0,3.746965,0
1,2018,4,16,1,2,0,0,7.957688,0
1,2018,4,16,1,3,0,0,11.183793,0
1,2018,4,16,2,0,0,0,22.418861,0
1,2018,4,16,2,1,0,0,23.873341,0
1,2018,4,16,2,2,0,0,16.863024,0
1,2018,4,16,2,3,0,0,10.370082,0
1,2018,4,16,3,0,0,0,3.746965,0
1,2018,4,16,3,1,0,0,3.746965,0
1,2018,4,16,3,2,0,0,3.746965,0
1,2018,4,16,3,3,0,0,5.198062,0
1,2018,4,16,4,0,0,0,8.088136,0
1,2018,4,16,4,1,0,0,8.009348,0
1,2018,4,16,4,2,0,0,8.414039,0
1,2018,4,16,4,3,0,0,8.181056,0
1,2018,4,16,5,0,0,0,6.974389,0
1,2018,4,16,5,1,0,0,3.656056,0
1,2018,4,16,5,2,0,0,3.817306,0
1,2018,4,16,5,3,0,0,4.059181,0
1,2018,4,16,6,0,0,0,3.951681,0
1,2018,4,16,6,1,0,0,3.656056,0
1,2018,4,16,6,2,0,0,13.484056,0
1,2018,4,16,6,3,0,0,7.464535,0
1,2018,4,16,7,0,0,0,8.907237,0
1,2018,4,16,7,1,0,0,13.225878,0
1,2018,4,16,7,2,0,0,15.356735,0
1,2018,4,16,7,3,0,0,15.954294,0
1,2018,4,16,8,0,0,0,11.830625,0
1,2018,4,16,8,1,0,0,8.53722,0
1,2018,4,16,8,2,0,0,9.920579,0
1,2018,4,16,8,3,0,0,14.445746,0
1,2018,4,16,9,0,0,0,22.960825,0
1,2018,4,16,9,1,0,0,32.524398,0
1,2018,4,16,9,2,0,0,30.748414,0
1,2018,4,16,9,3,0,0,22.694589,0
1,2018,4,16,10,0,0,0,23.672979,0
1,2018,4,16,10,1,0,0,24.776029,0
1,2018,4,16,10,2,0,0,20.396704,0
1,2018,4,16,10,3,0,0,16.082883,0
1,2018,4,16,11,0,0,0,18.799325,0
1,2018,4,16,11,1,0,0,23.659964,0
1,2018,4,16,11,2,0,0,37.188466,0
1,2018,4,16,11,3,0,0,34.616937,0
1,2018,4,16,12,0,0,0,32.874231,0
1,2018,4,16,12,1,0,0,40.048881,0
1,2018,4,16,12,2,0,0,43.785696,0
1,2018,4,16,12,3,0,0,44.580077,0
1,2018,4,16,13,0,0,0,47.893552,0
1,2018,4,16,13,1,0,0,44.237951,0
1,2018,4,16,13,2,0,0,25.437148,0
1,2018,4,16,13,3,0,0,27.97306,0
1,2018,4,16,14,0,0,0,37.804564,0
1,2018,4,16,14,1,0,0,41.811767,0
1,2018,4,16,14,2,0,0,31.09824,0
1,2018,4,16,14,3,0,0,26.722916,0
1,2018,4,16,15,0,0,0,26.33277,0
1,2018,4,16,15,1,0,0,20.802229,0
1,2018,4,16,15,2,0,0,20.697661,0
1,2018,4,16,15,3,0,0,19.204478,0
1,2018,4,16,16,0,0,0,16.353517,0
1,2018,4,16,16,1,0,0,24.334072,0
1,2018,4,16,16,2,0,0,42.289829,0
1,2018,4,16,16,3,0,0,40.681876,0
1,2018,4,16,17,0,0,0,27.257294,0
1,2018,4,16,17,1,0,0,18.43224,0
1,2018,4,16,17,2,0,0,20.73227,0
1,2018,4,16,17,3,0,0,12.138997,0
1,2018,4,16,18,0,0,0,9.186104,0
1,2018,4,16,18,1,0,0,18.65732,0
1,2018,4,16,18,2,0,0,19.630505,0
1,2018,4,16,18,3,0,0,16.03546,0
1,2018,4,16,19,0,0,0,28.045134,0
1,2018,4,16,19,1,0,0,23.612633,0
1,2018,4,16,19,2,0,0,35.618749,0
1,2018,4,16,19,3,0,0,35.835899,0
1,2018,4,16,20,0,0,0,21.590651,0
1,2018,4,16,20,1,0,0,14.82907,0
1,2018,4,16,20,2,0,0,12.377185,0
1,2018,4,16,20,3,0,0,15.063233,0
1,2018,4,16,21,0,0,0,17.148973,0
1,2018,4,16,21,1,0,0,19.492128,0
1,2018,4,16,21,2,0,0,12.334373,0
1,2018,4,16,21,3,0,0,13.307514,0
1,2018,4,16,22,0,0,0,12.053334,0
1,2018,4,16,22,1,0,0,15.775781,0
1,2018,4,16,22,2,0,0,21.990961,0
1,2018,4,16,22,3,0,0,11.039432,0
1,2018,4,16,23,0,0,0,3.840198,0
1,2018,4,16,23,1,0,0,3.840198,0
1,2018,4,16,23,2,0,0,3.973146,0
1,2018,4,16,23,3,0,0,8.058142,0
1,2018,4,17,0,0,0,0,7.460683,0
1,2018,4,17,0,1,0,0,7.716288,0
1,2018,4,17,0,2,0,0,7.867109,0
1,2018,4,17,0,3,0,0,8.491024,0
1,2018,4,17,1,0,0,0,5.569909,0
1,2018,4,17,1,1,0,0,4.839631,0
1,2018,4,17,1,2,0,0,10.343631,0
1,2018,4,17,1,3,0,0,17.04632,0
1,2018,4,17,2,0,0,0,15.925665,0
1,2018,4,17,2,1,0,0,7.795906,0
1,2018,4,17,2,2,0,0,8.411506,0
1,2018,4,17,2,3,0,0,13.769318,0
1,2018,4,17,3,0,0,0,11.388068,0
1,2018,4,17,3,1,0,0,4.839631,0
1,2018,4,17,3,2,0,0,4.839631,0
1,2018,4,17,3,3,0,0,4.839631,0
1,2018,4,17,4,0,0,0,4.839631,0
1,2018,4,17,4,1,0,0,4.839631,0
1,2018,4,17,4,2,0,0,4.839631,0
1,2018,4,17,4,3,0,0,4.839631,0
1,2018,4,17,5,0,0,0,4.839631,0
1,2018,4,17,5,1,0,0,4.839631,0
1,2018,4,17,5,2,0,0,4.839631,0
1,2018,4,17,5,3,0,0,4.839631,0
1,2018,4,17,6,0,0,0,4.839631,0
1,2018,4,17,6,1,0,0,4.839631,0
1,2018,4,17,6,2,0,0,4.839631,0
1,2018,4,17,6,3,0,0,4.78579,0
1,2018,4,17,7,0,0,0,4.422533,0
1,2018,4,17,7,1,0,0,5.83602,0
1,2018,4,17,7,2,0,0,11.291988,0
1,2018,4,17,7,3,0,0,21.154819,0
1,2018,4,17,8,0,0,0,20.651891,0
1,2018,4,17,8,1,0,0,5.488381,0
1,2018,4,17,8,2,0,0,9.994858,0
1,2018,4,17,8,3,0,0,7.954917,0
1,2018,4,17,9,0,0,0,6.432632,0
1,2018,4,17,9,1,0,0,9.076515,0
1,2018,4,17,9,2,0,0,21.039515,0
1,2018,4,17,9,3,0,0,31.075144,0
1,2018,4,17,10,0,0,0,32.248596,0
1,2018,4,17,10,1,0,0,23.512355,0
1,2018,4,17,10,2,0,0,23.754925,0
1,2018,4,17,10,3,0,0,28.312897,0
1,2018,4,17,11,0,0,0,19.568114,0
1,2018,4,17,11,1,0,0,29.365358,0
1,2018,4,17,11,2,0,0,34.723021,0
1,2018,4,17,11,3,0,0,25.460892,0
1,2018,4,17,12,0,0,0,21.441997,0
1,2018,4,17,12,1,0,0,35.353453,0
1,2018,4,17,12,2,0,0,33.086593,0
1,2018,4,17,12,3,0,0,37.776906,0
1,2018,4,17,13,0,0,0,33.428766,0
1,2018,4,17,13,1,0,0,35.063588,0
1,2018,4,17,13,2,0,0,35.941324,0
1,2018,4,17,13,3,0,0,24.488363,0
1,2018,4,17,14,0,0,0,17.367975,0
1,2018,4,17,14,1,0,0,19.318994,0
1,2018,4,17,14,2,0,0,23.37488,0
1,2018,4,17,14,3,0,0,41.353376,0
1,2018,4,17,15,0,0,0,43.657988,0
1,2018,4,17,15,1,0,0,38.216427,0
1,2018,4,17,15,2,0,0,15.777852,0
1,2018,4,17,15,3,0,0,18.696309,0
1,2018,4,17,16,0,0,0,21.348274,0
1,2018,4,17,16,1,0,0,17.567975,0
1,2018,4,17,16,2,0,0,17.296215,0
1,2018,4,17,16,3,0,0,27.342796,0
1,2018,4,17,17,0,0,0,31.72035,0
1,2018,4,17,17,1,0,0,15.064962,0
1,2018,4,17,17,2,0,0,18.069454,0
1,2018,4,17,17,3,0,0,27.92995,0
1,2018,4,17,18,0,0,0,30.852888,0
1,2018,4,17,18,1,0,0,18.378838,0
1,2018,4,17,18,2,0,0,28.135947,0
1,2018,4,17,18,3,0,0,32.276591,0
1,2018,4,17,19,0,0,0,13.003656,0
1,2018,4,17,19,1,0,0,8.688453,0
1,2018,4,17,19,2,0,0,14.592953,0
1,2018,4,17,19,3,0,0,5.438124,0
1,2018,4,17,20,0,0,0,9.135098,0
1,2018,4,17,20,1,0,0,10.420599,0
1,2018,4,17,20,2,0,0,11.292747,0
1,2018,4,17,20,3,0,0,14.165709,0
1,2018,4,17,21,0,0,0,19.352302,0
1,2018,4,17,21,1,0,0,16.189328,0
1,2018,4,17,21,2,0,0,17.152994,0
1,2018,4,17,21,3,0,0,18.253916,0
1,2018,4,17,22,0,0,0,13.01408,0
1,2018,4,17,22,1,0,0,3.851728,0
1,2018,4,17,22,2,0,0,3.851728,0
1,2018,4,17,22,3,0,0,3.851728,0
1,2018,4,17,23,0,0,0,6.458198,0
1,2018,4,17,23,1,0,0,10.627375,0
1,2018,4,17,23,2,0,0,16.771687,0
1,2018,4,17,23,3,0,0,11.038519,0
1,2018,4,18,0,0,0,0,4.011397,0
1,2018,4,18,0,1,0,0,4.060353,0
1,2018,4,18,0,2,0,0,4.060353,0
1,2018,4,18,0,3,0,0,6.945338,0
1,2018,4,18,1,0,0,0,18.786317,0
1,2018,4,18,1,1,0,0,6.314403,0
1,2018,4,18,1,2,0,0,7.170603,0
1,2018,4,18,1,3,0,0,13.634841,0
1,2018,4,18,2,0,0,0,17.052281,0
1,2018,4,18,2,1,0,0,9.693686,0
1,2018,4,18,2,2,0,0,4.060353,0
1,2018,4,18,2,3,0,0,4.060353,0
1,2018,4,18,3,0,0,0,4.060353,0
1,2018,4,18,3,1,0,0,4.060353,0
1,2018,4,18,3,2,0,0,4.060353,0
1,2018,4,18,3,3,0,0,7.482607,0
1,2018,4,18,4,0,0,0,15.792306,0
1,2018,4,18,4,1,0,0,17.121112,0
1,2018,4,18,4,2,0,0,12.248822,0
1,2018,4,18,4,3,0,0,11.581666,0
1,2018,4,18,5,0,0,0,11.751603,0
1,2018,4,18,5,1,0,0,10.213353,0
1,2018,4,18,5,2,0,0,4.060353,0
1,2018,4,18,5,3,0,0,4.060353,0
1,2018,4,18,6,0,0,0,4.060353,0
1,2018,4,18,6,1,0,0,4.703574,0
1,2018,4,18,6,2,0,0,10.676444,0
1,2018,4,18,6,3,0,0,9.103568,0
1,2018,4,18,7,0,0,0,13.261086,0
1,2018,4,18,7,1,0,0,4.334395,0
1,2018,4,18,7,2,0,0,11.546226,0
1,2018,4,18,7,3,0,0,15.958623,0
1,2018,4,18,8,0,0,0,14.519151,0
1,2018,4,18,8,1,0,0,8.680497,0
1,2018,4,18,8,2,0,0,8.442844,0
1,2018,4,18,8,3,0,0,10.270161,0
1,2018,4,18,9,0,0,0,19.049077,0
1,2018,4,18,9,1,0,0,32.486724,0
1,2018,4,18,9,2,0,0,29.688822,0
1,2018,4,18,9,3,0,0,24.40634,0
1,2018,4,18,10,0,0,0,24.467027,0
1,2018,4,18,10,1,0,0,35.130095,0
1,2018,4,18,10,2,0,0,32.246711,0
1,2018,4,18,10,3,0,0,42.031518,0
1,2018,4,18,11,0,0,0,40.733792,0
1,2018,4,18,11,1,0,0,47.23866,0
1,2018,4,18,11,2,0,0,36.196106,0
1,2018,4,18,11,3,0,0,22.100879,0
1,2018,4,18,12,0,0,0,18.885164,0
1,2018,4,18,12,1,0,0,26.866984,0
1,2018,4,18,12,2,0,0,29.28932,0
1,2018,4,18,12,3,0,0,47.015355,0
1,2018,4,18,13,0,0,0,53.822015,0
1,2018,4,18,13,1,0,0,45.079794,0
1,2018,4,18,13,2,0,0,36.883205,0
1,2018,4,18,13,3,0,0,33.765309,0
1,2018,4,18,14,0,0,0,37.764744,0
1,2018,4,18,14,1,0,0,30.473587,0
1,2018,4,18,14,2,0,0,30.919476,0
1,2018,4,18,14,3,0,0,26.984646,0
1,2018,4,18,15,0,0,0,23.52191,0
1,2018,4,18,15,1,0,0,20.508612,0
1,2018,4,18,15,2,0,0,17.065181,0
1,2018,4,18,15,3,0,0,19.841014,0
1,2018,4,18,16,0,0,0,12.823311,0
1,2018,4,18,16,1,0,0,9.885683,0
1,2018,4,18,16,2,0,0,16.398353,0
1,2018,4,18,16,3,0,0,37.96957,0
1,2018,4,18,17,0,0,0,27.529255,0
1,2018,4,18,17,1,0,0,21.108671,0
1,2018,4,18,17,2,0,0,35.077714,0
1,2018,4,18,17,3,0,0,35.979254,0
1,2018,4,18,18,0,0,0,27.244232,0
1,2018,4,18,18,1,0,0,29.268997,0
1,2018,4,18,18,2,0,0,30.076713,0
1,2018,4,18,18,3,0,0,22.812982,0
1,2018,4,18,19,0,0,0,19.428689,0
1,2018,4,18,19,1,0,0,20.32768,0
1,2018,4,18,19,2,0,0,23.004373,0
1,2018,4,18,19,3,0,0,17.820532,0
1,2018,4,18,20,0,0,0,12.057316,0
1,2018,4,18,20,1,0,0,9.353211,0
1,2018,4,18,20,2,0,0,9.277389,0
1,2018,4,18,20,3,0,0,14.782229,0
1,2018,4,18,21,0,0,0,18.973195,0
1,2018,4,18,21,1,0,0,17.62041,0
1,2018,4,18,21,2,0,0,17.80615,0
1,2018,4,18,21,3,0,0,23.886755,0
1,2018,4,18,22,0,0,0,20.407956,0
1,2018,4,18,22,1,0,0,19.435783,0
1,2018,4,18,22,2,0,0,15.44276,0
1,2018,4,18,22,3,0,0,8.593575,0
1,2018,4,18,23,0,0,0,9.188971,0
1,2018,4,18,23,1,0,0,9.577581,0
1,2018,4,18,23,2,0,0,16.228884,0
1,2018,4,18,23,3,0,0,21.69846,0
1,2018,4,19,0,0,0,0,18.654285,0
1,2018,4,19,0,1,0,0,13.487787,0
1,2018,4,19,0,2,0,0,10.310481,0
1,2018,4,19,0,3,0,0,12.541475,0
1,2018,4,19,1,0,0,0,14.108013,0
1,2018,4,19,1,1,0,0,9.353442,0
1,2018,4,19,1,2,0,0,5.216471,0
1,2018,4,19,1,3,0,0,10.417495,0
1,2018,4,19,2,0,0,0,8.979029,0
1,2018,4,19,2,1,0,0,7.329029,0
1,2018,4,19,2,2,0,0,5.674332,0
1,2018,4,19,2,3,0,0,5.746081,0
1,2018,4,19,3,0,0,0,9.925008,0
1,2018,4,19,3,1,0,0,9.925008,0
1,2018,4,19,3,2,0,0,7.631551,0
1,2018,4,19,3,3,0,0,7.023081,0
1,2018,4,19,4,0,0,0,7.023081,0
1,2018,4,19,4,1,0,0,8.72515,0
1,2018,4,19,4,2,0,0,15.767613,0
1,2018,4,19,4,3,0,0,15.101016,0
1,2018,4,19,5,0,0,0,15.101016,0
1,2018,4,19,5,1,0,0,8.355579,0
1,2018,4,19,5,2,0,0,4.226471,0
1,2018,4,19,5,3,0,0,4.226471,0
1,2018,4,19,6,0,0,0,4.226471,0
1,2018,4,19,6,1,0,0,9.280174,0
1,2018,4,19,6,2,0,0,15.541477,0
1,2018,4,19,6,3,0,0,13.73851,0
1,2018,4,19,7,0,0,0,12.911824,0
1,2018,4,19,7,1,0,0,11.492726,0
1,2018,4,19,7,2,0,0,13.992865,0
1,2018,4,19,7,3,0,0,24.686473,0
1,2018,4,19,8,0,0,0,17.410934,0
1,2018,4,19,8,1,0,0,4.270654,0
1,2018,4,19,8,2,0,0,4.833982,0
1,2018,4,19,8,3,0,0,7.422296,0
1,2018,4,19,9,0,0,0,26.41986,0
1,2018,4,19,9,1,0,0,25.593211,0
1,2018,4,19,9,2,0,0,11.582538,0
1,2018,4,19,9,3,0,0,15.618719,0
1,2018,4,19,10,0,0,0,15.611607,0
1,2018,4,19,10,1,0,0,10.09086,0
1,2018,4,19,10,2,0,0,16.797442,0
1,2018,4,19,10,3,0,0,16.039559,0
1,2018,4,19,11,0,0,0,15.019068,0
1,2018,4,19,11,1,0,0,14.676417,0
1,2018,4,19,11,2,0,0,14.976625,0
1,2018,4,19,11,3,0,0,24.130594,0
1,2018,4,19,12,0,0,0,13.427921,0
1,2018,4,19,12,1,0,0,10.128535,0
1,2018,4,19,12,2,0,0,18.203436,0
1,2018,4,19,12,3,0,0,25.267609,0
1,2018,4,19,13,0,0,0,21.319902,0
1,2018,4,19,13,1,0,0,19.383854,0
1,2018,4,19,13,2,0,0,28.095317,0
1,2018,4,19,13,3,0,0,34.010578,0
1,2018,4,19,14,0,0,0,29.627665,0
1,2018,4,19,14,1,0,0,46.29715,0
1,2018,4,19,14,2,0,0,41.681722,0
1,2018,4,19,14,3,0,0,23.246171,0
1,2018,4,19,15,0,0,0,14.137403,0
1,2018,4,19,15,1,0,0,16.749074,0
1,2018,4,19,15,2,0,0,19.435918,0
1,2018,4,19,15,3,0,0,21.931868,0
1,2018,4,19,16,0,0,0,9.612853,0
1,2018,4,19,16,1,0,0,15.424276,0
1,2018,4,19,16,2,0,0,13.71775,0
1,2018,4,19,16,3,0,0,20.719673,0
1,2018,4,19,17,0,0,0,23.255023,0
1,2018,4,19,17,1,0,0,25.680026,0
1,2018,4,19,17,2,0,0,26.935318,0
1,2018,4,19,17,3,0,0,34.099767,0
1,2018,4,19,18,0,0,0,22.992299,0
1,2018,4,19,18,1,0,0,14.317664,0
1,2018,4,19,18,2,0,0,19.73983,0
1,2018,4,19,18,3,0,0,18.860582,0
1,2018,4,19,19,0,0,0,13.264145,0
1,2018,4,19,19,1,0,0,11.670915,0
1,2018,4,19,19,2,0,0,11.363096,0
1,2018,4,19,19,3,0,0,8.824526,0
1,2018,4,19,20,0,0,0,4.833712,0
1,2018,4,19,20,1,0,0,7.275187,0
1,2018,4,19,20,2,0,0,2.154421,0
1,2018,4,19,20,3,0,0,2.157093,0
1,2018,4,19,21,0,0,0,2.395498,0
1,2018,4,19,21,1,0,0,10.951172,0
1,2018,4,19,21,2,0,0,12.121199,0
1,2018,4,19,21,3,0,0,9.364456,0
1,2018,4,19,22,0,0,0,8.79979,0
1,2018,4,19,22,1,0,0,2.930051,0
1,2018,4,19,22,2,0,0,2.930051,0
1,2018,4,19,22,3,0,0,2.97708,0
1,2018,4,19,23,0,0,0,4.683174,0
1,2018,4,19,23,1,0,0,13.789257,0
1,2018,4,19,23,2,0,0,13.789257,0
1,2018,4,19,23,3,0,0,26.626924,0
1,2018,4,20,0,0,0,0,18.752986,0
1,2018,4,20,0,1,0,0,9.057438,0
1,2018,4,20,0,2,0,0,11.821615,0
1,2018,4,20,0,3,0,0,13.944906,0
1,2018,4,20,1,0,0,0,12.732986,0
1,2018,4,20,1,1,0,0,4.241986,0
1,2018,4,20,1,2,0,0,3.635486,0
1,2018,4,20,1,3,0,0,3.635486,0
1,2018,4,20,2,0,0,0,3.635486,0
1,2018,4,20,2,1,0,0,5.852644,0
1,2018,4,20,2,2,0,0,8.386539,0
1,2018,4,20,2,3,0,0,8.386539,0
1,2018,4,20,3,0,0,0,3.952223,0
1,2018,4,20,3,1,0,0,7.299986,0
1,2018,4,20,3,2,0,0,11.487986,0
1,2018,4,20,3,3,0,0,11.487986,0
1,2018,4,20,4,0,0,0,11.487986,0
1,2018,4,20,4,1,0,0,7.823486,0
1,2018,4,20,4,2,0,0,3.635486,0
1,2018,4,20,4,3,0,0,10.324577,0
1,2018,4,20,5,0,0,0,11.353668,0
1,2018,4,20,5,1,0,0,6.208213,0
1,2018,4,20,5,2,0,0,3.635486,0
1,2018,4,20,5,3,0,0,3.635486,0
1,2018,4,20,6,0,0,0,8.398922,0
1,2018,4,20,6,1,0,0,19.006896,0
1,2018,4,20,6,2,0,0,24.036259,0
1,2018,4,20,6,3,0,0,18.252773,0
1,2018,4,20,7,0,0,0,4.996354,0
1,2018,4,20,7,1,0,0,6.121201,0
1,2018,4,20,7,2,0,0,7.151026,0
1,2018,4,20,7,3,0,0,13.617126,0
1,2018,4,20,8,0,0,0,20.372301,0
1,2018,4,20,8,1,0,0,6.732185,0
1,2018,4,20,8,2,0,0,16.054037,0
1,2018,4,20,8,3,0,0,13.22932,0
1,2018,4,20,9,0,0,0,23.539433,0
1,2018,4,20,9,1,0,0,39.157866,0
1,2018,4,20,9,2,0,0,23.343694,0
1,2018,4,20,9,3,0,0,29.502751,0
1,2018,4,20,10,0,0,0,27.926165,0
1,2018,4,20,10,1,0,0,31.580513,0
1,2018,4,20,10,2,0,0,23.810396,0
1,2018,4,20,10,3,0,0,18.206529,0
1,2018,4,20,11,0,0,0,27.515531,0
1,2018,4,20,11,1,0,0,28.752509,0
1,2018,4,20,11,2,0,0,26.948853,0
1,2018,4,20,11,3,0,0,29.783605,0
1,2018,4,20,12,0,0,0,27.78435,0
1,2018,4,20,12,1,0,0,13.958103,0
1,2018,4,20,12,2,0,0,25.107012,0
1,2018,4,20,12,3,0,0,35.118051,0
1,2018,4,20,13,0,0,0,41.762419,0
1,2018,4,20,13,1,0,0,26.629601,0
1,2018,4,20,13,2,0,0,18.794042,0
1,2018,4,20,13,3,0,0,26.26616,0
1,2018,4,20,14,0,0,0,34.481861,0
1,2018,4,20,14,1,0,0,41.684792,0
1,2018,4,20,14,2,0,0,43.591704,0
1,2018,4,20,14,3,0,0,43.438491,0
1,2018,4,20,15,0,0,0,30.548244,0
1,2018,4,20,15,1,0,0,30.566689,0
1,2018,4,20,15,2,0,0,28.425975,0
1,2018,4,20,15,3,0,0,32.21073,0
1,2018,4,20,16,0,0,0,20.109907,0
1,2018,4,20,16,1,0,0,23.820341,0
1,2018,4,20,16,2,0,0,26.170907,0
1,2018,4,20,16,3,0,0,44.37337,0
1,2018,4,20,17,0,0,0,27.843619,0
1,2018,4,20,17,1,0,0,20.000471,0
1,2018,4,20,17,2,0,0,9.886565,0
1,2018,4,20,17,3,0,0,4.464857,0
1,2018,4,20,18,0,0,0,11.778442,0
1,2018,4,20,18,1,0,0,12.758202,0
1,2018,4,20,18,2,0,0,15.442091,0
1,2018,4,20,18,3,0,0,20.295747,0
1,2018,4,20,19,0,0,0,19.975739,0
1,2018,4,20,19,1,0,0,24.642787,0
1,2018,4,20,19,2,0,0,16.093835,0
1,2018,4,20,19,3,0,0,13.329129,0
1,2018,4,20,20,0,0,0,15.001857,0
1,2018,4,20,20,1,0,0,10.169148,0
1,2018,4,20,20,2,0,0,11.275518,0
1,2018,4,20,20,3,0,0,14.550576,0
1,2018,4,20,21,0,0,0,9.865386,0
1,2018,4,20,21,1,0,0,17.004073,0
1,2018,4,20,21,2,0,0,19.413955,0
1,2018,4,20,21,3,0,0,26.118977,0
1,2018,4,20,22,0,0,0,30.716926,0
1,2018,4,20,22,1,0,0,6.851541,0
1,2018,4,20,22,2,0,0,6.634096,0
1,2018,4,20,22,3,0,0,12.104238,0
1,2018,4,20,23,0,0,0,27.466451,0
1,2018,4,20,23,1,0,0,27.156013,0
1,2018,4,20,23,2,0,0,14.701144,0
1,2018,4,20,23,3,0,0,3.405958,0
1,2018,4,21,0,0,0,0,5.289958,0
1,2018,4,21,0,1,0,0,8.526358,0
1,2018,4,21,0,2,0,0,10.817958,0
1,2018,4,21,0,3,0,0,12.071701,0
1,2018,4,21,1,0,0,0,17.955414,0
1,2018,4,21,1,1,0,0,19.794976,0
1,2018,4,21,1,2,0,0,30.355645,0
1,2018,4,21,1,3,0,0,27.52139,0
1,2018,4,21,2,0,0,0,23.848566,0
1,2018,4,21,2,1,0,0,15.659052,0
1,2018,4,21,2,2,0,0,24.988713,0
1,2018,4,21,2,3,0,0,14.029649,0
1,2018,4,21,3,0,0,0,14.822021,0
1,2018,4,21,3,1,0,0,14.017069,0
1,2018,4,21,3,2,0,0,2.484165,0
1,2018,4,21,3,3,0,0,2.86665,0
1,2018,4,21,4,0,0,0,18.177175,0
1,2018,4,21,4,1,0,0,10.843529,0
1,2018,4,21,4,2,0,0,4.625294,0
1,2018,4,21,4,3,0,0,6.191958,0
1,2018,4,21,5,0,0,0,17.491735,0
1,2018,4,21,5,1,0,0,14.360818,0
1,2018,4,21,5,2,0,0,10.638091,0
1,2018,4,21,5,3,0,0,12.017959,0
1,2018,4,21,6,0,0,0,9.362556,0
1,2018,4,21,6,1,0,0,9.288489,0
1,2018,4,21,6,2,0,0,9.813557,0
1,2018,4,21,6,3,0,0,3.96061,0
1,2018,4,21,7,0,0,0,8.167969,0
1,2018,4,21,7,1,0,0,6.863968,0
1,2018,4,21,7,2,0,0,13.900719,0
1,2018,4,21,7,3,0,0,13.802882,0
1,2018,4,21,8,0,0,0,10.353393,0
1,2018,4,21,8,1,0,0,10.367982,0
1,2018,4,21,8,2,0,0,2.745068,0
1,2018,4,21,8,3,0,0,9.037297,0
1,2018,4,21,9,0,0,0,18.852291,0
1,2018,4,21,9,1,0,0,15.424963,0
1,2018,4,21,9,2,0,0,11.923925,0
1,2018,4,21,9,3,0,0,11.227613,0
1,2018,4,21,10,0,0,0,18.505718,0
1,2018,4,21,10,1,0,0,13.924029,0
1,2018,4,21,10,2,0,0,11.74886,0
1,2018,4,21,10,3,0,0,10.316844,0
1,2018,4,21,11,0,0,0,11.296741,0
1,2018,4,21,11,1,0,0,13.859218,0
1,2018,4,21,11,2,0,0,19.775895,0
1,2018,4,21,11,3,0,0,20.372545,0
1,2018,4,21,12,0,0,0,21.455192,0
1,2018,4,21,12,1,0,0,26.892461,0
1,2018,4,21,12,2,0,0,13.227052,0
1,2018,4,21,12,3,0,0,9.737145,0
1,2018,4,21,13,0,0,0,11.631238,0
1,2018,4,21,13,1,0,0,11.042508,0
1,2018,4,21,13,2,0,0,17.20359,0
1,2018,4,21,13,3,0,0,27.021144,0
1,2018,4,21,14,0,0,0,35.180111,0
1,2018,4,21,14,1,0,0,31.271103,0
1,2018,4,21,14,2,0,0,21.242019,0
1,2018,4,21,14,3,0,0,26.444022,0
1,2018,4,21,15,0,0,0,28.347658,0
1,2018,4,21,15,1,0,0,19.927857,0
1,2018,4,21,15,2,0,0,21.093014,0
1,2018,4,21,15,3,0,0,37.540559,0
1,2018,4,21,16,0,0,0,39.910741,0
1,2018,4,21,16,1,0,0,38.38571,0
1,2018,4,21,16,2,0,0,37.322916,0
1,2018,4,21,16,3,0,0,28.913744,0
1,2018,4,21,17,0,0,0,29.683628,0
1,2018,4,21,17,1,0,0,16.640331,0
1,2018,4,21,17,2,0,0,9.389177,0
1,2018,4,21,17,3,0,0,8.646849,0
1,2018,4,21,18,0,0,0,9.923538,0
1,2018,4,21,18,1,0,0,7.638986,0
1,2018,4,21,18,2,0,0,7.661674,0
1,2018,4,21,18,3,0,0,6.304257,0
1,2018,4,21,19,0,0,0,16.350664,0
1,2018,4,21,19,1,0,0,25.244067,0
1,2018,4,21,19,2,0,0,19.914026,0
1,2018,4,21,19,3,0,0,6.376821,0
1,2018,4,21,20,0,0,0,18.842447,0
1,2018,4,21,20,1,0,0,19.742077,0
1,2018,4,21,20,2,0,0,21.263567,0
1,2018,4,21,20,3,0,0,14.559588,0
1,2018,4,21,21,0,0,0,24.644062,0
1,2018,4,21,21,1,0,0,38.027357,0
1,2018,4,21,21,2,0,0,39.174767,0
1,2018,4,21,21,3,0,0,12.386176,0
1,2018,4,21,22,0,0,0,19.065121,0
1,2018,4,21,22,1,0,0,31.133679,0
1,2018,4,21,22,2,0,0,37.499512,0
1,2018,4,21,22,3,0,0,23.530254,0
1,2018,4,21,23,0,0,0,20.808199,0
1,2018,4,21,23,1,0,0,14.259387,0
1,2018,4,21,23,2,0,0,9.144315,0
1,2018,4,21,23,3,0,0,10.615189,0
1,2018,4,22,0,0,0,0,15.610802,0
1,2018,4,22,0,1,0,0,11.539086,0
1,2018,4,22,0,2,0,0,2.642632,0
1,2018,4,22,0,3,0,0,18.672538,0
1,2018,4,22,1,0,0,0,27.547806,0
1,2018,4,22,1,1,0,0,28.314908,0
1,2018,4,22,1,2,0,0,33.752812,0
1,2018,4,22,1,3,0,0,35.577229,0
1,2018,4,22,2,0,0,0,51.375168,0
1,2018,4,22,2,1,0,0,42.715605,0
1,2018,4,22,2,2,0,0,32.097996,0
1,2018,4,22,2,3,0,0,11.41382,0
1,2018,4,22,3,0,0,0,14.858442,0
1,2018,4,22,3,1,0,0,17.000329,0
1,2018,4,22,3,2,0,0,24.21162,0
1,2018,4,22,3,3,0,0,8.973965,0
1,2018,4,22,4,0,0,0,8.124398,0
1,2018,4,22,4,1,0,0,11.73053,0
1,2018,4,22,4,2,0,0,12.765333,0
1,2018,4,22,4,3,0,0,9.377434,0
1,2018,4,22,5,0,0,0,3.531304,0
1,2018,4,22,5,1,0,0,2.255207,0
1,2018,4,22,5,2,0,0,6.33254,0
1,2018,4,22,5,3,0,0,2.764874,0
1,2018,4,22,6,0,0,0,10.389535,0
1,2018,4,22,6,1,0,0,27.683324,0
1,2018,4,22,6,2,0,0,13.853624,0
1,2018,4,22,6,3,0,0,4.600346,0
1,2018,4,22,7,0,0,0,5.324374,0
1,2018,4,22,7,1,0,0,12.919441,0
1,2018,4,22,7,2,0,0,11.468432,0
1,2018,4,22,7,3,0,0,5.433144,0
1,2018,4,22,8,0,0,0,2.567716,0
1,2018,4,22,8,1,0,0,7.786736,0
1,2018,4,22,8,2,0,0,11.44636,0
1,2018,4,22,8,3,0,0,10.48476,0
1,2018,4,22,9,0,0,0,7.128146,0
1,2018,4,22,9,1,0,0,3.477425,0
1,2018,4,22,9,2,0,0,13.920245,0
1,2018,4,22,9,3,0,0,2.763166,0
1,2018,4,22,10,0,0,0,8.670865,0
1,2018,4,22,10,1,0,0,24.376953,0
1,2018,4,22,10,2,0,0,24.872501,0
1,2018,4,22,10,3,0,0,6.912626,0
1,2018,4,22,11,0,0,0,4.676719,0
1,2018,4,22,11,1,0,0,10.499559,0
1,2018,4,22,11,2,0,0,18.183287,0
1,2018,4,22,11,3,0,0,13.043473,0
1,2018,4,22,12,0,0,0,10.543789,0
1,2018,4,22,12,1,0,0,23.121188,0
1,2018,4,22,12,2,0,0,18.603343,0
1,2018,4,22,12,3,0,0,7.466757,0
1,2018,4,22,13,0,0,0,4.740399,0
1,2018,4,22,13,1,0,0,12.935176,0
1,2018,4,22,13,2,0,0,21.218008,0
1,2018,4,22,13,3,0,0,39.106742,0
1,2018,4,22,14,0,0,0,39.76413,0
1,2018,4,22,14,1,0,0,46.050227,0
1,2018,4,22,14,2,0,0,26.845612,0
1,2018,4,22,14,3,0,0,18.113155,0
1,2018,4,22,15,0,0,0,18.825148,0
1,2018,4,22,15,1,0,0,12.721517,0
1,2018,4,22,15,2,0,0,9.412032,0
1,2018,4,22,15,3,0,0,9.204791,0
1,2018,4,22,16,0,0,0,7.689587,0
1,2018,4,22,16,1,0,0,7.494668,0
1,2018,4,22,16,2,0,0,6.990267,0
1,2018,4,22,16,3,0,0,32.330393,0
1,2018,4,22,17,0,0,0,30.18246,0
1,2018,4,22,17,1,0,0,26.243465,0
1,2018,4,22,17,2,0,0,18.25502,0
1,2018,4,22,17,3,0,0,18.479075,0
1,2018,4,22,18,0,0,0,16.337702,0
1,2018,4,22,18,1,0,0,19.343393,0
1,2018,4,22,18,2,0,0,27.873303,0
1,2018,4,22,18,3,0,0,17.611699,0
1,2018,4,22,19,0,0,0,21.345285,0
1,2018,4,22,19,1,0,0,15.970345,0
1,2018,4,22,19,2,0,0,13.570553,0
1,2018,4,22,19,3,0,0,15.637302,0
1,2018,4,22,20,0,0,0,15.149432,0
1,2018,4,22,20,1,0,0,11.77857,0
1,2018,4,22,20,2,0,0,15.564446,0
1,2018,4,22,20,3,0,0,14.198105,0
1,2018,4,22,21,0,0,0,19.255655,0
1,2018,4,22,21,1,0,0,12.096384,0
1,2018,4,22,21,2,0,0,8.56123,0
1,2018,4,22,21,3,0,0,6.399891,0
1,2018,4,22,22,0,0,0,12.936473,0
1,2018,4,22,22,1,0,0,16.288066,0
1,2018,4,22,22,2,0,0,13.950252,0
1,2018,4,22,22,3,0,0,22.362114,0
1,2018,4,22,23,0,0,0,6.968068,0
1,2018,4,22,23,1,0,0,2.544975,0
1,2018,4,22,23,2,0,0,3.483857,0
1,2018,4,22,23,3,0,0,12.181406,0
1,2018,4,23,0,0,0,0,21.176894,0
1,2018,4,23,0,1,0,0,9.569657,0
1,2018,4,23,0,2,0,0,3.809646,0
1,2018,4,23,0,3,0,0,4.118595,0
1,2018,4,23,1,0,0,0,4.321847,0
1,2018,4,23,1,1,0,0,4.321847,0
1,2018,4,23,1,2,0,0,7.911847,0
1,2018,4,23,1,3,0,0,17.849847,0
1,2018,4,23,2,0,0,0,11.55642,0
1,2018,4,23,2,1,0,0,16.424573,0
1,2018,4,23,2,2,0,0,14.219546,0
1,2018,4,23,2,3,0,0,4.321847,0
1,2018,4,23,3,0,0,0,4.321847,0
1,2018,4,23,3,1,0,0,4.321847,0
1,2018,4,23,3,2,0,0,4.321847,0
1,2018,4,23,3,3,0,0,4.321847,0
1,2018,4,23,4,0,0,0,4.321847,0
1,2018,4,23,4,1,0,0,10.976162,0
1,2018,4,23,4,2,0,0,15.896864,0
1,2018,4,23,4,3,0,0,3.983637,0
1,2018,4,23,5,0,0,0,6.54106,0
1,2018,4,23,5,1,0,0,8.796477,0
1,2018,4,23,5,2,0,0,9.308144,0
1,2018,4,23,5,3,0,0,9.46556,0
1,2018,4,23,6,0,0,0,3.51156,0
1,2018,4,23,6,1,0,0,3.84156,0
1,2018,4,23,6,2,0,0,6.729257,0
1,2018,4,23,6,3,0,0,5.581012,0
1,2018,4,23,7,0,0,0,16.773029,0
1,2018,4,23,7,1,0,0,9.534521,0
1,2018,4,23,7,2,0,0,12.896385,0
1,2018,4,23,7,3,0,0,8.899116,0
1,2018,4,23,8,0,0,0,8.432473,0
1,2018,4,23,8,1,0,0,13.728069,0
1,2018,4,23,8,2,0,0,18.115855,0
1,2018,4,23,8,3,0,0,17.547591,0
1,2018,4,23,9,0,0,0,16.866271,0
1,2018,4,23,9,1,0,0,15.423386,0
1,2018,4,23,9,2,0,0,19.660345,0
1,2018,4,23,9,3,0,0,26.064786,0
1,2018,4,23,10,0,0,0,32.745225,0
1,2018,4,23,10,1,0,0,27.33555,0
1,2018,4,23,10,2,0,0,17.208121,0
1,2018,4,23,10,3,0,0,22.641758,0
1,2018,4,23,11,0,0,0,41.862265,0
1,2018,4,23,11,1,0,0,34.132351,0
1,2018,4,23,11,2,0,0,31.880794,0
1,2018,4,23,11,3,0,0,23.146681,0
1,2018,4,23,12,0,0,0,19.915627,0
1,2018,4,23,12,1,0,0,14.566655,0
1,2018,4,23,12,2,0,0,22.290233,0
1,2018,4,23,12,3,0,0,36.779941,0
1,2018,4,23,13,0,0,0,46.744658,0
1,2018,4,23,13,1,0,0,32.437878,0
1,2018,4,23,13,2,0,0,33.059012,0
1,2018,4,23,13,3,0,0,40.044275,0
1,2018,4,23,14,0,0,0,38.530498,0
1,2018,4,23,14,1,0,0,27.124851,0
1,2018,4,23,14,2,0,0,21.375626,0
1,2018,4,23,14,3,0,0,33.517357,0
1,2018,4,23,15,0,0,0,32.504155,0
1,2018,4,23,15,1,0,0,23.124064,0
1,2018,4,23,15,2,0,0,19.719544,0
1,2018,4,23,15,3,0,0,34.530644,0
1,2018,4,23,16,0,0,0,18.72913,0
1,2018,4,23,16,1,0,0,17.410473,0
1,2018,4,23,16,2,0,0,27.334365,0
1,2018,4,23,16,3,0,0,41.599549,0
1,2018,4,23,17,0,0,0,40.984276,0
1,2018,4,23,17,1,0,0,16.433142,0
1,2018,4,23,17,2,0,0,15.565746,0
1,2018,4,23,17,3,0,0,22.331844,0
1,2018,4,23,18,0,0,0,17.182608,0
1,2018,4,23,18,1,0,0,16.363894,0
1,2018,4,23,18,2,0,0,24.396981,0
1,2018,4,23,18,3,0,0,21.489377,0
1,2018,4,23,19,0,0,0,20.467083,0
1,2018,4,23,19,1,0,0,18.25951,0
1,2018,4,23,19,2,0,0,9.432715,0
1,2018,4,23,19,3,0,0,16.96714,0
1,2018,4,23,20,0,0,0,24.860525,0
1,2018,4,23,20,1,0,0,13.433208,0
1,2018,4,23,20,2,0,0,14.644037,0
1,2018,4,23,20,3,0,0,17.076145,0
1,2018,4,23,21,0,0,0,13.483857,0
1,2018,4,23,21,1,0,0,6.02981,0
1,2018,4,23,21,2,0,0,12.76881,0
1,2018,4,23,21,3,0,0,13.961719,0
1,2018,4,23,22,0,0,0,9.728325,0
1,2018,4,23,22,1,0,0,13.617745,0
1,2018,4,23,22,2,0,0,13.359654,0
1,2018,4,23,22,3,0,0,12.424094,0
1,2018,4,23,23,0,0,0,5.702442,0
1,2018,4,23,23,1,0,0,2.821009,0
1,2018,4,23,23,2,0,0,3.180665,0
1,2018,4,23,23,3,0,0,3.384096,0
1,2018,4,24,0,0,0,0,3.753615,0
1,2018,4,24,0,1,0,0,4.076945,0
1,2018,4,24,0,2,0,0,4.076945,0
1,2018,4,24,0,3,0,0,4.076945,0
1,2018,4,24,1,0,0,0,4.076945,0
1,2018,4,24,1,1,0,0,4.076945,0
1,2018,4,24,1,2,0,0,4.553612,0
1,2018,4,24,1,3,0,0,10.750278,0
1,2018,4,24,2,0,0,0,5.512239,0
1,2018,4,24,2,1,0,0,14.841651,0
1,2018,4,24,2,2,0,0,5.094745,0
1,2018,4,24,2,3,0,0,9.165945,0
1,2018,4,24,3,0,0,0,9.165945,0
1,2018,4,24,3,1,0,0,8.148145,0
1,2018,4,24,3,2,0,0,4.076945,0
1,2018,4,24,3,3,0,0,5.323996,0
1,2018,4,24,4,0,0,0,7.818099,0
1,2018,4,24,4,1,0,0,7.818099,0
1,2018,4,24,4,2,0,0,5.074586,0
1,2018,4,24,4,3,0,0,4.076945,0
1,2018,4,24,5,0,0,0,4.076945,0
1,2018,4,24,5,1,0,0,4.076945,0
1,2018,4,24,5,2,0,0,4.076945,0
1,2018,4,24,5,3,0,0,4.076945,0
1,2018,4,24,6,0,0,0,5.227247,0
1,2018,4,24,6,1,0,0,7.265748,0
1,2018,4,24,6,2,0,0,14.019333,0
1,2018,4,24,6,3,0,0,30.175713,0
1,2018,4,24,7,0,0,0,20.792078,0
1,2018,4,24,7,1,0,0,8.900738,0
1,2018,4,24,7,2,0,0,11.996648,0
1,2018,4,24,7,3,0,0,31.44072,0
1,2018,4,24,8,0,0,0,19.569175,0
1,2018,4,24,8,1,0,0,9.416597,0
1,2018,4,24,8,2,0,0,12.069668,0
1,2018,4,24,8,3,0,0,14.960228,0
1,2018,4,24,9,0,0,0,13.687682,0
1,2018,4,24,9,1,0,0,13.753099,0
1,2018,4,24,9,2,0,0,13.948765,0
1,2018,4,24,9,3,0,0,19.445223,0
1,2018,4,24,10,0,0,0,31.00858,0
1,2018,4,24,10,1,0,0,27.165644,0
1,2018,4,24,10,2,0,0,24.742255,0
1,2018,4,24,10,3,0,0,25.791501,0
1,2018,4,24,11,0,0,0,21.770097,0
1,2018,4,24,11,1,0,0,34.521469,0
1,2018,4,24,11,2,0,0,37.47926,0
1,2018,4,24,11,3,0,0,37.00295,0
1,2018,4,24,12,0,0,0,35.972746,0
1,2018,4,24,12,1,0,0,24.560697,0
1,2018,4,24,12,2,0,0,27.215547,0
1,2018,4,24,12,3,0,0,27.044896,0
1,2018,4,24,13,0,0,0,33.351632,0
1,2018,4,24,13,1,0,0,32.389755,0
1,2018,4,24,13,2,0,0,41.177797,0
1,2018,4,24,13,3,0,0,37.388459,0
1,2018,4,24,14,0,0,0,37.052196,0
1,2018,4,24,14,1,0,0,39.639338,0
1,2018,4,24,14,2,0,0,34.040983,0
1,2018,4,24,14,3,0,0,19.204968,0
1,2018,4,24,15,0,0,0,23.979845,0
1,2018,4,24,15,1,0,0,13.232011,0
1,2018,4,24,15,2,0,0,18.993461,0
1,2018,4,24,15,3,0,0,15.548281,0
1,2018,4,24,16,0,0,0,21.467216,0
1,2018,4,24,16,1,0,0,16.857849,0
1,2018,4,24,16,2,0,0,16.336447,0
1,2018,4,24,16,3,0,0,43.90669,0
1,2018,4,24,17,0,0,0,35.305005,0
1,2018,4,24,17,1,0,0,31.171379,0
1,2018,4,24,17,2,0,0,28.705167,0
1,2018,4,24,17,3,0,0,10.122352,0
1,2018,4,24,18,0,0,0,25.22041,0
1,2018,4,24,18,1,0,0,25.016204,0
1,2018,4,24,18,2,0,0,12.997085,0
1,2018,4,24,18,3,0,0,9.132218,0
1,2018,4,24,19,0,0,0,10.620151,0
1,2018,4,24,19,1,0,0,26.681151,0
1,2018,4,24,19,2,0,0,38.183623,0
1,2018,4,24,19,3,0,0,33.007343,0
1,2018,4,24,20,0,0,0,19.649141,0
1,2018,4,24,20,1,0,0,9.81448,0
1,2018,4,24,20,2,0,0,11.859399,0
1,2018,4,24,20,3,0,0,15.856406,0
1,2018,4,24,21,0,0,0,18.951849,0
1,2018,4,24,21,1,0,0,12.788009,0
1,2018,4,24,21,2,0,0,4.074265,0
1,2018,4,24,21,3,0,0,4.026254,0
1,2018,4,24,22,0,0,0,6.848637,0
1,2018,4,24,22,1,0,0,14.535801,0
1,2018,4,24,22,2,0,0,24.547488,0
1,2018,4,24,22,3,0,0,11.610059,0
1,2018,4,24,23,0,0,0,8.751566,0
1,2018,4,24,23,1,0,0,4.274613,0
1,2018,4,24,23,2,0,0,4.329708,0
1,2018,4,24,23,3,0,0,5.800439,0
1,2018,4,25,0,0,0,0,11.541474,0
1,2018,4,25,0,1,0,0,10.744453,0
1,2018,4,25,0,2,0,0,12.616687,0
1,2018,4,25,0,3,0,0,17.996677,0
1,2018,4,25,1,0,0,0,18.048518,0
1,2018,4,25,1,1,0,0,10.28073,0
1,2018,4,25,1,2,0,0,6.908653,0
1,2018,4,25,1,3,0,0,9.809903,0
1,2018,4,25,2,0,0,0,9.282403,0
1,2018,4,25,2,1,0,0,5.853653,0
1,2018,4,25,2,2,0,0,5.853653,0
1,2018,4,25,2,3,0,0,5.853653,0
1,2018,4,25,3,0,0,0,5.853653,0
1,2018,4,25,3,1,0,0,5.853653,0
1,2018,4,25,3,2,0,0,12.618309,0
1,2018,4,25,3,3,0,0,15.304711,0
1,2018,4,25,4,0,0,0,18.473363,0
1,2018,4,25,4,1,0,0,23.844405,0
1,2018,4,25,4,2,0,0,17.290819,0
1,2018,4,25,4,3,0,0,10.046471,0
1,2018,4,25,5,0,0,0,4.558471,0
1,2018,4,25,5,1,0,0,4.558471,0
1,2018,4,25,5,2,0,0,4.558471,0
1,2018,4,25,5,3,0,0,4.558471,0
1,2018,4,25,6,0,0,0,4.558471,0
1,2018,4,25,6,1,0,0,4.558471,0
1,2018,4,25,6,2,0,0,9.88928,0
1,2018,4,25,6,3,0,0,8.840879,0
1,2018,4,25,7,0,0,0,23.048693,0
1,2018,4,25,7,1,0,0,20.605975,0
1,2018,4,25,7,2,0,0,13.542283,0
1,2018,4,25,7,3,0,0,10.393878,0
1,2018,4,25,8,0,0,0,12.446164,0
1,2018,4,25,8,1,0,0,11.970033,0
1,2018,4,25,8,2,0,0,19.45356,0
1,2018,4,25,8,3,0,0,25.762529,0
1,2018,4,25,9,0,0,0,28.973825,0
1,2018,4,25,9,1,0,0,18.852182,0
1,2018,4,25,9,2,0,0,15.313977,0
1,2018,4,25,9,3,0,0,22.210316,0
1,2018,4,25,10,0,0,0,29.663706,0
1,2018,4,25,10,1,0,0,20.630772,0
1,2018,4,25,10,2,0,0,20.757535,0
1,2018,4,25,10,3,0,0,30.412984,0
1,2018,4,25,11,0,0,0,32.207611,0
1,2018,4,25,11,1,0,0,18.712952,0
1,2018,4,25,11,2,0,0,20.643002,0
1,2018,4,25,11,3,0,0,30.410088,0
1,2018,4,25,12,0,0,0,25.964408,0
1,2018,4,25,12,1,0,0,24.919688,0
1,2018,4,25,12,2,0,0,20.497337,0
1,2018,4,25,12,3,0,0,26.101668,0
1,2018,4,25,13,0,0,0,38.019361,0
1,2018,4,25,13,1,0,0,33.858544,0
1,2018,4,25,13,2,0,0,37.005722,0
1,2018,4,25,13,3,0,0,23.141653,0
1,2018,4,25,14,0,0,0,26.175641,0
1,2018,4,25,14,1,0,0,36.81634,0
1,2018,4,25,14,2,0,0,42.374191,0
1,2018,4,25,14,3,0,0,34.482203,0
1,2018,4,25,15,0,0,0,12.442939,0
1,2018,4,25,15,1,0,0,12.181948,0
1,2018,4,25,15,2,0,0,19.043284,0
1,2018,4,25,15,3,0,0,24.521386,0
1,2018,4,25,16,0,0,0,15.532113,0
1,2018,4,25,16,1,0,0,19.365443,0
1,2018,4,25,16,2,0,0,40.371319,0
1,2018,4,25,16,3,0,0,46.966572,0
1,2018,4,25,17,0,0,0,33.611669,0
1,2018,4,25,17,1,0,0,41.396063,0
1,2018,4,25,17,2,0,0,24.0779,0
1,2018,4,25,17,3,0,0,16.284905,0
1,2018,4,25,18,0,0,0,17.801116,0
1,2018,4,25,18,1,0,0,20.808776,0
1,2018,4,25,18,2,0,0,21.607109,0
1,2018,4,25,18,3,0,0,27.673526,0
1,2018,4,25,19,0,0,0,24.453341,0
1,2018,4,25,19,1,0,0,30.493407,0
1,2018,4,25,19,2,0,0,25.64615,0
1,2018,4,25,19,3,0,0,21.512334,0
1,2018,4,25,20,0,0,0,15.821681,0
1,2018,4,25,20,1,0,0,6.071443,0
1,2018,4,25,20,2,0,0,4.974116,0
1,2018,4,25,20,3,0,0,5.663532,0
1,2018,4,25,21,0,0,0,14.717643,0
1,2018,4,25,21,1,0,0,26.914182,0
1,2018,4,25,21,2,0,0,33.880178,0
1,2018,4,25,21,3,0,0,23.994112,0
1,2018,4,25,22,0,0,0,11.972117,0
1,2018,4,25,22,1,0,0,4.654517,0
1,2018,4,25,22,2,0,0,5.443831,0
1,2018,4,25,22,3,0,0,7.23497,0
1,2018,4,25,23,0,0,0,6.527523,0
1,2018,4,25,23,1,0,0,6.527523,0
1,2018,4,25,23,2,0,0,9.938615,0
1,2018,4,25,23,3,0,0,9.205365,0
1,2018,4,26,0,0,0,0,4.896913,0
1,2018,4,26,0,1,0,0,3.330203,0
1,2018,4,26,0,2,0,0,3.330203,0
1,2018,4,26,0,3,0,0,3.330203,0
1,2018,4,26,1,0,0,0,3.330203,0
1,2018,4,26,1,1,0,0,3.330203,0
1,2018,4,26,1,2,0,0,7.683328,0
1,2018,4,26,1,3,0,0,13.992412,0
1,2018,4,26,2,0,0,0,12.827703,0
1,2018,4,26,2,1,0,0,3.96337,0
1,2018,4,26,2,2,0,0,3.330203,0
1,2018,4,26,2,3,0,0,3.330203,0
1,2018,4,26,3,0,0,0,3.534414,0
1,2018,4,26,3,1,0,0,4.861782,0
1,2018,4,26,3,2,0,0,3.422476,0
1,2018,4,26,3,3,0,0,12.155183,0
1,2018,4,26,4,0,0,0,12.825516,0
1,2018,4,26,4,1,0,0,14.697982,0
1,2018,4,26,4,2,0,0,9.387272,0
1,2018,4,26,4,3,0,0,7.560027,0
1,2018,4,26,5,0,0,0,3.932116,0
1,2018,4,26,5,1,0,0,2.770516,0
1,2018,4,26,5,2,0,0,2.770516,0
1,2018,4,26,5,3,0,0,5.068849,0
1,2018,4,26,6,0,0,0,7.367183,0
1,2018,4,26,6,1,0,0,2.770516,0
1,2018,4,26,6,2,0,0,7.310765,0
1,2018,4,26,6,3,0,0,13.516627,0
1,2018,4,26,7,0,0,0,16.41394,0
1,2018,4,26,7,1,0,0,18.885482,0
1,2018,4,26,7,2,0,0,17.684271,0
1,2018,4,26,7,3,0,0,20.741681,0
1,2018,4,26,8,0,0,0,14.474079,0
1,2018,4,26,8,1,0,0,5.068918,0
1,2018,4,26,8,2,0,0,9.719501,0
1,2018,4,26,8,3,0,0,16.708924,0
1,2018,4,26,9,0,0,0,29.069639,0
1,2018,4,26,9,1,0,0,26.608209,0
1,2018,4,26,9,2,0,0,20.91666,0
1,2018,4,26,9,3,0,0,19.605033,0
1,2018,4,26,10,0,0,0,24.976207,0
1,2018,4,26,10,1,0,0,25.591792,0
1,2018,4,26,10,2,0,0,19.428182,0
1,2018,4,26,10,3,0,0,17.253012,0
1,2018,4,26,11,0,0,0,13.861975,0
1,2018,4,26,11,1,0,0,28.038704,0
1,2018,4,26,11,2,0,0,30.79327,0
1,2018,4,26,11,3,0,0,37.117258,0
1,2018,4,26,12,0,0,0,41.236837,0
1,2018,4,26,12,1,0,0,20.311719,0
1,2018,4,26,12,2,0,0,19.596598,0
1,2018,4,26,12,3,0,0,25.017829,0
1,2018,4,26,13,0,0,0,27.640585,0
1,2018,4,26,13,1,0,0,36.555139,0
1,2018,4,26,13,2,0,0,31.661224,0
1,2018,4,26,13,3,0,0,32.918728,0
1,2018,4,26,14,0,0,0,33.872327,0
1,2018,4,26,14,1,0,0,26.214677,0
1,2018,4,26,14,2,0,0,31.244813,0
1,2018,4,26,14,3,0,0,19.008731,0
1,2018,4,26,15,0,0,0,10.440331,0
1,2018,4,26,15,1,0,0,7.67038,0
1,2018,4,26,15,2,0,0,18.751167,0
1,2018,4,26,15,3,0,0,36.877225,0
1,2018,4,26,16,0,0,0,31.025001,0
1,2018,4,26,16,1,0,0,10.722839,0
1,2018,4,26,16,2,0,0,15.917251,0
1,2018,4,26,16,3,0,0,17.770191,0
1,2018,4,26,17,0,0,0,20.057389,0
1,2018,4,26,17,1,0,0,26.809133,0
1,2018,4,26,17,2,0,0,37.014907,0
1,2018,4,26,17,3,0,0,48.638375,0
1,2018,4,26,18,0,0,0,40.044847,0
1,2018,4,26,18,1,0,0,29.77672,0
1,2018,4,26,18,2,0,0,17.730015,0
1,2018,4,26,18,3,0,0,18.196461,0
1,2018,4,26,19,0,0,0,12.412898,0
1,2018,4,26,19,1,0,0,14.020521,0
1,2018,4,26,19,2,0,0,15.987795,0
1,2018,4,26,19,3,0,0,19.064504,0
1,2018,4,26,20,0,0,0,23.923208,0
1,2018,4,26,20,1,0,0,14.253103,0
1,2018,4,26,20,2,0,0,11.050576,0
1,2018,4,26,20,3,0,0,13.283618,0
1,2018,4,26,21,0,0,0,6.284025,0
1,2018,4,26,21,1,0,0,2.26928,0
1,2018,4,26,21,2,0,0,8.277465,0
1,2018,4,26,21,3,0,0,14.332951,0
1,2018,4,26,22,0,0,0,12.075567,0
1,2018,4,26,22,1,0,0,12.196688,0
1,2018,4,26,22,2,0,0,19.582166,0
1,2018,4,26,22,3,0,0,26.566507,0
1,2018,4,26,23,0,0,0,25.939133,0
1,2018,4,26,23,1,0,0,6.311701,0
1,2018,4,26,23,2,0,0,4.676014,0
1,2018,4,26,23,3,0,0,6.946935,0
1,2018,4,27,0,0,0,0,2.722527,0
1,2018,4,27,0,1,0,0,12.930159,0
1,2018,4,27,0,2,0,0,5.428088,0
1,2018,4,27,0,3,0,0,11.97183,0
1,2018,4,27,1,0,0,0,22.765546,0
1,2018,4,27,1,1,0,0,21.516204,0
1,2018,4,27,1,2,0,0,10.918659,0
1,2018,4,27,1,3,0,0,2.672712,0
1,2018,4,27,2,0,0,0,2.672712,0
1,2018,4,27,2,1,0,0,2.672712,0
1,2018,4,27,2,2,0,0,2.672712,0
1,2018,4,27,2,3,0,0,2.672712,0
1,2018,4,27,3,0,0,0,2.672712,0
1,2018,4,27,3,1,0,0,2.672712,0
1,2018,4,27,3,2,0,0,2.672712,0
1,2018,4,27,3,3,0,0,2.672712,0
1,2018,4,27,4,0,0,0,2.672712,0
1,2018,4,27,4,1,0,0,5.540337,0
1,2018,4,27,4,2,0,0,10.822475,0
1,2018,4,27,4,3,0,0,10.381775,0
1,2018,4,27,5,0,0,0,5.124462,0
1,2018,4,27,5,1,0,0,13.526512,0
1,2018,4,27,5,2,0,0,2.672712,0
1,2018,4,27,5,3,0,0,2.672712,0
1,2018,4,27,6,0,0,0,2.672712,0
1,2018,4,27,6,1,0,0,2.672712,0
1,2018,4,27,6,2,0,0,4.876921,0
1,2018,4,27,6,3,0,0,5.36153,0
1,2018,4,27,7,0,0,0,11.726792,0
1,2018,4,27,7,1,0,0,8.245154,0
1,2018,4,27,7,2,0,0,20.507787,0
1,2018,4,27,7,3,0,0,25.729369,0
1,2018,4,27,8,0,0,0,23.473968,0
1,2018,4,27,8,1,0,0,9.176562,0
1,2018,4,27,8,2,0,0,16.862396,0
1,2018,4,27,8,3,0,0,19.412213,0
1,2018,4,27,9,0,0,0,32.650165,0
1,2018,4,27,9,1,0,0,32.330869,0
1,2018,4,27,9,2,0,0,26.463609,0
1,2018,4,27,9,3,0,0,25.179527,0
1,2018,4,27,10,0,0,0,40.362291,0
1,2018,4,27,10,1,0,0,32.04788,0
1,2018,4,27,10,2,0,0,37.327745,0
1,2018,4,27,10,3,0,0,37.678534,0
1,2018,4,27,11,0,0,0,18.00658,0
1,2018,4,27,11,1,0,0,21.580645,0
1,2018,4,27,11,2,0,0,20.186994,0
1,2018,4,27,11,3,0,0,22.761714,0
1,2018,4,27,12,0,0,0,21.463852,0
1,2018,4,27,12,1,0,0,29.123306,0
1,2018,4,27,12,2,0,0,30.724327,0
1,2018,4,27,12,3,0,0,27.72521,0
1,2018,4,27,13,0,0,0,31.15119,0
1,2018,4,27,13,1,0,0,31.611238,0
1,2018,4,27,13,2,0,0,35.078414,0
1,2018,4,27,13,3,0,0,26.228899,0
1,2018,4,27,14,0,0,0,15.725573,0
1,2018,4,27,14,1,0,0,45.756749,0
1,2018,4,27,14,2,0,0,39.23317,0
1,2018,4,27,14,3,0,0,28.712419,0
1,2018,4,27,15,0,0,0,18.677965,0
1,2018,4,27,15,1,0,0,31.011982,0
1,2018,4,27,15,2,0,0,36.776068,0
1,2018,4,27,15,3,0,0,37.004409,0
1,2018,4,27,16,0,0,0,30.555009,0
1,2018,4,27,16,1,0,0,25.214725,0
1,2018,4,27,16,2,0,0,25.794239,0
1,2018,4,27,16,3,0,0,23.35952,0
1,2018,4,27,17,0,0,0,22.786519,0
1,2018,4,27,17,1,0,0,28.653086,0
1,2018,4,27,17,2,0,0,28.175889,0
1,2018,4,27,17,3,0,0,32.809419,0
1,2018,4,27,18,0,0,0,20.478578,0
1,2018,4,27,18,1,0,0,21.348757,0
1,2018,4,27,18,2,0,0,21.728219,0
1,2018,4,27,18,3,0,0,23.615648,0
1,2018,4,27,19,0,0,0,39.808505,0
1,2018,4,27,19,1,0,0,33.962588,0
1,2018,4,27,19,2,0,0,17.251769,0
1,2018,4,27,19,3,0,0,14.141924,0
1,2018,4,27,20,0,0,0,19.043757,0
1,2018,4,27,20,1,0,0,24.863507,0
1,2018,4,27,20,2,0,0,27.585526,0
1,2018,4,27,20,3,0,0,32.831788,0
1,2018,4,27,21,0,0,0,35.423095,0
1,2018,4,27,21,1,0,0,27.107268,0
1,2018,4,27,21,2,0,0,24.951304,0
1,2018,4,27,21,3,0,0,14.514247,0
1,2018,4,27,22,0,0,0,3.470836,0
1,2018,4,27,22,1,0,0,7.928574,0
1,2018,4,27,22,2,0,0,14.0979,0
1,2018,4,27,22,3,0,0,18.199302,0
1,2018,4,27,23,0,0,0,17.3783,0
1,2018,4,27,23,1,0,0,30.412051,0
1,2018,4,27,23,2,0,0,28.024797,0
1,2018,4,27,23,3,0,0,24.309133,0
1,2018,4,28,0,0,0,0,11.827823,0
1,2018,4,28,0,1,0,0,1.397708,0
1,2018,4,28,0,2,0,0,7.033642,0
1,2018,4,28,0,3,0,0,8.751337,0
1,2018,4,28,1,0,0,0,13.68941,0
1,2018,4,28,1,1,0,0,21.937038,0
1,2018,4,28,1,2,0,0,29.922863,0
1,2018,4,28,1,3,0,0,42.9496,0
1,2018,4,28,2,0,0,0,49.609248,0
1,2018,4,28,2,1,0,0,16.71243,0
1,2018,4,28,2,2,0,0,1.799846,0
1,2018,4,28,2,3,0,0,1.799846,0
1,2018,4,28,3,0,0,0,1.799846,0
1,2018,4,28,3,1,0,0,1.935393,0
1,2018,4,28,3,2,0,0,6.504298,0
1,2018,4,28,3,3,0,0,21.218324,0
1,2018,4,28,4,0,0,0,17.380119,0
1,2018,4,28,4,1,0,0,19.015535,0
1,2018,4,28,4,2,0,0,15.851292,0
1,2018,4,28,4,3,0,0,10.993533,0
1,2018,4,28,5,0,0,0,10.136009,0
1,2018,4,28,5,1,0,0,24.738659,0
1,2018,4,28,5,2,0,0,26.392608,0
1,2018,4,28,5,3,0,0,6.584028,0
1,2018,4,28,6,0,0,0,4.115775,0
1,2018,4,28,6,1,0,0,3.528503,0
1,2018,4,28,6,2,0,0,2.429321,0
1,2018,4,28,6,3,0,0,10.729003,0
1,2018,4,28,7,0,0,0,13.062399,0
1,2018,4,28,7,1,0,0,16.076276,0
1,2018,4,28,7,2,0,0,10.882358,0
1,2018,4,28,7,3,0,0,9.585398,0
1,2018,4,28,8,0,0,0,10.626347,0
1,2018,4,28,8,1,0,0,15.051044,0
1,2018,4,28,8,2,0,0,12.073773,0
1,2018,4,28,8,3,0,0,14.962899,0
1,2018,4,28,9,0,0,0,14.319127,0
1,2018,4,28,9,1,0,0,12.284204,0
1,2018,4,28,9,2,0,0,7.376836,0
1,2018,4,28,9,3,0,0,20.033411,0
1,2018,4,28,10,0,0,0,42.976161,0
1,2018,4,28,10,1,0,0,46.226228,0
1,2018,4,28,10,2,0,0,28.427952,0
1,2018,4,28,10,3,0,0,24.429048,0
1,2018,4,28,11,0,0,0,28.773384,0
1,2018,4,28,11,1,0,0,21.44377,0
1,2018,4,28,11,2,0,0,13.14883,0
1,2018,4,28,11,3,0,0,14.187352,0
1,2018,4,28,12,0,0,0,23.499875,0
1,2018,4,28,12,1,0,0,30.872158,0
1,2018,4,28,12,2,0,0,24.46909,0
1,2018,4,28,12,3,0,0,22.946341,0
1,2018,4,28,13,0,0,0,26.673917,0
1,2018,4,28,13,1,0,0,26.592411,0
1,2018,4,28,13,2,0,0,27.652784,0
1,2018,4,28,13,3,0,0,29.668665,0
1,2018,4,28,14,0,0,0,19.342431,0
1,2018,4,28,14,1,0,0,25.94628,0
1,2018,4,28,14,2,0,0,18.865585,0
1,2018,4,28,14,3,0,0,21.376286,0
1,2018,4,28,15,0,0,0,25.148035,0
1,2018,4,28,15,1,0,0,28.962845,0
1,2018,4,28,15,2,0,0,32.570397,0
1,2018,4,28,15,3,0,0,33.115418,0
1,2018,4,28,16,0,0,0,30.329114,0
1,2018,4,28,16,1,0,0,24.869663,0
1,2018,4,28,16,2,0,0,20.179573,0
1,2018,4,28,16,3,0,0,11.121988,0
1,2018,4,28,17,0,0,0,4.549448,0
1,2018,4,28,17,1,0,0,4.680665,0
1,2018,4,28,17,2,0,0,12.362033,0
1,2018,4,28,17,3,0,0,32.508515,0
1,2018,4,28,18,0,0,0,19.931871,0
1,2018,4,28,18,1,0,0,19.952696,0
1,2018,4,28,18,2,0,0,32.825218,0
1,2018,4,28,18,3,0,0,21.778298,0
1,2018,4,28,19,0,0,0,24.996723,0
1,2018,4,28,19,1,0,0,26.430443,0
1,2018,4,28,19,2,0,0,11.490204,0
1,2018,4,28,19,3,0,0,14.355099,0
1,2018,4,28,20,0,0,0,16.665404,0
1,2018,4,28,20,1,0,0,14.08673,0
1,2018,4,28,20,2,0,0,18.1992,0
1,2018,4,28,20,3,0,0,22.636876,0
1,2018,4,28,21,0,0,0,26.051825,0
1,2018,4,28,21,1,0,0,22.065299,0
1,2018,4,28,21,2,0,0,20.649232,0
1,2018,4,28,21,3,0,0,23.224564,0
1,2018,4,28,22,0,0,0,20.28289,0
1,2018,4,28,22,1,0,0,14.628456,0
1,2018,4,28,22,2,0,0,23.093705,0
1,2018,4,28,22,3,0,0,43.231034,0
1,2018,4,28,23,0,0,0,48.909395,0
1,2018,4,28,23,1,0,0,42.89613,0
1,2018,4,28,23,2,0,0,29.551788,0
1,2018,4,28,23,3,0,0,27.360106,0
1,2018,4,29,0,0,0,0,21.909694,0
1,2018,4,29,0,1,0,0,23.11754,0
1,2018,4,29,0,2,0,0,8.996056,0
1,2018,4,29,0,3,0,0,10.678533,0
1,2018,4,29,1,0,0,0,14.717036,0
1,2018,4,29,1,1,0,0,16.861959,0
1,2018,4,29,1,2,0,0,23.122582,0
1,2018,4,29,1,3,0,0,29.574331,0
1,2018,4,29,2,0,0,0,34.410506,0
1,2018,4,29,2,1,0,0,53.120876,0
1,2018,4,29,2,2,0,0,47.727729,0
1,2018,4,29,2,3,0,0,43.672442,0
1,2018,4,29,3,0,0,0,41.559822,0
1,2018,4,29,3,1,0,0,10.646894,0
1,2018,4,29,3,2,0,0,14.360449,0
1,2018,4,29,3,3,0,0,23.719181,0
1,2018,4,29,4,0,0,0,28.666284,0
1,2018,4,29,4,1,0,0,24.446445,0
1,2018,4,29,4,2,0,0,17.403465,0
1,2018,4,29,4,3,0,0,15.173734,0
1,2018,4,29,5,0,0,0,2.477747,0
1,2018,4,29,5,1,0,0,7.064886,0
1,2018,4,29,5,2,0,0,21.897419,0
1,2018,4,29,5,3,0,0,12.187653,0
1,2018,4,29,6,0,0,0,7.953709,0
1,2018,4,29,6,1,0,0,14.769886,0
1,2018,4,29,6,2,0,0,17.922386,0
1,2018,4,29,6,3,0,0,11.639015,0
1,2018,4,29,7,0,0,0,2.969322,0
1,2018,4,29,7,1,0,0,1.994693,0
1,2018,4,29,7,2,0,0,1.97544,0
1,2018,4,29,7,3,0,0,4.11719,0
1,2018,4,29,8,0,0,0,8.40069,0
1,2018,4,29,8,1,0,0,9.281202,0
1,2018,4,29,8,2,0,0,17.533655,0
1,2018,4,29,8,3,0,0,13.170323,0
1,2018,4,29,9,0,0,0,23.004526,0
1,2018,4,29,9,1,0,0,13.648577,0
1,2018,4,29,9,2,0,0,4.98011,0
1,2018,4,29,9,3,0,0,14.018303,0
1,2018,4,29,10,0,0,0,8.10563,0
1,2018,4,29,10,1,0,0,4.573242,0
1,2018,4,29,10,2,0,0,5.396307,0
1,2018,4,29,10,3,0,0,12.881003,0
1,2018,4,29,11,0,0,0,7.153266,0
1,2018,4,29,11,1,0,0,18.697803,0
1,2018,4,29,11,2,0,0,12.489587,0
1,2018,4,29,11,3,0,0,10.818695,0
1,2018,4,29,12,0,0,0,13.687054,0
1,2018,4,29,12,1,0,0,12.638998,0
1,2018,4,29,12,2,0,0,12.605048,0
1,2018,4,29,12,3,0,0,19.579247,0
1,2018,4,29,13,0,0,0,14.634118,0
1,2018,4,29,13,1,0,0,27.184507,0
1,2018,4,29,13,2,0,0,37.498447,0
1,2018,4,29,13,3,0,0,26.552511,0
1,2018,4,29,14,0,0,0,24.245396,0
1,2018,4,29,14,1,0,0,22.549537,0
1,2018,4,29,14,2,0,0,25.045981,0
1,2018,4,29,14,3,0,0,36.959807,0
1,2018,4,29,15,0,0,0,30.996312,0
1,2018,4,29,15,1,0,0,28.783312,0
1,2018,4,29,15,2,0,0,26.227068,0
1,2018,4,29,15,3,0,0,20.758691,0
1,2018,4,29,16,0,0,0,13.78694,0
1,2018,4,29,16,1,0,0,17.059603,0
1,2018,4,29,16,2,0,0,16.634715,0
1,2018,4,29,16,3,0,0,25.636134,0
1,2018,4,29,17,0,0,0,22.577355,0
1,2018,4,29,17,1,0,0,11.304432,0
1,2018,4,29,17,2,0,0,21.982615,0
1,2018,4,29,17,3,0,0,14.302986,0
1,2018,4,29,18,0,0,0,14.995317,0
1,2018,4,29,18,1,0,0,15.033974,0
1,2018,4,29,18,2,0,0,27.106644,0
1,2018,4,29,18,3,0,0,17.455511,0
1,2018,4,29,19,0,0,0,15.496549,0
1,2018,4,29,19,1,0,0,11.542906,0
1,2018,4,29,19,2,0,0,13.326688,0
1,2018,4,29,19,3,0,0,18.120458,0
1,2018,4,29,20,0,0,0,26.299914,0
1,2018,4,29,20,1,0,0,42.289981,0
1,2018,4,29,20,2,0,0,36.041875,0
1,2018,4,29,20,3,0,0,22.989926,0
1,2018,4,29,21,0,0,0,18.798438,0
1,2018,4,29,21,1,0,0,17.886616,0
1,2018,4,29,21,2,0,0,9.534692,0
1,2018,4,29,21,3,0,0,4.345406,0
1,2018,4,29,22,0,0,0,2.687468,0
1,2018,4,29,22,1,0,0,1.697468,0
1,2018,4,29,22,2,0,0,5.021468,0
1,2018,4,29,22,3,0,0,9.459093,0
1,2018,4,29,23,0,0,0,21.670689,0
1,2018,4,29,23,1,0,0,9.885705,0
1,2018,4,29,23,2,0,0,10.900194,0
1,2018,4,29,23,3,0,0,20.968474,0
1,2018,4,30,0,0,0,0,13.671225,0
1,2018,4,30,0,1,0,0,2.874897,0
1,2018,4,30,0,2,0,0,6.120279,0
1,2018,4,30,0,3,0,0,12.695175,0
1,2018,4,30,1,0,0,0,12.594372,0
1,2018,4,30,1,1,0,0,4.674709,0
1,2018,4,30,1,2,0,0,4.674709,0
1,2018,4,30,1,3,0,0,3.373025,0
1,2018,4,30,2,0,0,0,3.627604,0
1,2018,4,30,2,1,0,0,3.118473,0
1,2018,4,30,2,2,0,0,3.123691,0
1,2018,4,30,2,3,0,0,2.523691,0
1,2018,4,30,3,0,0,0,2.523691,0
1,2018,4,30,3,1,0,0,2.523691,0
1,2018,4,30,3,2,0,0,3.134024,0
1,2018,4,30,3,3,0,0,11.678691,0
1,2018,4,30,4,0,0,0,11.068357,0
1,2018,4,30,4,1,0,0,5.866719,0
1,2018,4,30,4,2,0,0,10.881262,0
1,2018,4,30,4,3,0,0,10.324091,0
1,2018,4,30,5,0,0,0,2.523691,0
1,2018,4,30,5,1,0,0,2.523691,0
1,2018,4,30,5,2,0,0,2.523691,0
1,2018,4,30,5,3,0,0,2.445545,0
1,2018,4,30,6,0,0,0,1.937602,0
1,2018,4,30,6,1,0,0,3.355102,0
1,2018,4,30,6,2,0,0,4.941011,0
1,2018,4,30,6,3,0,0,3.460308,0
1,2018,4,30,7,0,0,0,4.644105,0
1,2018,4,30,7,1,0,0,11.916261,0
1,2018,4,30,7,2,0,0,16.632959,0
1,2018,4,30,7,3,0,0,18.477497,0
1,2018,4,30,8,0,0,0,19.27645,0
1,2018,4,30,8,1,0,0,16.068824,0
1,2018,4,30,8,2,0,0,14.376108,0
1,2018,4,30,8,3,0,0,13.581974,0
1,2018,4,30,9,0,0,0,26.543098,0
1,2018,4,30,9,1,0,0,34.35783,0
1,2018,4,30,9,2,0,0,16.219548,0
1,2018,4,30,9,3,0,0,31.214781,0
1,2018,4,30,10,0,0,0,39.226665,0
1,2018,4,30,10,1,0,0,36.199239,0
1,2018,4,30,10,2,0,0,41.358757,0
1,2018,4,30,10,3,0,0,38.416825,0
1,2018,4,30,11,0,0,0,37.756726,0
1,2018,4,30,11,1,0,0,28.49965,0
1,2018,4,30,11,2,0,0,17.38263,0
1,2018,4,30,11,3,0,0,16.697991,0
1,2018,4,30,12,0,0,0,27.481929,0
1,2018,4,30,12,1,0,0,28.222526,0
1,2018,4,30,12,2,0,0,21.126075,0
1,2018,4,30,12,3,0,0,19.388717,0
1,2018,4,30,13,0,0,0,23.693663,0
1,2018,4,30,13,1,0,0,38.575076,0
1,2018,4,30,13,2,0,0,36.916977,0
1,2018,4,30,13,3,0,0,38.329502,0
1,2018,4,30,14,0,0,0,42.311172,0
1,2018,4,30,14,1,0,0,38.38443,0
1,2018,4,30,14,2,0,0,14.332339,0
1,2018,4,30,14,3,0,0,15.98056,0
1,2018,4,30,15,0,0,0,18.089762,0
1,2018,4,30,15,1,0,0,15.072713,0
1,2018,4,30,15,2,0,0,19.620838,0
1,2018,4,30,15,3,0,0,20.996881,0
1,2018,4,30,16,0,0,0,31.596704,0
1,2018,4,30,16,1,0,0,34.586915,0
1,2018,4,30,16,2,0,0,29.744408,0
1,2018,4,30,16,3,0,0,25.833435,0
1,2018,4,30,17,0,0,0,27.797352,0
1,2018,4,30,17,1,0,0,28.717974,0
1,2018,4,30,17,2,0,0,31.999391,0
1,2018,4,30,17,3,0,0,17.67104,0
1,2018,4,30,18,0,0,0,19.901685,0
1,2018,4,30,18,1,0,0,25.479452,0
1,2018,4,30,18,2,0,0,18.158396,0
1,2018,4,30,18,3,0,0,18.413957,0
1,2018,4,30,19,0,0,0,7.731564,0
1,2018,4,30,19,1,0,0,3.672615,0
1,2018,4,30,19,2,0,0,10.656449,0
1,2018,4,30,19,3,0,0,11.781412,0
1,2018,4,30,20,0,0,0,18.460335,0
1,2018,4,30,20,1,0,0,18.24495,0
1,2018,4,30,20,2,0,0,24.433865,0
1,2018,4,30,20,3,0,0,39.204533,0
1,2018,4,30,21,0,0,0,25.11889,0
1,2018,4,30,21,1,0,0,17.779777,0
1,2018,4,30,21,2,0,0,11.102225,0
1,2018,4,30,21,3,0,0,18.514268,0
1,2018,4,30,22,0,0,0,27.52746,0
1,2018,4,30,22,1,0,0,26.785886,0
1,2018,4,30,22,2,0,0,16.886507,0
1,2018,4,30,22,3,0,0,19.006589,0
1,2018,4,30,23,0,0,0,10.874451,0
1,2018,4,30,23,1,0,0,7.864173,0
1,2018,4,30,23,2,0,0,7.052062,0
1,2018,4,30,23,3,0,0,15.921769,0
1,2018,5,1,0,0,0,0,10.506146,0
1,2018,5,1,0,1,0,0,6.946622,0
1,2018,5,1,0,2,0,0,5.367842,0
1,2018,5,1,0,3,0,0,10.068018,0
1,2018,5,1,1,0,0,0,3.923472,0
1,2018,5,1,1,1,0,0,8.075605,0
1,2018,5,1,1,2,0,0,8.893901,0
1,2018,5,1,1,3,0,0,10.268559,0
1,2018,5,1,2,0,0,0,13.958043,0
1,2018,5,1,2,1,0,0,7.687888,0
1,2018,5,1,2,2,0,0,3.590203,0
1,2018,5,1,2,3,0,0,2.63126,0
1,2018,5,1,3,0,0,0,2.63126,0
1,2018,5,1,3,1,0,0,2.63126,0
1,2018,5,1,3,2,0,0,2.63126,0
1,2018,5,1,3,3,0,0,2.63126,0
1,2018,5,1,4,0,0,0,2.63126,0
1,2018,5,1,4,1,0,0,2.63126,0
1,2018,5,1,4,2,0,0,10.232313,0
1,2018,5,1,4,3,0,0,12.132576,0
1,2018,5,1,5,0,0,0,9.598892,0
1,2018,5,1,5,1,0,0,2.63126,0
1,2018,5,1,5,2,0,0,2.63126,0
1,2018,5,1,5,3,0,0,7.016403,0
1,2018,5,1,6,0,0,0,8.478117,0
1,2018,5,1,6,1,0,0,2.63126,0
1,2018,5,1,6,2,0,0,2.63126,0
1,2018,5,1,6,3,0,0,9.959956,0
1,2018,5,1,7,0,0,0,22.141817,0
1,2018,5,1,7,1,0,0,25.296966,0
1,2018,5,1,7,2,0,0,32.158128,0
1,2018,5,1,7,3,0,0,31.659705,0
1,2018,5,1,8,0,0,0,14.772099,0
1,2018,5,1,8,1,0,0,24.358574,0
1,2018,5,1,8,2,0,0,21.270152,0
1,2018,5,1,8,3,0,0,10.028108,0
1,2018,5,1,9,0,0,0,8.216211,0
1,2018,5,1,9,1,0,0,13.94863,0
1,2018,5,1,9,2,0,0,17.38075,0
1,2018,5,1,9,3,0,0,14.025317,0
1,2018,5,1,10,0,0,0,12.347824,0
1,2018,5,1,10,1,0,0,9.95908,0
1,2018,5,1,10,2,0,0,12.968385,0
1,2018,5,1,10,3,0,0,23.301408,0
1,2018,5,1,11,0,0,0,25.914025,0
1,2018,5,1,11,1,0,0,15.152442,0
1,2018,5,1,11,2,0,0,15.796016,0
1,2018,5,1,11,3,0,0,22.411661,0
1,2018,5,1,12,0,0,0,21.799719,0
1,2018,5,1,12,1,0,0,15.898759,0
1,2018,5,1,12,2,0,0,26.976503,0
1,2018,5,1,12,3,0,0,24.023563,0
1,2018,5,1,13,0,0,0,21.862068,0
1,2018,5,1,13,1,0,0,15.314121,0
1,2018,5,1,13,2,0,0,24.316877,0
1,2018,5,1,13,3,0,0,23.716653,0
1,2018,5,1,14,0,0,0,19.249856,0
1,2018,5,1,14,1,0,0,24.711468,0
1,2018,5,1,14,2,0,0,10.27757,0
1,2018,5,1,14,3,0,0,7.909046,0
1,2018,5,1,15,0,0,0,13.492569,0
1,2018,5,1,15,1,0,0,15.999295,0
1,2018,5,1,15,2,0,0,10.169496,0
1,2018,5,1,15,3,0,0,17.443291,0
1,2018,5,1,16,0,0,0,20.149879,0
1,2018,5,1,16,1,0,0,45.126581,0
1,2018,5,1,16,2,0,0,30.112823,0
1,2018,5,1,16,3,0,0,27.703784,0
1,2018,5,1,17,0,0,0,31.256946,0
1,2018,5,1,17,1,0,0,35.445403,0
1,2018,5,1,17,2,0,0,30.018747,0
1,2018,5,1,17,3,0,0,35.282573,0
1,2018,5,1,18,0,0,0,36.192436,0
1,2018,5,1,18,1,0,0,21.987882,0
1,2018,5,1,18,2,0,0,16.4144,0
1,2018,5,1,18,3,0,0,19.531063,0
1,2018,5,1,19,0,0,0,17.860063,0
1,2018,5,1,19,1,0,0,17.391172,0
1,2018,5,1,19,2,0,0,15.988723,0
1,2018,5,1,19,3,0,0,17.422836,0
1,2018,5,1,20,0,0,0,22.612129,0
1,2018,5,1,20,1,0,0,19.273218,0
1,2018,5,1,20,2,0,0,28.725209,0
1,2018,5,1,20,3,0,0,23.932127,0
1,2018,5,1,21,0,0,0,33.361998,0
1,2018,5,1,21,1,0,0,16.863285,0
1,2018,5,1,21,2,0,0,16.808046,0
1,2018,5,1,21,3,0,0,10.164288,0
1,2018,5,1,22,0,0,0,8.138337,0
1,2018,5,1,22,1,0,0,14.873669,0
1,2018,5,1,22,2,0,0,13.04664,0
1,2018,5,1,22,3,0,0,14.908492,0
1,2018,5,1,23,0,0,0,12.473135,0
1,2018,5,1,23,1,0,0,6.241659,0
1,2018,5,1,23,2,0,0,4.352897,0
1,2018,5,1,23,3,0,0,4.561022,0
1,2018,5,2,0,0,0,0,13.732882,0
1,2018,5,2,0,1,0,0,17.756662,0
1,2018,5,2,0,2,0,0,18.845736,0
1,2018,5,2,0,3,0,0,5.990397,0
1,2018,5,2,1,0,0,0,5.335397,0
1,2018,5,2,1,1,0,0,7.791786,0
1,2018,5,2,1,2,0,0,7.104008,0
1,2018,5,2,1,3,0,0,4.352897,0
1,2018,5,2,2,0,0,0,4.352897,0
1,2018,5,2,2,1,0,0,4.352897,0
1,2018,5,2,2,2,0,0,4.352897,0
1,2018,5,2,2,3,0,0,4.352897,0
1,2018,5,2,3,0,0,0,4.352897,0
1,2018,5,2,3,1,0,0,4.352897,0
1,2018,5,2,3,2,0,0,4.352897,0
1,2018,5,2,3,3,0,0,4.109484,0
1,2018,5,2,4,0,0,0,4.02097,0
1,2018,5,2,4,1,0,0,4.02097,0
1,2018,5,2,4,2,0,0,4.02097,0
1,2018,5,2,4,3,0,0,4.02097,0
1,2018,5,2,5,0,0,0,4.02097,0
1,2018,5,2,5,1,0,0,4.02097,0
1,2018,5,2,5,2,0,0,4.02097,0
1,2018,5,2,5,3,0,0,4.514303,0
1,2018,5,2,6,0,0,0,9.793662,0
1,2018,5,2,6,1,0,0,10.913944,0
1,2018,5,2,6,2,0,0,5.776143,0
1,2018,5,2,6,3,0,0,6.195197,0
1,2018,5,2,7,0,0,0,8.335265,0
1,2018,5,2,7,1,0,0,19.720684,0
1,2018,5,2,7,2,0,0,23.20175,0
1,2018,5,2,7,3,0,0,14.088734,0
1,2018,5,2,8,0,0,0,13.579803,0
1,2018,5,2,8,1,0,0,23.023132,0
1,2018,5,2,8,2,0,0,16.82264,0
1,2018,5,2,8,3,0,0,7.733724,0
1,2018,5,2,9,0,0,0,9.872775,0
1,2018,5,2,9,1,0,0,14.905231,0
1,2018,5,2,9,2,0,0,24.809408,0
1,2018,5,2,9,3,0,0,31.671478,0
1,2018,5,2,10,0,0,0,25.14752,0
1,2018,5,2,10,1,0,0,22.315428,0
1,2018,5,2,10,2,0,0,25.686393,0
1,2018,5,2,10,3,0,0,28.541559,0
1,2018,5,2,11,0,0,0,23.744744,0
1,2018,5,2,11,1,0,0,29.7966,0
1,2018,5,2,11,2,0,0,16.086223,0
1,2018,5,2,11,3,0,0,30.501907,0
1,2018,5,2,12,0,0,0,47.621564,0
1,2018,5,2,12,1,0,0,40.62098,0
1,2018,5,2,12,2,0,0,35.394608,0
1,2018,5,2,12,3,0,0,30.025307,0
1,2018,5,2,13,0,0,0,27.65873,0
1,2018,5,2,13,1,0,0,21.321857,0
1,2018,5,2,13,2,0,0,25.087842,0
1,2018,5,2,13,3,0,0,38.003208,0
1,2018,5,2,14,0,0,0,27.555609,0
1,2018,5,2,14,1,0,0,14.19488,0
1,2018,5,2,14,2,0,0,16.737733,0
1,2018,5,2,14,3,0,0,33.47812,0
1,2018,5,2,15,0,0,0,30.917063,0
1,2018,5,2,15,1,0,0,31.238281,0
1,2018,5,2,15,2,0,0,28.24985,0
1,2018,5,2,15,3,0,0,21.743363,0
1,2018,5,2,16,0,0,0,12.005338,0
1,2018,5,2,16,1,0,0,12.172182,0
1,2018,5,2,16,2,0,0,19.304876,0
1,2018,5,2,16,3,0,0,22.331579,0
1,2018,5,2,17,0,0,0,22.631956,0
1,2018,5,2,17,1,0,0,26.978884,0
1,2018,5,2,17,2,0,0,26.955394,0
1,2018,5,2,17,3,0,0,33.340846,0
1,2018,5,2,18,0,0,0,33.922976,0
1,2018,5,2,18,1,0,0,28.137433,0
1,2018,5,2,18,2,0,0,28.756463,0
1,2018,5,2,18,3,0,0,34.022461,0
1,2018,5,2,19,0,0,0,30.741163,0
1,2018,5,2,19,1,0,0,33.065986,0
1,2018,5,2,19,2,0,0,26.256841,0
1,2018,5,2,19,3,0,0,19.780437,0
1,2018,5,2,20,0,0,0,11.719342,0
1,2018,5,2,20,1,0,0,12.720048,0
1,2018,5,2,20,2,0,0,10.434322,0
1,2018,5,2,20,3,0,0,9.163839,0
1,2018,5,2,21,0,0,0,18.327678,0
1,2018,5,2,21,1,0,0,12.605093,0
1,2018,5,2,21,2,0,0,31.542252,0
1,2018,5,2,21,3,0,0,32.508891,0
1,2018,5,2,22,0,0,0,15.258016,0
1,2018,5,2,22,1,0,0,13.084079,0
1,2018,5,2,22,2,0,0,9.623539,0
1,2018,5,2,22,3,0,0,12.653473,0
1,2018,5,2,23,0,0,0,15.494041,0
1,2018,5,2,23,1,0,0,14.389176,0
1,2018,5,2,23,2,0,0,7.207554,0
1,2018,5,2,23,3,0,0,15.618268,0
1,2018,5,3,0,0,0,0,8.873004,0
1,2018,5,3,0,1,0,0,13.707492,0
1,2018,5,3,0,2,0,0,13.996547,0
1,2018,5,3,0,3,0,0,10.209936,0
1,2018,5,3,1,0,0,0,5.738492,0
1,2018,5,3,1,1,0,0,4.070492,0
1,2018,5,3,1,2,0,0,10.184706,0
1,2018,5,3,1,3,0,0,7.467277,0
1,2018,5,3,2,0,0,0,11.698423,0
1,2018,5,3,2,1,0,0,14.472216,0
1,2018,5,3,2,2,0,0,6.150836,0
1,2018,5,3,2,3,0,0,4.070492,0
1,2018,5,3,3,0,0,0,4.070492,0
1,2018,5,3,3,1,0,0,4.070492,0
1,2018,5,3,3,2,0,0,4.269825,0
1,2018,5,3,3,3,0,0,13.713287,0
1,2018,5,3,4,0,0,0,13.951107,0
1,2018,5,3,4,1,0,0,14.568814,0
1,2018,5,3,4,2,0,0,10.348492,0
1,2018,5,3,4,3,0,0,9.511425,0
1,2018,5,3,5,0,0,0,4.070492,0
1,2018,5,3,5,1,0,0,4.070492,0
1,2018,5,3,5,2,0,0,4.070492,0
1,2018,5,3,5,3,0,0,5.107635,0
1,2018,5,3,6,0,0,0,6.445073,0
1,2018,5,3,6,1,0,0,3.836625,0
1,2018,5,3,6,2,0,0,6.273625,0
1,2018,5,3,6,3,0,0,11.610722,0
1,2018,5,3,7,0,0,0,12.708442,0
1,2018,5,3,7,1,0,0,8.192147,0
1,2018,5,3,7,2,0,0,7.048994,0
1,2018,5,3,7,3,0,0,14.125566,0
1,2018,5,3,8,0,0,0,22.714651,0
1,2018,5,3,8,1,0,0,14.142174,0
1,2018,5,3,8,2,0,0,5.052964,0
1,2018,5,3,8,3,0,0,6.40023,0
1,2018,5,3,9,0,0,0,16.580341,0
1,2018,5,3,9,1,0,0,15.524976,0
1,2018,5,3,9,2,0,0,20.011577,0
1,2018,5,3,9,3,0,0,17.83335,0
1,2018,5,3,10,0,0,0,27.396998,0
1,2018,5,3,10,1,0,0,28.454809,0
1,2018,5,3,10,2,0,0,32.390014,0
1,2018,5,3,10,3,0,0,31.323349,0
1,2018,5,3,11,0,0,0,31.311593,0
1,2018,5,3,11,1,0,0,31.779773,0
1,2018,5,3,11,2,0,0,30.640873,0
1,2018,5,3,11,3,0,0,32.500573,0
1,2018,5,3,12,0,0,0,27.699188,0
1,2018,5,3,12,1,0,0,37.095266,0
1,2018,5,3,12,2,0,0,31.099854,0
1,2018,5,3,12,3,0,0,28.16692,0
1,2018,5,3,13,0,0,0,24.893154,0
1,2018,5,3,13,1,0,0,32.287199,0
1,2018,5,3,13,2,0,0,19.822439,0
1,2018,5,3,13,3,0,0,18.638047,0
1,2018,5,3,14,0,0,0,18.466364,0
1,2018,5,3,14,1,0,0,24.469156,0
1,2018,5,3,14,2,0,0,21.044585,0
1,2018,5,3,14,3,0,0,22.713158,0
1,2018,5,3,15,0,0,0,38.161273,0
1,2018,5,3,15,1,0,0,41.624342,0
1,2018,5,3,15,2,0,0,10.964013,0
1,2018,5,3,15,3,0,0,17.596525,0
1,2018,5,3,16,0,0,0,19.065189,0
1,2018,5,3,16,1,0,0,27.590634,0
1,2018,5,3,16,2,0,0,19.86857,0
1,2018,5,3,16,3,0,0,29.22528,0
1,2018,5,3,17,0,0,0,29.815526,0
1,2018,5,3,17,1,0,0,21.007936,0
1,2018,5,3,17,2,0,0,28.718712,0
1,2018,5,3,17,3,0,0,32.338433,0
1,2018,5,3,18,0,0,0,25.836973,0
1,2018,5,3,18,1,0,0,19.566491,0
1,2018,5,3,18,2,0,0,16.974414,0
1,2018,5,3,18,3,0,0,11.172431,0
1,2018,5,3,19,0,0,0,10.780993,0
1,2018,5,3,19,1,0,0,12.736215,0
1,2018,5,3,19,2,0,0,10.378343,0
1,2018,5,3,19,3,0,0,14.865022,0
1,2018,5,3,20,0,0,0,16.324978,0
1,2018,5,3,20,1,0,0,16.066313,0
1,2018,5,3,20,2,0,0,18.85789,0
1,2018,5,3,20,3,0,0,22.563024,0
1,2018,5,3,21,0,0,0,26.589427,0
1,2018,5,3,21,1,0,0,15.876115,0
1,2018,5,3,21,2,0,0,16.64221,0
1,2018,5,3,21,3,0,0,13.882555,0
1,2018,5,3,22,0,0,0,26.715167,0
1,2018,5,3,22,1,0,0,21.552008,0
1,2018,5,3,22,2,0,0,20.972088,0
1,2018,5,3,22,3,0,0,10.683615,0
1,2018,5,3,23,0,0,0,11.199227,0
1,2018,5,3,23,1,0,0,10.116902,0
1,2018,5,3,23,2,0,0,15.948402,0
1,2018,5,3,23,3,0,0,4.806902,0
1,2018,5,4,0,0,0,0,13.643555,0
1,2018,5,4,0,1,0,0,29.193023,0
1,2018,5,4,0,2,0,0,11.319964,0
1,2018,5,4,0,3,0,0,7.346281,0
1,2018,5,4,1,0,0,0,5.033767,0
1,2018,5,4,1,1,0,0,5.033767,0
1,2018,5,4,1,2,0,0,5.033767,0
1,2018,5,4,1,3,0,0,11.607577,0
1,2018,5,4,2,0,0,0,12.264957,0
1,2018,5,4,2,1,0,0,5.033767,0
1,2018,5,4,2,2,0,0,5.033767,0
1,2018,5,4,2,3,0,0,5.033767,0
1,2018,5,4,3,0,0,0,5.033767,0
1,2018,5,4,3,1,0,0,5.875672,0
1,2018,5,4,3,2,0,0,6.401862,0
1,2018,5,4,3,3,0,0,5.033767,0
1,2018,5,4,4,0,0,0,5.033767,0
1,2018,5,4,4,1,0,0,5.033767,0
1,2018,5,4,4,2,0,0,5.033767,0
1,2018,5,4,4,3,0,0,7.609767,0
1,2018,5,4,5,0,0,0,5.033767,0
1,2018,5,4,5,1,0,0,5.033767,0
1,2018,5,4,5,2,0,0,5.033767,0
1,2018,5,4,5,3,0,0,5.033767,0
1,2018,5,4,6,0,0,0,5.950338,0
1,2018,5,4,6,1,0,0,11.629467,0
1,2018,5,4,6,2,0,0,4.254752,0
1,2018,5,4,6,3,0,0,6.843575,0
1,2018,5,4,7,0,0,0,19.397792,0
1,2018,5,4,7,1,0,0,19.580318,0
1,2018,5,4,7,2,0,0,10.827229,0
1,2018,5,4,7,3,0,0,8.788652,0
1,2018,5,4,8,0,0,0,12.297917,0
1,2018,5,4,8,1,0,0,16.972829,0
1,2018,5,4,8,2,0,0,25.597748,0
1,2018,5,4,8,3,0,0,28.985282,0
1,2018,5,4,9,0,0,0,40.151675,0
1,2018,5,4,9,1,0,0,36.226591,0
1,2018,5,4,9,2,0,0,42.593944,0
1,2018,5,4,9,3,0,0,31.861198,0
1,2018,5,4,10,0,0,0,24.668914,0
1,2018,5,4,10,1,0,0,21.928176,0
1,2018,5,4,10,2,0,0,23.869086,0
1,2018,5,4,10,3,0,0,20.457621,0
1,2018,5,4,11,0,0,0,22.907128,0
1,2018,5,4,11,1,0,0,26.996752,0
1,2018,5,4,11,2,0,0,29.027264,0
1,2018,5,4,11,3,0,0,37.878799,0
1,2018,5,4,12,0,0,0,35.183552,0
1,2018,5,4,12,1,0,0,38.127242,0
1,2018,5,4,12,2,0,0,41.072863,0
1,2018,5,4,12,3,0,0,36.311191,0
1,2018,5,4,13,0,0,0,27.659726,0
1,2018,5,4,13,1,0,0,19.405254,0
1,2018,5,4,13,2,0,0,23.218004,0
1,2018,5,4,13,3,0,0,23.256168,0
1,2018,5,4,14,0,0,0,23.079868,0
1,2018,5,4,14,1,0,0,22.090394,0
1,2018,5,4,14,2,0,0,24.780015,0
1,2018,5,4,14,3,0,0,15.754803,0
1,2018,5,4,15,0,0,0,25.630891,0
1,2018,5,4,15,1,0,0,26.488349,0
1,2018,5,4,15,2,0,0,36.986798,0
1,2018,5,4,15,3,0,0,38.852864,0
1,2018,5,4,16,0,0,0,33.156524,0
1,2018,5,4,16,1,0,0,33.221568,0
1,2018,5,4,16,2,0,0,26.694523,0
1,2018,5,4,16,3,0,0,14.516429,0
1,2018,5,4,17,0,0,0,26.967803,0
1,2018,5,4,17,1,0,0,39.174773,0
1,2018,5,4,17,2,0,0,19.56035,0
1,2018,5,4,17,3,0,0,12.717243,0
1,2018,5,4,18,0,0,0,9.555094,0
1,2018,5,4,18,1,0,0,12.992394,0
1,2018,5,4,18,2,0,0,16.020587,0
1,2018,5,4,18,3,0,0,19.881724,0
1,2018,5,4,19,0,0,0,20.255618,0
1,2018,5,4,19,1,0,0,27.40922,0
1,2018,5,4,19,2,0,0,20.778104,0
1,2018,5,4,19,3,0,0,13.581402,0
1,2018,5,4,20,0,0,0,4.915151,0
1,2018,5,4,20,1,0,0,19.081873,0
1,2018,5,4,20,2,0,0,23.008508,0
1,2018,5,4,20,3,0,0,28.112215,0
1,2018,5,4,21,0,0,0,16.075505,0
1,2018,5,4,21,1,0,0,17.107562,0
1,2018,5,4,21,2,0,0,30.63948,0
1,2018,5,4,21,3,0,0,34.200789,0
1,2018,5,4,22,0,0,0,45.80088,0
1,2018,5,4,22,1,0,0,35.588219,0
1,2018,5,4,22,2,0,0,20.795084,0
1,2018,5,4,22,3,0,0,9.803898,0
1,2018,5,4,23,0,0,0,9.80511,0
1,2018,5,4,23,1,0,0,15.194789,0
1,2018,5,4,23,2,0,0,16.400334,0
1,2018,5,4,23,3,0,0,20.94014,0
1,2018,5,5,0,0,0,0,2.731843,0
1,2018,5,5,0,1,0,0,6.303607,0
1,2018,5,5,0,2,0,0,8.449102,0
1,2018,5,5,0,3,0,0,18.065889,0
1,2018,5,5,1,0,0,0,34.046523,0
1,2018,5,5,1,1,0,0,13.821974,0
1,2018,5,5,1,2,0,0,21.283984,0
1,2018,5,5,1,3,0,0,20.790012,0
1,2018,5,5,2,0,0,0,26.643431,0
1,2018,5,5,2,1,0,0,21.716161,0
1,2018,5,5,2,2,0,0,6.763053,0
1,2018,5,5,2,3,0,0,7.915144,0
1,2018,5,5,3,0,0,0,2.759962,0
1,2018,5,5,3,1,0,0,2.759962,0
1,2018,5,5,3,2,0,0,2.245527,0
1,2018,5,5,3,3,0,0,21.058204,0
1,2018,5,5,4,0,0,0,20.15244,0
1,2018,5,5,4,1,0,0,18.277635,0
1,2018,5,5,4,2,0,0,17.927317,0
1,2018,5,5,4,3,0,0,13.464127,0
1,2018,5,5,5,0,0,0,8.726049,0
1,2018,5,5,5,1,0,0,2.400961,0
1,2018,5,5,5,2,0,0,2.400961,0
1,2018,5,5,5,3,0,0,2.400961,0
1,2018,5,5,6,0,0,0,2.400961,0
1,2018,5,5,6,1,0,0,3.105809,0
1,2018,5,5,6,2,0,0,12.973688,0
1,2018,5,5,6,3,0,0,12.944186,0
1,2018,5,5,7,0,0,0,5.791524,0
1,2018,5,5,7,1,0,0,9.626334,0
1,2018,5,5,7,2,0,0,9.53936,0
1,2018,5,5,7,3,0,0,13.014728,0
1,2018,5,5,8,0,0,0,24.45423,0
1,2018,5,5,8,1,0,0,16.961897,0
1,2018,5,5,8,2,0,0,18.285186,0
1,2018,5,5,8,3,0,0,14.606925,0
1,2018,5,5,9,0,0,0,10.130724,0
1,2018,5,5,9,1,0,0,8.375871,0
1,2018,5,5,9,2,0,0,18.422045,0
1,2018,5,5,9,3,0,0,18.701074,0
1,2018,5,5,10,0,0,0,31.827973,0
1,2018,5,5,10,1,0,0,31.411995,0
1,2018,5,5,10,2,0,0,7.862994,0
1,2018,5,5,10,3,0,0,7.489597,0
1,2018,5,5,11,0,0,0,16.992082,0
1,2018,5,5,11,1,0,0,27.718226,0
1,2018,5,5,11,2,0,0,32.619935,0
1,2018,5,5,11,3,0,0,19.659412,0
1,2018,5,5,12,0,0,0,18.326587,0
1,2018,5,5,12,1,0,0,20.775046,0
1,2018,5,5,12,2,0,0,15.407782,0
1,2018,5,5,12,3,0,0,18.717112,0
1,2018,5,5,13,0,0,0,22.657201,0
1,2018,5,5,13,1,0,0,21.634161,0
1,2018,5,5,13,2,0,0,26.988888,0
1,2018,5,5,13,3,0,0,33.84509,0
1,2018,5,5,14,0,0,0,23.962924,0
1,2018,5,5,14,1,0,0,12.878382,0
1,2018,5,5,14,2,0,0,14.587423,0
1,2018,5,5,14,3,0,0,23.902264,0
1,2018,5,5,15,0,0,0,15.542358,0
1,2018,5,5,15,1,0,0,16.621019,0
1,2018,5,5,15,2,0,0,32.169321,0
1,2018,5,5,15,3,0,0,24.730336,0
1,2018,5,5,16,0,0,0,22.388838,0
1,2018,5,5,16,1,0,0,22.840402,0
1,2018,5,5,16,2,0,0,12.404996,0
1,2018,5,5,16,3,0,0,25.883889,0
1,2018,5,5,17,0,0,0,32.971461,0
1,2018,5,5,17,1,0,0,33.434919,0
1,2018,5,5,17,2,0,0,22.966818,0
1,2018,5,5,17,3,0,0,21.845007,0
1,2018,5,5,18,0,0,0,37.099018,0
1,2018,5,5,18,1,0,0,31.059533,0
1,2018,5,5,18,2,0,0,23.486435,0
1,2018,5,5,18,3,0,0,9.742534,0
1,2018,5,5,19,0,0,0,7.794535,0
1,2018,5,5,19,1,0,0,27.076755,0
1,2018,5,5,19,2,0,0,36.103829,0
1,2018,5,5,19,3,0,0,34.253432,0
1,2018,5,5,20,0,0,0,28.012555,0
1,2018,5,5,20,1,0,0,20.208313,0
1,2018,5,5,20,2,0,0,6.521226,0
1,2018,5,5,20,3,0,0,16.779094,0
1,2018,5,5,21,0,0,0,34.24271,0
1,2018,5,5,21,1,0,0,27.812859,0
1,2018,5,5,21,2,0,0,8.508053,0
1,2018,5,5,21,3,0,0,9.257438,0
1,2018,5,5,22,0,0,0,18.805009,0
1,2018,5,5,22,1,0,0,11.876608,0
1,2018,5,5,22,2,0,0,5.799926,0
1,2018,5,5,22,3,0,0,16.234294,0
1,2018,5,5,23,0,0,0,10.666557,0
1,2018,5,5,23,1,0,0,21.83634,0
1,2018,5,5,23,2,0,0,23.806617,0
1,2018,5,5,23,3,0,0,13.331495,0
1,2018,5,6,0,0,0,0,15.541037,0
1,2018,5,6,0,1,0,0,15.392119,0
1,2018,5,6,0,2,0,0,12.202102,0
1,2018,5,6,0,3,0,0,12.057158,0
1,2018,5,6,1,0,0,0,12.020922,0
1,2018,5,6,1,1,0,0,7.8368,0
1,2018,5,6,1,2,0,0,26.018981,0
1,2018,5,6,1,3,0,0,17.028597,0
1,2018,5,6,2,0,0,0,23.459267,0
1,2018,5,6,2,1,0,0,51.285664,0
1,2018,5,6,2,2,0,0,31.994702,0
1,2018,5,6,2,3,0,0,18.010176,0
1,2018,5,6,3,0,0,0,13.821367,0
1,2018,5,6,3,1,0,0,9.8467,0
1,2018,5,6,3,2,0,0,9.030679,0
1,2018,5,6,3,3,0,0,4.29845,0
1,2018,5,6,4,0,0,0,10.218843,0
1,2018,5,6,4,1,0,0,9.874249,0
1,2018,5,6,4,2,0,0,5.782554,0
1,2018,5,6,4,3,0,0,18.710668,0
1,2018,5,6,5,0,0,0,25.805339,0
1,2018,5,6,5,1,0,0,12.480789,0
1,2018,5,6,5,2,0,0,3.995166,0
1,2018,5,6,5,3,0,0,3.995166,0
1,2018,5,6,6,0,0,0,5.908423,0
1,2018,5,6,6,1,0,0,11.169881,0
1,2018,5,6,6,2,0,0,18.771599,0
1,2018,5,6,6,3,0,0,12.81519,0
1,2018,5,6,7,0,0,0,20.302773,0
1,2018,5,6,7,1,0,0,20.580306,0
1,2018,5,6,7,2,0,0,11.095044,0
1,2018,5,6,7,3,0,0,22.273644,0
1,2018,5,6,8,0,0,0,13.390439,0
1,2018,5,6,8,1,0,0,8.742733,0
1,2018,5,6,8,2,0,0,6.236949,0
1,2018,5,6,8,3,0,0,7.262583,0
1,2018,5,6,9,0,0,0,4.9128,0
1,2018,5,6,9,1,0,0,4.011134,0
1,2018,5,6,9,2,0,0,13.865799,0
1,2018,5,6,9,3,0,0,22.312892,0
1,2018,5,6,10,0,0,0,22.758834,0
1,2018,5,6,10,1,0,0,12.056341,0
1,2018,5,6,10,2,0,0,9.476997,0
1,2018,5,6,10,3,0,0,28.761999,0
1,2018,5,6,11,0,0,0,28.474631,0
1,2018,5,6,11,1,0,0,24.534131,0
1,2018,5,6,11,2,0,0,32.171059,0
1,2018,5,6,11,3,0,0,14.21016,0
1,2018,5,6,12,0,0,0,15.849168,0
1,2018,5,6,12,1,0,0,24.274251,0
1,2018,5,6,12,2,0,0,29.914038,0
1,2018,5,6,12,3,0,0,18.14253,0
1,2018,5,6,13,0,0,0,13.739791,0
1,2018,5,6,13,1,0,0,30.761795,0
1,2018,5,6,13,2,0,0,37.589835,0
1,2018,5,6,13,3,0,0,33.999574,0
1,2018,5,6,14,0,0,0,43.892971,0
1,2018,5,6,14,1,0,0,35.264548,0
1,2018,5,6,14,2,0,0,19.631152,0
1,2018,5,6,14,3,0,0,24.23865,0
1,2018,5,6,15,0,0,0,8.877166,0
1,2018,5,6,15,1,0,0,13.807662,0
1,2018,5,6,15,2,0,0,10.268651,0
1,2018,5,6,15,3,0,0,35.314868,0
1,2018,5,6,16,0,0,0,45.858969,0
1,2018,5,6,16,1,0,0,28.627256,0
1,2018,5,6,16,2,0,0,8.162509,0
1,2018,5,6,16,3,0,0,13.614968,0
1,2018,5,6,17,0,0,0,20.322991,0
1,2018,5,6,17,1,0,0,11.882154,0
1,2018,5,6,17,2,0,0,17.396493,0
1,2018,5,6,17,3,0,0,36.958204,0
1,2018,5,6,18,0,0,0,40.2687,0
1,2018,5,6,18,1,0,0,15.942204,0
1,2018,5,6,18,2,0,0,42.956517,0
1,2018,5,6,18,3,0,0,40.730159,0
1,2018,5,6,19,0,0,0,21.983452,0
1,2018,5,6,19,1,0,0,49.678866,0
1,2018,5,6,19,2,0,0,45.543947,0
1,2018,5,6,19,3,0,0,24.003467,0
1,2018,5,6,20,0,0,0,20.249834,0
1,2018,5,6,20,1,0,0,38.567682,0
1,2018,5,6,20,2,0,0,30.606274,0
1,2018,5,6,20,3,0,0,37.739542,0
1,2018,5,6,21,0,0,0,37.964525,0
1,2018,5,6,21,1,0,0,19.99122,0
1,2018,5,6,21,2,0,0,16.63566,0
1,2018,5,6,21,3,0,0,29.657088,0
1,2018,5,6,22,0,0,0,28.159208,0
1,2018,5,6,22,1,0,0,30.063603,0
1,2018,5,6,22,2,0,0,30.456446,0
1,2018,5,6,22,3,0,0,21.102114,0
1,2018,5,6,23,0,0,0,2.848736,0
1,2018,5,6,23,1,0,0,21.7106,0
1,2018,5,6,23,2,0,0,43.901293,0
1,2018,5,6,23,3,0,0,18.095881,0
1,2018,5,7,0,0,0,0,8.75833,0
1,2018,5,7,0,1,0,0,18.279591,0
1,2018,5,7,0,2,0,0,25.368427,0
1,2018,5,7,0,3,0,0,18.605999,0
1,2018,5,7,1,0,0,0,25.029471,0
1,2018,5,7,1,1,0,0,30.821308,0
1,2018,5,7,1,2,0,0,40.999267,0
1,2018,5,7,1,3,0,0,27.537028,0
1,2018,5,7,2,0,0,0,23.271037,0
1,2018,5,7,2,1,0,0,39.664169,0
1,2018,5,7,2,2,0,0,48.98258,0
1,2018,5,7,2,3,0,0,29.29253,0
1,2018,5,7,3,0,0,0,12.687793,0
1,2018,5,7,3,1,0,0,7.861527,0
1,2018,5,7,3,2,0,0,1.94686,0
1,2018,5,7,3,3,0,0,1.94686,0
1,2018,5,7,4,0,0,0,11.844466,0
1,2018,5,7,4,1,0,0,26.817592,0
1,2018,5,7,4,2,0,0,19.859873,0
1,2018,5,7,4,3,0,0,4.554509,0
1,2018,5,7,5,0,0,0,5.441897,0
1,2018,5,7,5,1,0,0,17.4174,0
1,2018,5,7,5,2,0,0,12.659273,0
1,2018,5,7,5,3,0,0,6.035492,0
1,2018,5,7,6,0,0,0,2.434097,0
1,2018,5,7,6,1,0,0,2.577298,0
1,2018,5,7,6,2,0,0,12.898573,0
1,2018,5,7,6,3,0,0,23.742682,0
1,2018,5,7,7,0,0,0,23.927166,0
1,2018,5,7,7,1,0,0,20.21926,0
1,2018,5,7,7,2,0,0,24.126386,0
1,2018,5,7,7,3,0,0,17.286253,0
1,2018,5,7,8,0,0,0,10.76276,0
1,2018,5,7,8,1,0,0,12.175498,0
1,2018,5,7,8,2,0,0,9.240008,0
1,2018,5,7,8,3,0,0,14.968906,0
1,2018,5,7,9,0,0,0,21.44867,0
1,2018,5,7,9,1,0,0,20.782092,0
1,2018,5,7,9,2,0,0,13.685294,0
1,2018,5,7,9,3,0,0,13.975398,0
1,2018,5,7,10,0,0,0,24.584353,0
1,2018,5,7,10,1,0,0,23.491361,0
1,2018,5,7,10,2,0,0,28.321894,0
1,2018,5,7,10,3,0,0,25.489175,0
1,2018,5,7,11,0,0,0,21.798891,0
1,2018,5,7,11,1,0,0,20.284824,0
1,2018,5,7,11,2,0,0,30.92569,0
1,2018,5,7,11,3,0,0,41.823872,0
1,2018,5,7,12,0,0,0,26.393934,0
1,2018,5,7,12,1,0,0,17.939118,0
1,2018,5,7,12,2,0,0,19.345239,0
1,2018,5,7,12,3,0,0,23.077483,0
1,2018,5,7,13,0,0,0,21.21437,0
1,2018,5,7,13,1,0,0,28.927005,0
1,2018,5,7,13,2,0,0,30.386018,0
1,2018,5,7,13,3,0,0,33.922243,0
1,2018,5,7,14,0,0,0,35.408044,0
1,2018,5,7,14,1,0,0,35.598336,0
1,2018,5,7,14,2,0,0,29.85047,0
1,2018,5,7,14,3,0,0,32.132403,0
1,2018,5,7,15,0,0,0,27.334757,0
1,2018,5,7,15,1,0,0,26.195763,0
1,2018,5,7,15,2,0,0,26.978718,0
1,2018,5,7,15,3,0,0,29.602002,0
1,2018,5,7,16,0,0,0,25.841674,0
1,2018,5,7,16,1,0,0,13.169651,0
1,2018,5,7,16,2,0,0,14.213003,0
1,2018,5,7,16,3,0,0,35.102685,0
1,2018,5,7,17,0,0,0,39.934561,0
1,2018,5,7,17,1,0,0,39.73006,0
1,2018,5,7,17,2,0,0,28.118918,0
1,2018,5,7,17,3,0,0,10.046914,0
1,2018,5,7,18,0,0,0,4.840857,0
1,2018,5,7,18,1,0,0,9.740739,0
1,2018,5,7,18,2,0,0,16.518893,0
1,2018,5,7,18,3,0,0,5.3112,0
1,2018,5,7,19,0,0,0,5.014368,0
1,2018,5,7,19,1,0,0,5.450903,0
1,2018,5,7,19,2,0,0,4.958965,0
1,2018,5,7,19,3,0,0,9.18733,0
1,2018,5,7,20,0,0,0,14.529521,0
1,2018,5,7,20,1,0,0,13.054424,0
1,2018,5,7,20,2,0,0,19.729796,0
1,2018,5,7,20,3,0,0,19.883296,0
1,2018,5,7,21,0,0,0,8.743177,0
1,2018,5,7,21,1,0,0,10.718829,0
1,2018,5,7,21,2,0,0,8.863699,0
1,2018,5,7,21,3,0,0,9.297173,0
1,2018,5,7,22,0,0,0,7.304582,0
1,2018,5,7,22,1,0,0,14.134835,0
1,2018,5,7,22,2,0,0,25.03489,0
1,2018,5,7,22,3,0,0,25.952819,0
1,2018,5,7,23,0,0,0,8.943176,0
1,2018,5,7,23,1,0,0,4.990501,0
1,2018,5,7,23,2,0,0,4.990501,0
1,2018,5,7,23,3,0,0,4.990501,0
1,2018,5,8,0,0,0,0,4.990501,0
1,2018,5,8,0,1,0,0,4.990501,0
1,2018,5,8,0,2,0,0,8.030958,0
1,2018,5,8,0,3,0,0,10.691358,0
1,2018,5,8,1,0,0,0,9.551187,0
1,2018,5,8,1,1,0,0,4.990501,0
1,2018,5,8,1,2,0,0,4.990501,0
1,2018,5,8,1,3,0,0,6.242915,0
1,2018,5,8,2,0,0,0,13.259365,0
1,2018,5,8,2,1,0,0,15.717656,0
1,2018,5,8,2,2,0,0,10.322408,0
1,2018,5,8,2,3,0,0,5.229908,0
1,2018,5,8,3,0,0,0,5.229908,0
1,2018,5,8,3,1,0,0,4.431956,0
1,2018,5,8,3,2,0,0,4.309194,0
1,2018,5,8,3,3,0,0,4.309194,0
1,2018,5,8,4,0,0,0,4.309194,0
1,2018,5,8,4,1,0,0,4.309194,0
1,2018,5,8,4,2,0,0,4.309194,0
1,2018,5,8,4,3,0,0,4.309194,0
1,2018,5,8,5,0,0,0,4.309194,0
1,2018,5,8,5,1,0,0,5.525803,0
1,2018,5,8,5,2,0,0,13.433759,0
1,2018,5,8,5,3,0,0,7.95902,0
1,2018,5,8,6,0,0,0,4.309194,0
1,2018,5,8,6,1,0,0,6.992069,0
1,2018,5,8,6,2,0,0,6.579319,0
1,2018,5,8,6,3,0,0,4.214942,0
1,2018,5,8,7,0,0,0,3.833753,0
1,2018,5,8,7,1,0,0,10.281217,0
1,2018,5,8,7,2,0,0,20.325225,0
1,2018,5,8,7,3,0,0,22.972197,0
1,2018,5,8,8,0,0,0,22.101651,0
1,2018,5,8,8,1,0,0,17.081374,0
1,2018,5,8,8,2,0,0,12.545695,0
1,2018,5,8,8,3,0,0,6.872002,0
1,2018,5,8,9,0,0,0,9.954872,0
1,2018,5,8,9,1,0,0,20.428671,0
1,2018,5,8,9,2,0,0,40.146293,0
1,2018,5,8,9,3,0,0,33.04084,0
1,2018,5,8,10,0,0,0,25.743186,0
1,2018,5,8,10,1,0,0,23.331382,0
1,2018,5,8,10,2,0,0,31.474236,0
1,2018,5,8,10,3,0,0,37.237748,0
1,2018,5,8,11,0,0,0,35.913005,0
1,2018,5,8,11,1,0,0,24.040115,0
1,2018,5,8,11,2,0,0,10.817277,0
1,2018,5,8,11,3,0,0,16.251634,0
1,2018,5,8,12,0,0,0,20.916763,0
1,2018,5,8,12,1,0,0,20.968191,0
1,2018,5,8,12,2,0,0,19.064171,0
1,2018,5,8,12,3,0,0,24.872893,0
1,2018,5,8,13,0,0,0,30.920436,0
1,2018,5,8,13,1,0,0,33.206815,0
1,2018,5,8,13,2,0,0,36.104428,0
1,2018,5,8,13,3,0,0,24.870673,0
1,2018,5,8,14,0,0,0,28.566008,0
1,2018,5,8,14,1,0,0,40.504389,0
1,2018,5,8,14,2,0,0,31.783251,0
1,2018,5,8,14,3,0,0,33.428274,0
1,2018,5,8,15,0,0,0,13.785076,0
1,2018,5,8,15,1,0,0,14.854504,0
1,2018,5,8,15,2,0,0,21.987767,0
1,2018,5,8,15,3,0,0,34.360139,0
1,2018,5,8,16,0,0,0,26.266979,0
1,2018,5,8,16,1,0,0,24.093167,0
1,2018,5,8,16,2,0,0,26.507754,0
1,2018,5,8,16,3,0,0,35.578799,0
1,2018,5,8,17,0,0,0,33.023452,0
1,2018,5,8,17,1,0,0,17.646951,0
1,2018,5,8,17,2,0,0,17.292963,0
1,2018,5,8,17,3,0,0,16.657612,0
1,2018,5,8,18,0,0,0,21.146212,0
1,2018,5,8,18,1,0,0,12.626778,0
1,2018,5,8,18,2,0,0,18.396033,0
1,2018,5,8,18,3,0,0,17.4148,0
1,2018,5,8,19,0,0,0,7.8513,0
1,2018,5,8,19,1,0,0,5.307967,0
1,2018,5,8,19,2,0,0,6.371861,0
1,2018,5,8,19,3,0,0,14.911663,0
1,2018,5,8,20,0,0,0,19.604897,0
1,2018,5,8,20,1,0,0,17.084696,0
1,2018,5,8,20,2,0,0,16.342577,0
1,2018,5,8,20,3,0,0,7.171175,0
1,2018,5,8,21,0,0,0,3.57665,0
1,2018,5,8,21,1,0,0,5.314201,0
1,2018,5,8,21,2,0,0,6.31398,0
1,2018,5,8,21,3,0,0,12.847625,0
1,2018,5,8,22,0,0,0,18.640941,0
1,2018,5,8,22,1,0,0,20.701423,0
1,2018,5,8,22,2,0,0,18.175732,0
1,2018,5,8,22,3,0,0,12.477291,0
1,2018,5,8,23,0,0,0,11.603853,0
1,2018,5,8,23,1,0,0,11.666406,0
1,2018,5,8,23,2,0,0,7.145682,0
1,2018,5,8,23,3,0,0,7.698221,0
1,2018,5,9,0,0,0,0,11.807529,0
1,2018,5,9,0,1,0,0,11.807529,0
1,2018,5,9,0,2,0,0,4.803129,0
1,2018,5,9,0,3,0,0,3.725529,0
1,2018,5,9,1,0,0,0,6.875702,0
1,2018,5,9,1,1,0,0,8.975818,0
1,2018,5,9,1,2,0,0,8.975818,0
1,2018,5,9,1,3,0,0,8.275779,0
1,2018,5,9,2,0,0,0,3.725529,0
1,2018,5,9,2,1,0,0,3.725529,0
1,2018,5,9,2,2,0,0,3.725529,0
1,2018,5,9,2,3,0,0,3.935529,0
1,2018,5,9,3,0,0,0,4.240529,0
1,2018,5,9,3,1,0,0,4.200529,0
1,2018,5,9,3,2,0,0,5.286181,0
1,2018,5,9,3,3,0,0,18.72716,0
1,2018,5,9,4,0,0,0,8.82766,0
1,2018,5,9,4,1,0,0,15.330366,0
1,2018,5,9,4,2,0,0,15.609279,0
1,2018,5,9,4,3,0,0,8.847529,0
1,2018,5,9,5,0,0,0,3.725529,0
1,2018,5,9,5,1,0,0,8.899384,0
1,2018,5,9,5,2,0,0,11.790401,0
1,2018,5,9,5,3,0,0,6.646224,0
1,2018,5,9,6,0,0,0,5.423775,0
1,2018,5,9,6,1,0,0,5.085559,0
1,2018,5,9,6,2,0,0,7.017856,0
1,2018,5,9,6,3,0,0,7.630152,0
1,2018,5,9,7,0,0,0,5.486242,0
1,2018,5,9,7,1,0,0,4.922468,0
1,2018,5,9,7,2,0,0,18.307941,0
1,2018,5,9,7,3,0,0,26.937223,0
1,2018,5,9,8,0,0,0,21.494047,0
1,2018,5,9,8,1,0,0,6.107236,0
1,2018,5,9,8,2,0,0,7.058118,0
1,2018,5,9,8,3,0,0,10.285193,0
1,2018,5,9,9,0,0,0,18.641771,0
1,2018,5,9,9,1,0,0,20.136301,0
1,2018,5,9,9,2,0,0,18.552458,0
1,2018,5,9,9,3,0,0,23.86246,0
1,2018,5,9,10,0,0,0,31.861247,0
1,2018,5,9,10,1,0,0,30.423843,0
1,2018,5,9,10,2,0,0,19.530077,0
1,2018,5,9,10,3,0,0,9.802687,0
1,2018,5,9,11,0,0,0,16.571317,0
1,2018,5,9,11,1,0,0,22.703673,0
1,2018,5,9,11,2,0,0,24.216393,0
1,2018,5,9,11,3,0,0,23.400674,0
1,2018,5,9,12,0,0,0,24.197698,0
1,2018,5,9,12,1,0,0,30.027305,0
1,2018,5,9,12,2,0,0,31.689567,0
1,2018,5,9,12,3,0,0,37.396946,0
1,2018,5,9,13,0,0,0,32.403565,0
1,2018,5,9,13,1,0,0,24.131849,0
1,2018,5,9,13,2,0,0,14.964312,0
1,2018,5,9,13,3,0,0,19.06222,0
1,2018,5,9,14,0,0,0,35.443521,0
1,2018,5,9,14,1,0,0,28.896973,0
1,2018,5,9,14,2,0,0,32.184915,0
1,2018,5,9,14,3,0,0,27.850031,0
1,2018,5,9,15,0,0,0,22.318773,0
1,2018,5,9,15,1,0,0,20.839008,0
1,2018,5,9,15,2,0,0,20.405152,0
1,2018,5,9,15,3,0,0,13.083494,0
1,2018,5,9,16,0,0,0,22.788785,0
1,2018,5,9,16,1,0,0,23.721036,0
1,2018,5,9,16,2,0,0,30.476289,0
1,2018,5,9,16,3,0,0,17.369499,0
1,2018,5,9,17,0,0,0,30.334092,0
1,2018,5,9,17,1,0,0,23.916994,0
1,2018,5,9,17,2,0,0,18.737469,0
1,2018,5,9,17,3,0,0,20.199478,0
1,2018,5,9,18,0,0,0,16.271471,0
1,2018,5,9,18,1,0,0,9.120258,0
1,2018,5,9,18,2,0,0,8.355255,0
1,2018,5,9,18,3,0,0,8.138776,0
1,2018,5,9,19,0,0,0,15.631156,0
1,2018,5,9,19,1,0,0,23.377145,0
1,2018,5,9,19,2,0,0,31.874225,0
1,2018,5,9,19,3,0,0,18.741464,0
1,2018,5,9,20,0,0,0,7.234406,0
1,2018,5,9,20,1,0,0,10.549957,0
1,2018,5,9,20,2,0,0,24.511514,0
1,2018,5,9,20,3,0,0,17.972816,0
1,2018,5,9,21,0,0,0,14.165467,0
1,2018,5,9,21,1,0,0,17.036205,0
1,2018,5,9,21,2,0,0,17.554877,0
1,2018,5,9,21,3,0,0,17.311496,0
1,2018,5,9,22,0,0,0,18.169388,0
1,2018,5,9,22,1,0,0,15.879218,0
1,2018,5,9,22,2,0,0,9.108655,0
1,2018,5,9,22,3,0,0,4.764015,0
1,2018,5,9,23,0,0,0,5.79312,0
1,2018,5,9,23,1,0,0,8.383284,0
1,2018,5,9,23,2,0,0,14.820512,0
1,2018,5,9,23,3,0,0,8.194637,0
1,2018,5,10,0,0,0,0,6.40205,0
1,2018,5,10,0,1,0,0,11.423714,0
1,2018,5,10,0,2,0,0,14.331154,0
1,2018,5,10,0,3,0,0,8.464005,0
1,2018,5,10,1,0,0,0,5.993387,0
1,2018,5,10,1,1,0,0,9.651387,0
1,2018,5,10,1,2,0,0,3.249887,0
1,2018,5,10,1,3,0,0,3.844195,0
1,2018,5,10,2,0,0,0,10.253314,0
1,2018,5,10,2,1,0,0,2.768892,0
1,2018,5,10,2,2,0,0,3.556365,0
1,2018,5,10,2,3,0,0,3.911914,0
1,2018,5,10,3,0,0,0,3.711914,0
1,2018,5,10,3,1,0,0,3.835114,0
1,2018,5,10,3,2,0,0,4.924714,0
1,2018,5,10,3,3,0,0,3.471914,0
1,2018,5,10,4,0,0,0,3.471914,0
1,2018,5,10,4,1,0,0,3.471914,0
1,2018,5,10,4,2,0,0,3.471914,0
1,2018,5,10,4,3,0,0,3.407172,0
1,2018,5,10,5,0,0,0,4.658991,0
1,2018,5,10,5,1,0,0,7.454231,0
1,2018,5,10,5,2,0,0,9.452659,0
1,2018,5,10,5,3,0,0,8.30504,0
1,2018,5,10,6,0,0,0,6.632183,0
1,2018,5,10,6,1,0,0,7.185073,0
1,2018,5,10,6,2,0,0,5.53603,0
1,2018,5,10,6,3,0,0,3.407172,0
1,2018,5,10,7,0,0,0,5.100414,0
1,2018,5,10,7,1,0,0,11.928025,0
1,2018,5,10,7,2,0,0,14.318006,0
1,2018,5,10,7,3,0,0,18.924782,0
1,2018,5,10,8,0,0,0,23.7475,0
1,2018,5,10,8,1,0,0,16.650185,0
1,2018,5,10,8,2,0,0,12.801515,0
1,2018,5,10,8,3,0,0,8.284278,0
1,2018,5,10,9,0,0,0,10.795459,0
1,2018,5,10,9,1,0,0,17.09237,0
1,2018,5,10,9,2,0,0,17.430009,0
1,2018,5,10,9,3,0,0,22.57343,0
1,2018,5,10,10,0,0,0,32.705726,0
1,2018,5,10,10,1,0,0,25.101329,0
1,2018,5,10,10,2,0,0,26.15679,0
1,2018,5,10,10,3,0,0,29.591438,0
1,2018,5,10,11,0,0,0,26.748076,0
1,2018,5,10,11,1,0,0,32.271338,0
1,2018,5,10,11,2,0,0,28.094136,0
1,2018,5,10,11,3,0,0,26.437542,0
1,2018,5,10,12,0,0,0,18.16608,0
1,2018,5,10,12,1,0,0,31.936107,0
1,2018,5,10,12,2,0,0,40.764724,0
1,2018,5,10,12,3,0,0,34.730612,0
1,2018,5,10,13,0,0,0,26.572178,0
1,2018,5,10,13,1,0,0,25.043052,0
1,2018,5,10,13,2,0,0,32.440899,0
1,2018,5,10,13,3,0,0,41.2552,0
1,2018,5,10,14,0,0,0,30.655346,0
1,2018,5,10,14,1,0,0,16.808333,0
1,2018,5,10,14,2,0,0,24.47736,0
1,2018,5,10,14,3,0,0,27.671543,0
1,2018,5,10,15,0,0,0,30.469915,0
1,2018,5,10,15,1,0,0,17.519576,0
1,2018,5,10,15,2,0,0,28.599253,0
1,2018,5,10,15,3,0,0,35.207846,0
1,2018,5,10,16,0,0,0,18.245256,0
1,2018,5,10,16,1,0,0,14.119228,0
1,2018,5,10,16,2,0,0,27.17928,0
1,2018,5,10,16,3,0,0,25.067445,0
1,2018,5,10,17,0,0,0,20.937765,0
1,2018,5,10,17,1,0,0,28.619793,0
1,2018,5,10,17,2,0,0,21.209302,0
1,2018,5,10,17,3,0,0,38.703707,0
1,2018,5,10,18,0,0,0,23.24929,0
1,2018,5,10,18,1,0,0,13.371737,0
1,2018,5,10,18,2,0,0,7.685313,0
1,2018,5,10,18,3,0,0,12.495953,0
1,2018,5,10,19,0,0,0,11.663924,0
1,2018,5,10,19,1,0,0,9.868501,0
1,2018,5,10,19,2,0,0,29.847349,0
1,2018,5,10,19,3,0,0,39.911621,0
1,2018,5,10,20,0,0,0,20.193079,0
1,2018,5,10,20,1,0,0,13.42728,0
1,2018,5,10,20,2,0,0,14.5511,0
1,2018,5,10,20,3,0,0,20.059611,0
1,2018,5,10,21,0,0,0,22.540399,0
1,2018,5,10,21,1,0,0,17.761846,0
1,2018,5,10,21,2,0,0,27.236953,0
1,2018,5,10,21,3,0,0,28.044812,0
1,2018,5,10,22,0,0,0,14.746916,0
1,2018,5,10,22,1,0,0,13.241144,0
1,2018,5,10,22,2,0,0,9.346994,0
1,2018,5,10,22,3,0,0,17.481494,0
1,2018,5,10,23,0,0,0,17.491994,0
1,2018,5,10,23,1,0,0,10.927956,0
1,2018,5,10,23,2,0,0,4.926142,0
1,2018,5,10,23,3,0,0,4.960617,0
1,2018,5,11,0,0,0,0,7.025133,0
1,2018,5,11,0,1,0,0,11.154165,0
1,2018,5,11,0,2,0,0,9.930684,0
1,2018,5,11,0,3,0,0,5.454615,0
1,2018,5,11,1,0,0,0,6.156384,0
1,2018,5,11,1,1,0,0,15.981154,0
1,2018,5,11,1,2,0,0,15.981154,0
1,2018,5,11,1,3,0,0,11.068769,0
1,2018,5,11,2,0,0,0,9.957829,0
1,2018,5,11,2,1,0,0,12.959972,0
1,2018,5,11,2,2,0,0,7.412641,0
1,2018,5,11,2,3,0,0,5.819151,0
1,2018,5,11,3,0,0,0,4.844221,0
1,2018,5,11,3,1,0,0,5.484363,0
1,2018,5,11,3,2,0,0,4.539363,0
1,2018,5,11,3,3,0,0,5.374636,0
1,2018,5,11,4,0,0,0,8.29809,0
1,2018,5,11,4,1,0,0,4.539363,0
1,2018,5,11,4,2,0,0,4.539363,0
1,2018,5,11,4,3,0,0,4.539363,0
1,2018,5,11,5,0,0,0,4.539363,0
1,2018,5,11,5,1,0,0,4.539363,0
1,2018,5,11,5,2,0,0,5.686168,0
1,2018,5,11,5,3,0,0,6.996802,0
1,2018,5,11,6,0,0,0,6.996802,0
1,2018,5,11,6,1,0,0,6.273013,0
1,2018,5,11,6,2,0,0,8.580999,0
1,2018,5,11,6,3,0,0,8.851675,0
1,2018,5,11,7,0,0,0,4.712706,0
1,2018,5,11,7,1,0,0,11.811808,0
1,2018,5,11,7,2,0,0,12.768004,0
1,2018,5,11,7,3,0,0,18.057518,0
1,2018,5,11,8,0,0,0,23.828717,0
1,2018,5,11,8,1,0,0,15.281107,0
1,2018,5,11,8,2,0,0,16.72467,0
1,2018,5,11,8,3,0,0,13.899673,0
1,2018,5,11,9,0,0,0,9.418865,0
1,2018,5,11,9,1,0,0,11.549856,0
1,2018,5,11,9,2,0,0,20.063081,0
1,2018,5,11,9,3,0,0,36.012566,0
1,2018,5,11,10,0,0,0,53.957234,0
1,2018,5,11,10,1,0,0,45.828292,0
1,2018,5,11,10,2,0,0,12.007677,0
1,2018,5,11,10,3,0,0,23.876463,0
1,2018,5,11,11,0,0,0,24.079924,0
1,2018,5,11,11,1,0,0,22.553016,0
1,2018,5,11,11,2,0,0,29.416277,0
1,2018,5,11,11,3,0,0,16.87454,0
1,2018,5,11,12,0,0,0,14.68984,0
1,2018,5,11,12,1,0,0,22.210488,0
1,2018,5,11,12,2,0,0,24.393638,0
1,2018,5,11,12,3,0,0,43.272809,0
1,2018,5,11,13,0,0,0,35.674718,0
1,2018,5,11,13,1,0,0,35.912092,0
1,2018,5,11,13,2,0,0,50.07616,0
1,2018,5,11,13,3,0,0,24.110217,0
1,2018,5,11,14,0,0,0,15.608291,0
1,2018,5,11,14,1,0,0,14.149235,0
1,2018,5,11,14,2,0,0,22.663132,0
1,2018,5,11,14,3,0,0,32.177072,0
1,2018,5,11,15,0,0,0,15.566077,0
1,2018,5,11,15,1,0,0,15.095093,0
1,2018,5,11,15,2,0,0,27.414356,0
1,2018,5,11,15,3,0,0,26.376872,0
1,2018,5,11,16,0,0,0,20.536221,0
1,2018,5,11,16,1,0,0,26.268164,0
1,2018,5,11,16,2,0,0,21.471099,0
1,2018,5,11,16,3,0,0,20.933535,0
1,2018,5,11,17,0,0,0,18.724455,0
1,2018,5,11,17,1,0,0,31.054524,0
1,2018,5,11,17,2,0,0,26.417306,0
1,2018,5,11,17,3,0,0,17.08904,0
1,2018,5,11,18,0,0,0,15.463972,0
1,2018,5,11,18,1,0,0,28.992703,0
1,2018,5,11,18,2,0,0,47.139927,0
1,2018,5,11,18,3,0,0,31.902604,0
1,2018,5,11,19,0,0,0,27.750044,0
1,2018,5,11,19,1,0,0,15.310249,0
1,2018,5,11,19,2,0,0,11.333318,0
1,2018,5,11,19,3,0,0,15.001267,0
1,2018,5,11,20,0,0,0,8.130844,0
1,2018,5,11,20,1,0,0,17.986879,0
1,2018,5,11,20,2,0,0,17.931214,0
1,2018,5,11,20,3,0,0,19.376635,0
1,2018,5,11,21,0,0,0,20.097983,0
1,2018,5,11,21,1,0,0,24.953738,0
1,2018,5,11,21,2,0,0,33.449516,0
1,2018,5,11,21,3,0,0,28.743182,0
1,2018,5,11,22,0,0,0,27.129277,0
1,2018,5,11,22,1,0,0,30.699156,0
1,2018,5,11,22,2,0,0,15.943253,0
1,2018,5,11,22,3,0,0,9.409195,0
1,2018,5,11,23,0,0,0,13.746206,0
1,2018,5,11,23,1,0,0,26.082371,0
1,2018,5,11,23,2,0,0,25.414462,0
1,2018,5,11,23,3,0,0,26.052994,0
1,2018,5,12,0,0,0,0,8.682241,0
1,2018,5,12,0,1,0,0,1.836852,0
1,2018,5,12,0,2,0,0,1.836852,0
1,2018,5,12,0,3,0,0,1.836852,0
1,2018,5,12,1,0,0,0,10.789692,0
1,2018,5,12,1,1,0,0,12.562944,0
1,2018,5,12,1,2,0,0,8.372233,0
1,2018,5,12,1,3,0,0,9.272954,0
1,2018,5,12,2,0,0,0,30.213029,0
1,2018,5,12,2,1,0,0,36.258438,0
1,2018,5,12,2,2,0,0,23.680768,0
1,2018,5,12,2,3,0,0,15.753271,0
1,2018,5,12,3,0,0,0,8.702009,0
1,2018,5,12,3,1,0,0,13.5791,0
1,2018,5,12,3,2,0,0,4.82781,0
1,2018,5,12,3,3,0,0,12.449384,0
1,2018,5,12,4,0,0,0,15.129866,0
1,2018,5,12,4,1,0,0,9.541149,0
1,2018,5,12,4,2,0,0,3.958149,0
1,2018,5,12,4,3,0,0,3.958149,0
1,2018,5,12,5,0,0,0,7.044565,0
1,2018,5,12,5,1,0,0,11.527776,0
1,2018,5,12,5,2,0,0,14.871979,0
1,2018,5,12,5,3,0,0,9.036297,0
1,2018,5,12,6,0,0,0,19.52115,0
1,2018,5,12,6,1,0,0,15.809086,0
1,2018,5,12,6,2,0,0,13.77524,0
1,2018,5,12,6,3,0,0,7.08936,0
1,2018,5,12,7,0,0,0,8.851035,0
1,2018,5,12,7,1,0,0,5.119261,0
1,2018,5,12,7,2,0,0,22.196375,0
1,2018,5,12,7,3,0,0,15.340842,0
1,2018,5,12,8,0,0,0,27.539785,0
1,2018,5,12,8,1,0,0,25.63308,0
1,2018,5,12,8,2,0,0,11.935147,0
1,2018,5,12,8,3,0,0,11.099831,0
1,2018,5,12,9,0,0,0,12.066168,0
1,2018,5,12,9,1,0,0,16.740454,0
1,2018,5,12,9,2,0,0,18.848197,0
1,2018,5,12,9,3,0,0,9.024506,0
1,2018,5,12,10,0,0,0,8.944892,0
1,2018,5,12,10,1,0,0,18.858128,0
1,2018,5,12,10,2,0,0,21.129583,0
1,2018,5,12,10,3,0,0,17.177651,0
1,2018,5,12,11,0,0,0,15.755468,0
1,2018,5,12,11,1,0,0,19.227318,0
1,2018,5,12,11,2,0,0,20.986012,0
1,2018,5,12,11,3,0,0,30.129417,0
1,2018,5,12,12,0,0,0,21.236116,0
1,2018,5,12,12,1,0,0,16.024848,0
1,2018,5,12,12,2,0,0,19.978376,0
1,2018,5,12,12,3,0,0,37.834156,0
1,2018,5,12,13,0,0,0,38.33625,0
1,2018,5,12,13,1,0,0,48.319062,0
1,2018,5,12,13,2,0,0,45.122624,0
1,2018,5,12,13,3,0,0,31.115225,0
1,2018,5,12,14,0,0,0,21.596352,0
1,2018,5,12,14,1,0,0,15.365016,0
1,2018,5,12,14,2,0,0,21.750767,0
1,2018,5,12,14,3,0,0,17.069107,0
1,2018,5,12,15,0,0,0,8.523076,0
1,2018,5,12,15,1,0,0,12.983853,0
1,2018,5,12,15,2,0,0,29.263747,0
1,2018,5,12,15,3,0,0,36.310951,0
1,2018,5,12,16,0,0,0,31.901594,0
1,2018,5,12,16,1,0,0,22.006612,0
1,2018,5,12,16,2,0,0,10.578356,0
1,2018,5,12,16,3,0,0,15.273911,0
1,2018,5,12,17,0,0,0,17.003329,0
1,2018,5,12,17,1,0,0,25.425891,0
1,2018,5,12,17,2,0,0,30.366707,0
1,2018,5,12,17,3,0,0,34.716877,0
1,2018,5,12,18,0,0,0,17.726668,0
1,2018,5,12,18,1,0,0,34.655141,0
1,2018,5,12,18,2,0,0,27.437894,0
1,2018,5,12,18,3,0,0,28.849038,0
1,2018,5,12,19,0,0,0,33.449479,0
1,2018,5,12,19,1,0,0,21.186869,0
1,2018,5,12,19,2,0,0,18.49262,0
1,2018,5,12,19,3,0,0,22.924795,0
1,2018,5,12,20,0,0,0,19.017417,0
1,2018,5,12,20,1,0,0,18.398804,0
1,2018,5,12,20,2,0,0,11.358113,0
1,2018,5,12,20,3,0,0,19.263777,0
1,2018,5,12,21,0,0,0,51.375949,0
1,2018,5,12,21,1,0,0,30.457749,0
1,2018,5,12,21,2,0,0,23.942595,0
1,2018,5,12,21,3,0,0,26.503569,0
1,2018,5,12,22,0,0,0,37.006163,0
1,2018,5,12,22,1,0,0,28.09938,0
1,2018,5,12,22,2,0,0,27.621566,0
1,2018,5,12,22,3,0,0,19.627247,0
1,2018,5,12,23,0,0,0,10.292312,0
1,2018,5,12,23,1,0,0,19.28522,0
1,2018,5,12,23,2,0,0,21.247093,0
1,2018,5,12,23,3,0,0,16.833117,0
1,2018,5,13,0,0,0,0,21.883326,0
1,2018,5,13,0,1,0,0,11.997535,0
1,2018,5,13,0,2,0,0,13.851575,0
1,2018,5,13,0,3,0,0,12.629502,0
1,2018,5,13,1,0,0,0,12.970364,0
1,2018,5,13,1,1,0,0,29.058112,0
1,2018,5,13,1,2,0,0,26.62853,0
1,2018,5,13,1,3,0,0,40.940587,0
1,2018,5,13,2,0,0,0,40.939397,0
1,2018,5,13,2,1,0,0,15.252113,0
1,2018,5,13,2,2,0,0,16.77322,0
1,2018,5,13,2,3,0,0,20.218763,0
1,2018,5,13,3,0,0,0,17.235454,0
1,2018,5,13,3,1,0,0,9.077232,0
1,2018,5,13,3,2,0,0,15.91451,0
1,2018,5,13,3,3,0,0,22.528748,0
1,2018,5,13,4,0,0,0,44.256795,0
1,2018,5,13,4,1,0,0,33.048442,0
1,2018,5,13,4,2,0,0,20.653001,0
1,2018,5,13,4,3,0,0,23.043482,0
1,2018,5,13,5,0,0,0,15.249854,0
1,2018,5,13,5,1,0,0,20.899301,0
1,2018,5,13,5,2,0,0,17.841025,0
1,2018,5,13,5,3,0,0,17.756195,0
1,2018,5,13,6,0,0,0,12.007002,0
1,2018,5,13,6,1,0,0,9.467647,0
1,2018,5,13,6,2,0,0,5.150732,0
1,2018,5,13,6,3,0,0,9.309955,0
1,2018,5,13,7,0,0,0,14.51591,0
1,2018,5,13,7,1,0,0,17.315627,0
1,2018,5,13,7,2,0,0,16.572692,0
1,2018,5,13,7,3,0,0,18.151938,0
1,2018,5,13,8,0,0,0,15.124676,0
1,2018,5,13,8,1,0,0,10.357221,0
1,2018,5,13,8,2,0,0,6.948916,0
1,2018,5,13,8,3,0,0,11.040693,0
1,2018,5,13,9,0,0,0,19.975263,0
1,2018,5,13,9,1,0,0,28.005341,0
1,2018,5,13,9,2,0,0,21.370314,0
1,2018,5,13,9,3,0,0,19.33974,0
1,2018,5,13,10,0,0,0,12.506112,0
1,2018,5,13,10,1,0,0,21.491498,0
1,2018,5,13,10,2,0,0,17.854968,0
1,2018,5,13,10,3,0,0,16.44867,0
1,2018,5,13,11,0,0,0,7.321077,0
1,2018,5,13,11,1,0,0,8.498988,0
1,2018,5,13,11,2,0,0,9.16738,0
1,2018,5,13,11,3,0,0,12.479915,0
1,2018,5,13,12,0,0,0,14.885499,0
1,2018,5,13,12,1,0,0,27.491682,0
1,2018,5,13,12,2,0,0,25.21394,0
1,2018,5,13,12,3,0,0,18.37423,0
1,2018,5,13,13,0,0,0,7.761237,0
1,2018,5,13,13,1,0,0,18.681837,0
1,2018,5,13,13,2,0,0,23.778977,0
1,2018,5,13,13,3,0,0,16.429156,0
1,2018,5,13,14,0,0,0,12.75914,0
1,2018,5,13,14,1,0,0,27.337668,0
1,2018,5,13,14,2,0,0,36.514354,0
1,2018,5,13,14,3,0,0,31.076106,0
1,2018,5,13,15,0,0,0,21.400186,0
1,2018,5,13,15,1,0,0,25.181565,0
1,2018,5,13,15,2,0,0,28.68009,0
1,2018,5,13,15,3,0,0,30.225907,0
1,2018,5,13,16,0,0,0,40.301635,0
1,2018,5,13,16,1,0,0,27.614426,0
1,2018,5,13,16,2,0,0,14.103861,0
1,2018,5,13,16,3,0,0,17.486527,0
1,2018,5,13,17,0,0,0,15.9501,0
1,2018,5,13,17,1,0,0,21.114757,0
1,2018,5,13,17,2,0,0,32.743482,0
1,2018,5,13,17,3,0,0,22.129709,0
1,2018,5,13,18,0,0,0,8.91101,0
1,2018,5,13,18,1,0,0,5.713892,0
1,2018,5,13,18,2,0,0,17.875408,0
1,2018,5,13,18,3,0,0,35.115513,0
1,2018,5,13,19,0,0,0,44.819167,0
1,2018,5,13,19,1,0,0,39.938103,0
1,2018,5,13,19,2,0,0,28.37688,0
1,2018,5,13,19,3,0,0,19.882341,0
1,2018,5,13,20,0,0,0,20.829209,0
1,2018,5,13,20,1,0,0,17.539684,0
1,2018,5,13,20,2,0,0,16.835732,0
1,2018,5,13,20,3,0,0,18.916854,0
1,2018,5,13,21,0,0,0,26.339425,0
1,2018,5,13,21,1,0,0,13.206883,0
1,2018,5,13,21,2,0,0,7.701735,0
1,2018,5,13,21,3,0,0,6.698272,0
1,2018,5,13,22,0,0,0,16.14083,0
1,2018,5,13,22,1,0,0,16.540544,0
1,2018,5,13,22,2,0,0,7.904041,0
1,2018,5,13,22,3,0,0,7.904041,0
1,2018,5,13,23,0,0,0,5.057015,0
1,2018,5,13,23,1,0,0,1.161924,0
1,2018,5,13,23,2,0,0,9.982848,0
1,2018,5,13,23,3,0,0,11.453001,0
1,2018,5,14,0,0,0,0,1.161924,0
1,2018,5,14,0,1,0,0,2.717106,0
1,2018,5,14,0,2,0,0,14.259948,0
1,2018,5,14,0,3,0,0,25.455875,0
1,2018,5,14,1,0,0,0,13.703434,0
1,2018,5,14,1,1,0,0,9.360726,0
1,2018,5,14,1,2,0,0,16.467748,0
1,2018,5,14,1,3,0,0,5.867127,0
1,2018,5,14,2,0,0,0,1.737715,0
1,2018,5,14,2,1,0,0,1.737715,0
1,2018,5,14,2,2,0,0,1.737715,0
1,2018,5,14,2,3,0,0,10.214965,0
1,2018,5,14,3,0,0,0,4.563465,0
1,2018,5,14,3,1,0,0,1.737715,0
1,2018,5,14,3,2,0,0,1.737715,0
1,2018,5,14,3,3,0,0,7.904792,0
1,2018,5,14,4,0,0,0,2.251638,0
1,2018,5,14,4,1,0,0,1.737715,0
1,2018,5,14,4,2,0,0,2.361715,0
1,2018,5,14,4,3,0,0,3.297715,0
1,2018,5,14,5,0,0,0,2.153715,0
1,2018,5,14,5,1,0,0,1.737715,0
1,2018,5,14,5,2,0,0,1.737715,0
1,2018,5,14,5,3,0,0,1.737715,0
1,2018,5,14,6,0,0,0,1.737715,0
1,2018,5,14,6,1,0,0,1.737715,0
1,2018,5,14,6,2,0,0,1.601895,0
1,2018,5,14,6,3,0,0,1.469526,0
1,2018,5,14,7,0,0,0,11.482052,0
1,2018,5,14,7,1,0,0,20.62395,0
1,2018,5,14,7,2,0,0,37.830523,0
1,2018,5,14,7,3,0,0,27.005222,0
1,2018,5,14,8,0,0,0,13.533846,0
1,2018,5,14,8,1,0,0,11.685845,0
1,2018,5,14,8,2,0,0,13.714128,0
1,2018,5,14,8,3,0,0,8.69391,0
1,2018,5,14,9,0,0,0,10.055589,0
1,2018,5,14,9,1,0,0,11.620025,0
1,2018,5,14,9,2,0,0,16.397763,0
1,2018,5,14,9,3,0,0,16.849009,0
1,2018,5,14,10,0,0,0,11.279575,0
1,2018,5,14,10,1,0,0,14.295672,0
1,2018,5,14,10,2,0,0,20.021721,0
1,2018,5,14,10,3,0,0,32.890332,0
1,2018,5,14,11,0,0,0,22.616721,0
1,2018,5,14,11,1,0,0,17.48231,0
1,2018,5,14,11,2,0,0,20.049336,0
1,2018,5,14,11,3,0,0,11.727419,0
1,2018,5,14,12,0,0,0,14.183644,0
1,2018,5,14,12,1,0,0,14.707839,0
1,2018,5,14,12,2,0,0,13.270927,0
1,2018,5,14,12,3,0,0,28.079527,0
1,2018,5,14,13,0,0,0,32.329873,0
1,2018,5,14,13,1,0,0,28.977643,0
1,2018,5,14,13,2,0,0,29.735836,0
1,2018,5,14,13,3,0,0,17.945338,0
1,2018,5,14,14,0,0,0,10.293361,0
1,2018,5,14,14,1,0,0,20.490148,0
1,2018,5,14,14,2,0,0,31.428854,0
1,2018,5,14,14,3,0,0,26.988832,0
1,2018,5,14,15,0,0,0,23.960173,0
1,2018,5,14,15,1,0,0,15.360591,0
1,2018,5,14,15,2,0,0,10.149072,0
1,2018,5,14,15,3,0,0,11.140396,0
1,2018,5,14,16,0,0,0,23.700114,0
1,2018,5,14,16,1,0,0,30.061981,0
1,2018,5,14,16,2,0,0,23.608876,0
1,2018,5,14,16,3,0,0,20.152832,0
1,2018,5,14,17,0,0,0,11.836873,0
1,2018,5,14,17,1,0,0,18.919571,0
1,2018,5,14,17,2,0,0,19.733713,0
1,2018,5,14,17,3,0,0,17.281039,0
1,2018,5,14,18,0,0,0,28.756503,0
1,2018,5,14,18,1,0,0,22.102087,0
1,2018,5,14,18,2,0,0,8.959096,0
1,2018,5,14,18,3,0,0,10.785915,0
1,2018,5,14,19,0,0,0,13.669453,0
1,2018,5,14,19,1,0,0,11.364021,0
1,2018,5,14,19,2,0,0,12.493688,0
1,2018,5,14,19,3,0,0,8.546559,0
1,2018,5,14,20,0,0,0,21.434055,0
1,2018,5,14,20,1,0,0,6.016395,0
1,2018,5,14,20,2,0,0,3.70327,0
1,2018,5,14,20,3,0,0,6.00727,0
1,2018,5,14,21,0,0,0,13.91455,0
1,2018,5,14,21,1,0,0,12.185923,0
1,2018,5,14,21,2,0,0,4.3231,0
1,2018,5,14,21,3,0,0,5.106475,0
1,2018,5,14,22,0,0,0,20.748856,0
1,2018,5,14,22,1,0,0,18.758257,0
1,2018,5,14,22,2,0,0,11.725568,0
1,2018,5,14,22,3,0,0,12.862049,0
1,2018,5,14,23,0,0,0,7.842365,0
1,2018,5,14,23,1,0,0,5.935437,0
1,2018,5,14,23,2,0,0,10.437499,0
1,2018,5,14,23,3,0,0,8.856249,0
1,2018,5,15,0,0,0,0,8.965993,0
1,2018,5,15,0,1,0,0,11.125306,0
1,2018,5,15,0,2,0,0,11.097824,0
1,2018,5,15,0,3,0,0,3.479374,0
1,2018,5,15,1,0,0,0,5.396814,0
1,2018,5,15,1,1,0,0,14.924555,0
1,2018,5,15,1,2,0,0,10.563654,0
1,2018,5,15,1,3,0,0,7.695404,0
1,2018,5,15,2,0,0,0,4.394892,0
1,2018,5,15,2,1,0,0,10.630967,0
1,2018,5,15,2,2,0,0,10.630967,0
1,2018,5,15,2,3,0,0,10.630967,0
1,2018,5,15,3,0,0,0,7.067496,0
1,2018,5,15,3,1,0,0,3.949458,0
1,2018,5,15,3,2,0,0,3.949458,0
1,2018,5,15,3,3,0,0,3.949458,0
1,2018,5,15,4,0,0,0,3.949458,0
1,2018,5,15,4,1,0,0,3.949458,0
1,2018,5,15,4,2,0,0,3.92625,0
1,2018,5,15,4,3,0,0,3.862428,0
1,2018,5,15,5,0,0,0,9.96137,0
1,2018,5,15,5,1,0,0,14.288037,0
1,2018,5,15,5,2,0,0,12.124703,0
1,2018,5,15,5,3,0,0,6.708601,0
1,2018,5,15,6,0,0,0,3.862428,0
1,2018,5,15,6,1,0,0,7.802895,0
1,2018,5,15,6,2,0,0,15.794875,0
1,2018,5,15,6,3,0,0,15.959234,0
1,2018,5,15,7,0,0,0,8.905623,0
1,2018,5,15,7,1,0,0,10.470242,0
1,2018,5,15,7,2,0,0,8.031451,0
1,2018,5,15,7,3,0,0,14.838787,0
1,2018,5,15,8,0,0,0,24.049756,0
1,2018,5,15,8,1,0,0,13.321345,0
1,2018,5,15,8,2,0,0,23.789884,0
1,2018,5,15,8,3,0,0,23.671139,0
1,2018,5,15,9,0,0,0,21.498953,0
1,2018,5,15,9,1,0,0,13.820448,0
1,2018,5,15,9,2,0,0,33.716385,0
1,2018,5,15,9,3,0,0,29.146315,0
1,2018,5,15,10,0,0,0,21.559974,0
1,2018,5,15,10,1,0,0,21.800212,0
1,2018,5,15,10,2,0,0,22.278112,0
1,2018,5,15,10,3,0,0,21.79901,0
1,2018,5,15,11,0,0,0,25.154399,0
1,2018,5,15,11,1,0,0,26.312287,0
1,2018,5,15,11,2,0,0,16.038875,0
1,2018,5,15,11,3,0,0,24.474213,0
1,2018,5,15,12,0,0,0,20.375619,0
1,2018,5,15,12,1,0,0,20.21817,0
1,2018,5,15,12,2,0,0,28.51244,0
1,2018,5,15,12,3,0,0,25.82809,0
1,2018,5,15,13,0,0,0,27.345372,0
1,2018,5,15,13,1,0,0,29.54831,0
1,2018,5,15,13,2,0,0,26.326239,0
1,2018,5,15,13,3,0,0,29.438545,0
1,2018,5,15,14,0,0,0,38.153523,0
1,2018,5,15,14,1,0,0,33.439372,0
1,2018,5,15,14,2,0,0,25.553484,0
1,2018,5,15,14,3,0,0,21.768033,0
1,2018,5,15,15,0,0,0,20.352868,0
1,2018,5,15,15,1,0,0,21.758493,0
1,2018,5,15,15,2,0,0,19.270092,0
1,2018,5,15,15,3,0,0,30.287361,0
1,2018,5,15,16,0,0,0,44.065459,0
1,2018,5,15,16,1,0,0,42.432761,0
1,2018,5,15,16,2,0,0,16.339882,0
1,2018,5,15,16,3,0,0,11.927417,0
1,2018,5,15,17,0,0,0,16.643297,0
1,2018,5,15,17,1,0,0,20.868786,0
1,2018,5,15,17,2,0,0,14.268069,0
1,2018,5,15,17,3,0,0,7.814094,0
1,2018,5,15,18,0,0,0,6.76832,0
1,2018,5,15,18,1,0,0,6.629728,0
1,2018,5,15,18,2,0,0,6.174836,0
1,2018,5,15,18,3,0,0,9.802156,0
1,2018,5,15,19,0,0,0,19.764998,0
1,2018,5,15,19,1,0,0,21.908537,0
1,2018,5,15,19,2,0,0,10.217061,0
1,2018,5,15,19,3,0,0,17.68839,0
1,2018,5,15,20,0,0,0,19.490361,0
1,2018,5,15,20,1,0,0,15.341147,0
1,2018,5,15,20,2,0,0,13.114584,0
1,2018,5,15,20,3,0,0,8.661459,0
1,2018,5,15,21,0,0,0,11.078254,0
1,2018,5,15,21,1,0,0,15.109216,0
1,2018,5,15,21,2,0,0,15.042229,0
1,2018,5,15,21,3,0,0,12.395003,0
1,2018,5,15,22,0,0,0,17.570039,0
1,2018,5,15,22,1,0,0,7.076834,0
1,2018,5,15,22,2,0,0,11.215043,0
1,2018,5,15,22,3,0,0,17.490148,0
1,2018,5,15,23,0,0,0,19.367786,0
1,2018,5,15,23,1,0,0,17.123217,0
1,2018,5,15,23,2,0,0,13.659016,0
1,2018,5,15,23,3,0,0,8.941803,0
1,2018,5,16,0,0,0,0,11.686718,0
1,2018,5,16,0,1,0,0,5.037218,0
1,2018,5,16,0,2,0,0,4.834684,0
1,2018,5,16,0,3,0,0,8.82815,0
1,2018,5,16,1,0,0,0,5.005714,0
1,2018,5,16,1,1,0,0,7.930714,0
1,2018,5,16,1,2,0,0,5.980714,0
1,2018,5,16,1,3,0,0,3.055714,0
1,2018,5,16,2,0,0,0,3.055714,0
1,2018,5,16,2,1,0,0,3.055714,0
1,2018,5,16,2,2,0,0,3.055714,0
1,2018,5,16,2,3,0,0,3.055714,0
1,2018,5,16,3,0,0,0,3.055714,0
1,2018,5,16,3,1,0,0,3.055714,0
1,2018,5,16,3,2,0,0,3.055714,0
1,2018,5,16,3,3,0,0,3.055714,0
1,2018,5,16,4,0,0,0,13.281968,0
1,2018,5,16,4,1,0,0,19.991369,0
1,2018,5,16,4,2,0,0,20.325888,0
1,2018,5,16,4,3,0,0,10.46614,0
1,2018,5,16,5,0,0,0,8.605425,0
1,2018,5,16,5,1,0,0,4.431318,0
1,2018,5,16,5,2,0,0,4.658329,0
1,2018,5,16,5,3,0,0,8.011477,0
1,2018,5,16,6,0,0,0,9.115246,0
1,2018,5,16,6,1,0,0,9.115246,0
1,2018,5,16,6,2,0,0,3.863007,0
1,2018,5,16,6,3,0,0,2.913461,0
1,2018,5,16,7,0,0,0,2.655235,0
1,2018,5,16,7,1,0,0,9.231028,0
1,2018,5,16,7,2,0,0,9.465792,0
1,2018,5,16,7,3,0,0,15.051267,0
1,2018,5,16,8,0,0,0,12.272488,0
1,2018,5,16,8,1,0,0,9.032015,0
1,2018,5,16,8,2,0,0,10.505614,0
1,2018,5,16,8,3,0,0,15.816054,0
1,2018,5,16,9,0,0,0,13.139411,0
1,2018,5,16,9,1,0,0,11.348505,0
1,2018,5,16,9,2,0,0,20.231613,0
1,2018,5,16,9,3,0,0,26.76568,0
1,2018,5,16,10,0,0,0,32.677221,0
1,2018,5,16,10,1,0,0,30.35053,0
1,2018,5,16,10,2,0,0,22.476693,0
1,2018,5,16,10,3,0,0,9.581092,0
1,2018,5,16,11,0,0,0,14.0233,0
1,2018,5,16,11,1,0,0,30.223902,0
1,2018,5,16,11,2,0,0,26.863397,0
1,2018,5,16,11,3,0,0,33.235262,0
1,2018,5,16,12,0,0,0,25.724961,0
1,2018,5,16,12,1,0,0,25.252732,0
1,2018,5,16,12,2,0,0,25.749503,0
1,2018,5,16,12,3,0,0,32.683546,0
1,2018,5,16,13,0,0,0,32.059585,0
1,2018,5,16,13,1,0,0,21.399732,0
1,2018,5,16,13,2,0,0,17.718694,0
1,2018,5,16,13,3,0,0,22.83277,0
1,2018,5,16,14,0,0,0,23.710135,0
1,2018,5,16,14,1,0,0,16.218948,0
1,2018,5,16,14,2,0,0,16.152728,0
1,2018,5,16,14,3,0,0,18.342227,0
1,2018,5,16,15,0,0,0,20.613289,0
1,2018,5,16,15,1,0,0,16.354949,0
1,2018,5,16,15,2,0,0,14.04317,0
1,2018,5,16,15,3,0,0,21.118497,0
1,2018,5,16,16,0,0,0,29.11193,0
1,2018,5,16,16,1,0,0,44.490257,0
1,2018,5,16,16,2,0,0,23.986001,0
1,2018,5,16,16,3,0,0,12.213051,0
1,2018,5,16,17,0,0,0,20.550334,0
1,2018,5,16,17,1,0,0,28.607306,0
1,2018,5,16,17,2,0,0,17.179671,0
1,2018,5,16,17,3,0,0,27.313517,0
1,2018,5,16,18,0,0,0,26.362818,0
1,2018,5,16,18,1,0,0,17.930181,0
1,2018,5,16,18,2,0,0,7.654847,0
1,2018,5,16,18,3,0,0,7.972219,0
1,2018,5,16,19,0,0,0,13.525677,0
1,2018,5,16,19,1,0,0,25.3405,0
1,2018,5,16,19,2,0,0,18.84914,0
1,2018,5,16,19,3,0,0,20.446891,0
1,2018,5,16,20,0,0,0,8.91125,0
1,2018,5,16,20,1,0,0,7.411846,0
1,2018,5,16,20,2,0,0,9.079256,0
1,2018,5,16,20,3,0,0,18.564298,0
1,2018,5,16,21,0,0,0,24.255046,0
1,2018,5,16,21,1,0,0,20.203078,0
1,2018,5,16,21,2,0,0,14.981924,0
1,2018,5,16,21,3,0,0,21.577003,0
1,2018,5,16,22,0,0,0,15.376381,0
1,2018,5,16,22,1,0,0,12.900027,0
1,2018,5,16,22,2,0,0,14.761648,0
1,2018,5,16,22,3,0,0,12.167429,0
1,2018,5,16,23,0,0,0,9.578025,0
1,2018,5,16,23,1,0,0,10.573932,0
1,2018,5,16,23,2,0,0,7.363985,0
1,2018,5,16,23,3,0,0,7.386318,0
1,2018,5,17,0,0,0,0,7.386318,0
1,2018,5,17,0,1,0,0,7.386318,0
1,2018,5,17,0,2,0,0,7.133128,0
1,2018,5,17,0,3,0,0,4.170705,0
1,2018,5,17,1,0,0,0,20.47124,0
1,2018,5,17,1,1,0,0,15.679478,0
1,2018,5,17,1,2,0,0,3.588474,0
1,2018,5,17,1,3,0,0,3.588474,0
1,2018,5,17,2,0,0,0,3.588474,0
1,2018,5,17,2,1,0,0,3.588474,0
1,2018,5,17,2,2,0,0,3.588474,0
1,2018,5,17,2,3,0,0,3.588474,0
1,2018,5,17,3,0,0,0,3.588474,0
1,2018,5,17,3,1,0,0,3.588474,0
1,2018,5,17,3,2,0,0,3.588474,0
1,2018,5,17,3,3,0,0,3.588474,0
1,2018,5,17,4,0,0,0,3.588474,0
1,2018,5,17,4,1,0,0,3.796474,0
1,2018,5,17,4,2,0,0,5.148474,0
1,2018,5,17,4,3,0,0,6.341141,0
1,2018,5,17,5,0,0,0,7.392592,0
1,2018,5,17,5,1,0,0,3.386298,0
1,2018,5,17,5,2,0,0,12.122591,0
1,2018,5,17,5,3,0,0,12.339026,0
1,2018,5,17,6,0,0,0,8.881826,0
1,2018,5,17,6,1,0,0,4.369431,0
1,2018,5,17,6,2,0,0,4.258799,0
1,2018,5,17,6,3,0,0,2.609169,0
1,2018,5,17,7,0,0,0,1.935182,0
1,2018,5,17,7,1,0,0,2.431773,0
1,2018,5,17,7,2,0,0,13.818148,0
1,2018,5,17,7,3,0,0,20.489909,0
1,2018,5,17,8,0,0,0,25.212405,0
1,2018,5,17,8,1,0,0,5.242395,0
1,2018,5,17,8,2,0,0,3.717993,0
1,2018,5,17,8,3,0,0,5.920877,0
1,2018,5,17,9,0,0,0,21.521903,0
1,2018,5,17,9,1,0,0,36.950456,0
1,2018,5,17,9,2,0,0,30.17889,0
1,2018,5,17,9,3,0,0,34.354356,0
1,2018,5,17,10,0,0,0,25.322561,0
1,2018,5,17,10,1,0,0,34.336343,0
1,2018,5,17,10,2,0,0,40.661139,0
1,2018,5,17,10,3,0,0,24.298395,0
1,2018,5,17,11,0,0,0,32.53936,0
1,2018,5,17,11,1,0,0,40.022186,0
1,2018,5,17,11,2,0,0,28.072685,0
1,2018,5,17,11,3,0,0,36.098554,0
1,2018,5,17,12,0,0,0,39.461055,0
1,2018,5,17,12,1,0,0,42.108021,0
1,2018,5,17,12,2,0,0,30.06215,0
1,2018,5,17,12,3,0,0,30.743426,0
1,2018,5,17,13,0,0,0,43.322108,0
1,2018,5,17,13,1,0,0,31.173402,0
1,2018,5,17,13,2,0,0,37.45292,0
1,2018,5,17,13,3,0,0,34.19972,0
1,2018,5,17,14,0,0,0,37.703042,0
1,2018,5,17,14,1,0,0,24.837739,0
1,2018,5,17,14,2,0,0,31.294093,0
1,2018,5,17,14,3,0,0,20.705144,0
1,2018,5,17,15,0,0,0,17.938826,0
1,2018,5,17,15,1,0,0,27.252145,0
1,2018,5,17,15,2,0,0,14.086495,0
1,2018,5,17,15,3,0,0,5.750525,0
1,2018,5,17,16,0,0,0,20.884249,0
1,2018,5,17,16,1,0,0,37.187471,0
1,2018,5,17,16,2,0,0,25.274136,0
1,2018,5,17,16,3,0,0,31.495209,0
1,2018,5,17,17,0,0,0,31.917716,0
1,2018,5,17,17,1,0,0,27.479646,0
1,2018,5,17,17,2,0,0,18.351889,0
1,2018,5,17,17,3,0,0,13.583942,0
1,2018,5,17,18,0,0,0,12.416371,0
1,2018,5,17,18,1,0,0,12.76971,0
1,2018,5,17,18,2,0,0,12.472782,0
1,2018,5,17,18,3,0,0,12.953566,0
1,2018,5,17,19,0,0,0,12.968375,0
1,2018,5,17,19,1,0,0,19.072174,0
1,2018,5,17,19,2,0,0,8.749712,0
1,2018,5,17,19,3,0,0,4.044601,0
1,2018,5,17,20,0,0,0,7.069606,0
1,2018,5,17,20,1,0,0,21.040683,0
1,2018,5,17,20,2,0,0,31.372556,0
1,2018,5,17,20,3,0,0,18.894885,0
1,2018,5,17,21,0,0,0,33.350072,0
1,2018,5,17,21,1,0,0,21.883572,0
1,2018,5,17,21,2,0,0,18.516523,0
1,2018,5,17,21,3,0,0,24.107753,0
1,2018,5,17,22,0,0,0,22.61492,0
1,2018,5,17,22,1,0,0,16.844018,0
1,2018,5,17,22,2,0,0,12.919784,0
1,2018,5,17,22,3,0,0,5.802261,0
1,2018,5,17,23,0,0,0,5.043783,0
1,2018,5,17,23,1,0,0,12.360427,0
1,2018,5,17,23,2,0,0,13.101033,0
1,2018,5,17,23,3,0,0,4.442901,0
1,2018,5,18,0,0,0,0,4.322705,0
1,2018,5,18,0,1,0,0,4.322705,0
1,2018,5,18,0,2,0,0,4.322705,0
1,2018,5,18,0,3,0,0,6.620105,0
1,2018,5,18,1,0,0,0,9.683305,0
1,2018,5,18,1,1,0,0,4.322705,0
1,2018,5,18,1,2,0,0,3.521886,0
1,2018,5,18,1,3,0,0,2.82117,0
1,2018,5,18,2,0,0,0,10.698589,0
1,2018,5,18,2,1,0,0,12.667944,0
1,2018,5,18,2,2,0,0,5.446976,0
1,2018,5,18,2,3,0,0,2.82117,0
1,2018,5,18,3,0,0,0,2.82117,0
1,2018,5,18,3,1,0,0,2.82117,0
1,2018,5,18,3,2,0,0,2.82117,0
1,2018,5,18,3,3,0,0,2.82117,0
1,2018,5,18,4,0,0,0,2.82117,0
1,2018,5,18,4,1,0,0,2.82117,0
1,2018,5,18,4,2,0,0,6.560715,0
1,2018,5,18,4,3,0,0,9.016363,0
1,2018,5,18,5,0,0,0,2.61773,0
1,2018,5,18,5,1,0,0,2.61773,0
1,2018,5,18,5,2,0,0,2.61773,0
1,2018,5,18,5,3,0,0,3.80773,0
1,2018,5,18,6,0,0,0,7.001063,0
1,2018,5,18,6,1,0,0,8.288614,0
1,2018,5,18,6,2,0,0,13.538817,0
1,2018,5,18,6,3,0,0,8.350995,0
1,2018,5,18,7,0,0,0,16.019468,0
1,2018,5,18,7,1,0,0,15.201768,0
1,2018,5,18,7,2,0,0,8.355234,0
1,2018,5,18,7,3,0,0,8.541952,0
1,2018,5,18,8,0,0,0,7.977184,0
1,2018,5,18,8,1,0,0,5.26099,0
1,2018,5,18,8,2,0,0,5.99382,0
1,2018,5,18,8,3,0,0,12.265742,0
1,2018,5,18,9,0,0,0,14.738891,0
1,2018,5,18,9,1,0,0,14.03821,0
1,2018,5,18,9,2,0,0,17.971384,0
1,2018,5,18,9,3,0,0,26.292504,0
1,2018,5,18,10,0,0,0,33.854396,0
1,2018,5,18,10,1,0,0,34.251159,0
1,2018,5,18,10,2,0,0,26.930853,0
1,2018,5,18,10,3,0,0,36.885991,0
1,2018,5,18,11,0,0,0,33.411376,0
1,2018,5,18,11,1,0,0,27.360762,0
1,2018,5,18,11,2,0,0,39.309169,0
1,2018,5,18,11,3,0,0,27.932291,0
1,2018,5,18,12,0,0,0,22.417653,0
1,2018,5,18,12,1,0,0,22.363892,0
1,2018,5,18,12,2,0,0,31.349595,0
1,2018,5,18,12,3,0,0,25.085621,0
1,2018,5,18,13,0,0,0,30.200471,0
1,2018,5,18,13,1,0,0,42.335452,0
1,2018,5,18,13,2,0,0,35.952532,0
1,2018,5,18,13,3,0,0,44.410579,0
1,2018,5,18,14,0,0,0,25.823186,0
1,2018,5,18,14,1,0,0,21.56257,0
1,2018,5,18,14,2,0,0,30.733936,0
1,2018,5,18,14,3,0,0,45.160655,0
1,2018,5,18,15,0,0,0,41.851209,0
1,2018,5,18,15,1,0,0,17.940428,0
1,2018,5,18,15,2,0,0,16.080616,0
1,2018,5,18,15,3,0,0,22.509138,0
1,2018,5,18,16,0,0,0,15.090887,0
1,2018,5,18,16,1,0,0,18.670669,0
1,2018,5,18,16,2,0,0,11.710083,0
1,2018,5,18,16,3,0,0,38.647693,0
1,2018,5,18,17,0,0,0,36.100403,0
1,2018,5,18,17,1,0,0,26.465586,0
1,2018,5,18,17,2,0,0,22.128654,0
1,2018,5,18,17,3,0,0,22.133623,0
1,2018,5,18,18,0,0,0,13.751274,0
1,2018,5,18,18,1,0,0,13.569608,0
1,2018,5,18,18,2,0,0,17.006632,0
1,2018,5,18,18,3,0,0,11.58886,0
1,2018,5,18,19,0,0,0,7.048849,0
1,2018,5,18,19,1,0,0,12.672538,0
1,2018,5,18,19,2,0,0,16.072231,0
1,2018,5,18,19,3,0,0,23.091258,0
1,2018,5,18,20,0,0,0,15.309877,0
1,2018,5,18,20,1,0,0,18.993861,0
1,2018,5,18,20,2,0,0,24.571603,0
1,2018,5,18,20,3,0,0,21.361035,0
1,2018,5,18,21,0,0,0,33.768159,0
1,2018,5,18,21,1,0,0,23.068762,0
1,2018,5,18,21,2,0,0,18.381745,0
1,2018,5,18,21,3,0,0,12.964942,0
1,2018,5,18,22,0,0,0,18.050183,0
1,2018,5,18,22,1,0,0,31.678821,0
1,2018,5,18,22,2,0,0,17.570669,0
1,2018,5,18,22,3,0,0,5.275591,0
1,2018,5,18,23,0,0,0,13.422466,0
1,2018,5,18,23,1,0,0,35.308092,0
1,2018,5,18,23,2,0,0,22.059176,0
1,2018,5,18,23,3,0,0,18.460839,0
1,2018,5,19,0,0,0,0,11.7562,0
1,2018,5,19,0,1,0,0,8.908145,0
1,2018,5,19,0,2,0,0,7.698322,0
1,2018,5,19,0,3,0,0,18.403522,0
1,2018,5,19,1,0,0,0,15.69022,0
1,2018,5,19,1,1,0,0,12.070044,0
1,2018,5,19,1,2,0,0,18.896872,0
1,2018,5,19,1,3,0,0,8.142054,0
1,2018,5,19,2,0,0,0,8.530851,0
1,2018,5,19,2,1,0,0,8.502494,0
1,2018,5,19,2,2,0,0,1.035922,0
1,2018,5,19,2,3,0,0,1.035922,0
1,2018,5,19,3,0,0,0,1.035922,0
1,2018,5,19,3,1,0,0,1.069306,0
1,2018,5,19,3,2,0,0,1.069306,0
1,2018,5,19,3,3,0,0,2.485639,0
1,2018,5,19,4,0,0,0,9.853167,0
1,2018,5,19,4,1,0,0,8.055,0
1,2018,5,19,4,2,0,0,8.549722,0
1,2018,5,19,4,3,0,0,1.555157,0
1,2018,5,19,5,0,0,0,0.972986,0
1,2018,5,19,5,1,0,0,0.972986,0
1,2018,5,19,5,2,0,0,0.972986,0
1,2018,5,19,5,3,0,0,3.322603,0
1,2018,5,19,6,0,0,0,13.127067,0
1,2018,5,19,6,1,0,0,23.127426,0
1,2018,5,19,6,2,0,0,10.795141,0
1,2018,5,19,6,3,0,0,5.962501,0
1,2018,5,19,7,0,0,0,6.783663,0
1,2018,5,19,7,1,0,0,6.826994,0
1,2018,5,19,7,2,0,0,3.566479,0
1,2018,5,19,7,3,0,0,10.405156,0
1,2018,5,19,8,0,0,0,16.649583,0
1,2018,5,19,8,1,0,0,25.00548,0
1,2018,5,19,8,2,0,0,17.627233,0
1,2018,5,19,8,3,0,0,4.684192,0
1,2018,5,19,9,0,0,0,1.264067,0
1,2018,5,19,9,1,0,0,2.127788,0
1,2018,5,19,9,2,0,0,2.760033,0
1,2018,5,19,9,3,0,0,5.120746,0
1,2018,5,19,10,0,0,0,21.798595,0
1,2018,5,19,10,1,0,0,31.625002,0
1,2018,5,19,10,2,0,0,27.127046,0
1,2018,5,19,10,3,0,0,21.53335,0
1,2018,5,19,11,0,0,0,11.360271,0
1,2018,5,19,11,1,0,0,10.85841,0
1,2018,5,19,11,2,0,0,20.860148,0
1,2018,5,19,11,3,0,0,20.904354,0
1,2018,5,19,12,0,0,0,15.359052,0
1,2018,5,19,12,1,0,0,25.482677,0
1,2018,5,19,12,2,0,0,29.138566,0
1,2018,5,19,12,3,0,0,26.870379,0
1,2018,5,19,13,0,0,0,35.667547,0
1,2018,5,19,13,1,0,0,30.112655,0
1,2018,5,19,13,2,0,0,14.660167,0
1,2018,5,19,13,3,0,0,16.853026,0
1,2018,5,19,14,0,0,0,30.922495,0
1,2018,5,19,14,1,0,0,32.231227,0
1,2018,5,19,14,2,0,0,5.577534,0
1,2018,5,19,14,3,0,0,6.002948,0
1,2018,5,19,15,0,0,0,10.698206,0
1,2018,5,19,15,1,0,0,19.543662,0
1,2018,5,19,15,2,0,0,32.616152,0
1,2018,5,19,15,3,0,0,25.797095,0
1,2018,5,19,16,0,0,0,21.444438,0
1,2018,5,19,16,1,0,0,11.724644,0
1,2018,5,19,16,2,0,0,21.639576,0
1,2018,5,19,16,3,0,0,10.520909,0
1,2018,5,19,17,0,0,0,14.243894,0
1,2018,5,19,17,1,0,0,27.14997,0
1,2018,5,19,17,2,0,0,17.414862,0
1,2018,5,19,17,3,0,0,20.6358,0
1,2018,5,19,18,0,0,0,11.849472,0
1,2018,5,19,18,1,0,0,11.139718,0
1,2018,5,19,18,2,0,0,8.284599,0
1,2018,5,19,18,3,0,0,12.750298,0
1,2018,5,19,19,0,0,0,1.647578,0
1,2018,5,19,19,1,0,0,7.741862,0
1,2018,5,19,19,2,0,0,11.190253,0
1,2018,5,19,19,3,0,0,24.014067,0
1,2018,5,19,20,0,0,0,19.875583,0
1,2018,5,19,20,1,0,0,18.552516,0
1,2018,5,19,20,2,0,0,9.715186,0
1,2018,5,19,20,3,0,0,19.411793,0
1,2018,5,19,21,0,0,0,25.040877,0
1,2018,5,19,21,1,0,0,48.488654,0
1,2018,5,19,21,2,0,0,31.504743,0
1,2018,5,19,21,3,0,0,25.395529,0
1,2018,5,19,22,0,0,0,26.25149,0
1,2018,5,19,22,1,0,0,34.806996,0
1,2018,5,19,22,2,0,0,31.833586,0
1,2018,5,19,22,3,0,0,40.080476,0
1,2018,5,19,23,0,0,0,35.485327,0
1,2018,5,19,23,1,0,0,34.029046,0
1,2018,5,19,23,2,0,0,39.73852,0
1,2018,5,19,23,3,0,0,21.853939,0
1,2018,5,20,0,0,0,0,16.056171,0
1,2018,5,20,0,1,0,0,6.509647,0
1,2018,5,20,0,2,0,0,9.778754,0
1,2018,5,20,0,3,0,0,14.518724,0
1,2018,5,20,1,0,0,0,17.764052,0
1,2018,5,20,1,1,0,0,21.213313,0
1,2018,5,20,1,2,0,0,31.976012,0
1,2018,5,20,1,3,0,0,24.206092,0
1,2018,5,20,2,0,0,0,32.348041,0
1,2018,5,20,2,1,0,0,23.050803,0
1,2018,5,20,2,2,0,0,18.995431,0
1,2018,5,20,2,3,0,0,22.265322,0
1,2018,5,20,3,0,0,0,16.707349,0
1,2018,5,20,3,1,0,0,11.441221,0
1,2018,5,20,3,2,0,0,15.270734,0
1,2018,5,20,3,3,0,0,24.651623,0
1,2018,5,20,4,0,0,0,16.612845,0
1,2018,5,20,4,1,0,0,9.881704,0
1,2018,5,20,4,2,0,0,18.591329,0
1,2018,5,20,4,3,0,0,10.575215,0
1,2018,5,20,5,0,0,0,4.570924,0
1,2018,5,20,5,1,0,0,4.385924,0
1,2018,5,20,5,2,0,0,1.980924,0
1,2018,5,20,5,3,0,0,8.290601,0
1,2018,5,20,6,0,0,0,9.868021,0
1,2018,5,20,6,1,0,0,4.08415,0
1,2018,5,20,6,2,0,0,6.083865,0
1,2018,5,20,6,3,0,0,8.010668,0
1,2018,5,20,7,0,0,0,12.036915,0
1,2018,5,20,7,1,0,0,6.30515,0
1,2018,5,20,7,2,0,0,13.579509,0
1,2018,5,20,7,3,0,0,17.002528,0
1,2018,5,20,8,0,0,0,9.045334,0
1,2018,5,20,8,1,0,0,8.741956,0
1,2018,5,20,8,2,0,0,13.544887,0
1,2018,5,20,8,3,0,0,5.274569,0
1,2018,5,20,9,0,0,0,1.069351,0
1,2018,5,20,9,1,0,0,1.069351,0
1,2018,5,20,9,2,0,0,1.028706,0
1,2018,5,20,9,3,0,0,1.257583,0
1,2018,5,20,10,0,0,0,6.203429,0
1,2018,5,20,10,1,0,0,5.198198,0
1,2018,5,20,10,2,0,0,5.671539,0
1,2018,5,20,10,3,0,0,2.944015,0
1,2018,5,20,11,0,0,0,15.138718,0
1,2018,5,20,11,1,0,0,29.488542,0
1,2018,5,20,11,2,0,0,17.042478,0
1,2018,5,20,11,3,0,0,14.295894,0
1,2018,5,20,12,0,0,0,20.782656,0
1,2018,5,20,12,1,0,0,26.648528,0
1,2018,5,20,12,2,0,0,34.499666,0
1,2018,5,20,12,3,0,0,42.122172,0
1,2018,5,20,13,0,0,0,36.511045,0
1,2018,5,20,13,1,0,0,24.964743,0
1,2018,5,20,13,2,0,0,34.649668,0
1,2018,5,20,13,3,0,0,28.599147,0
1,2018,5,20,14,0,0,0,34.460771,0
1,2018,5,20,14,1,0,0,33.212954,0
1,2018,5,20,14,2,0,0,22.010823,0
1,2018,5,20,14,3,0,0,29.248366,0
1,2018,5,20,15,0,0,0,52.228632,0
1,2018,5,20,15,1,0,0,43.08097,0
1,2018,5,20,15,2,0,0,27.740197,0
1,2018,5,20,15,3,0,0,29.289372,0
1,2018,5,20,16,0,0,0,30.744288,0
1,2018,5,20,16,1,0,0,24.052645,0
1,2018,5,20,16,2,0,0,39.586889,0
1,2018,5,20,16,3,0,0,38.530252,0
1,2018,5,20,17,0,0,0,29.804011,0
1,2018,5,20,17,1,0,0,30.734174,0
1,2018,5,20,17,2,0,0,22.336474,0
1,2018,5,20,17,3,0,0,30.013248,0
1,2018,5,20,18,0,0,0,20.99182,0
1,2018,5,20,18,1,0,0,14.602695,0
1,2018,5,20,18,2,0,0,13.872325,0
1,2018,5,20,18,3,0,0,16.491999,0
1,2018,5,20,19,0,0,0,28.096183,0
1,2018,5,20,19,1,0,0,5.743243,0
1,2018,5,20,19,2,0,0,10.568292,0
1,2018,5,20,19,3,0,0,21.26352,0
1,2018,5,20,20,0,0,0,29.349056,0
1,2018,5,20,20,1,0,0,30.257001,0
1,2018,5,20,20,2,0,0,27.634167,0
1,2018,5,20,20,3,0,0,31.568459,0
1,2018,5,20,21,0,0,0,13.205705,0
1,2018,5,20,21,1,0,0,12.714574,0
1,2018,5,20,21,2,0,0,12.749138,0
1,2018,5,20,21,3,0,0,9.368157,0
1,2018,5,20,22,0,0,0,8.365266,0
1,2018,5,20,22,1,0,0,18.194519,0
1,2018,5,20,22,2,0,0,15.373805,0
1,2018,5,20,22,3,0,0,2.452162,0
1,2018,5,20,23,0,0,0,2.029812,0
1,2018,5,20,23,1,0,0,11.228245,0
1,2018,5,20,23,2,0,0,8.222139,0
1,2018,5,20,23,3,0,0,1.925815,0
1,2018,5,21,0,0,0,0,8.521053,0
1,2018,5,21,0,1,0,0,9.180577,0
1,2018,5,21,0,2,0,0,10.986507,0
1,2018,5,21,0,3,0,0,26.901828,0
1,2018,5,21,1,0,0,0,13.05616,0
1,2018,5,21,1,1,0,0,1.853623,0
1,2018,5,21,1,2,0,0,1.92127,0
1,2018,5,21,1,3,0,0,2.056562,0
1,2018,5,21,2,0,0,0,2.056562,0
1,2018,5,21,2,1,0,0,2.056562,0
1,2018,5,21,2,2,0,0,2.056562,0
1,2018,5,21,2,3,0,0,2.056562,0
1,2018,5,21,3,0,0,0,11.036562,0
1,2018,5,21,3,1,0,0,8.211562,0
1,2018,5,21,3,2,0,0,5.059331,0
1,2018,5,21,3,3,0,0,7.818006,0
1,2018,5,21,4,0,0,0,6.709434,0
1,2018,5,21,4,1,0,0,5.158477,0
1,2018,5,21,4,2,0,0,2.056562,0
1,2018,5,21,4,3,0,0,2.056562,0
1,2018,5,21,5,0,0,0,2.056562,0
1,2018,5,21,5,1,0,0,5.830996,0
1,2018,5,21,5,2,0,0,10.299149,0
1,2018,5,21,5,3,0,0,2.456571,0
1,2018,5,21,6,0,0,0,2.216267,0
1,2018,5,21,6,1,0,0,5.50366,0
1,2018,5,21,6,2,0,0,6.531385,0
1,2018,5,21,6,3,0,0,6.009489,0
1,2018,5,21,7,0,0,0,10.185285,0
1,2018,5,21,7,1,0,0,17.374295,0
1,2018,5,21,7,2,0,0,4.317953,0
1,2018,5,21,7,3,0,0,3.257014,0
1,2018,5,21,8,0,0,0,10.819301,0
1,2018,5,21,8,1,0,0,17.171902,0
1,2018,5,21,8,2,0,0,12.406217,0
1,2018,5,21,8,3,0,0,12.363879,0
1,2018,5,21,9,0,0,0,9.879115,0
1,2018,5,21,9,1,0,0,7.451584,0
1,2018,5,21,9,2,0,0,8.273169,0
1,2018,5,21,9,3,0,0,10.24885,0
1,2018,5,21,10,0,0,0,23.572373,0
1,2018,5,21,10,1,0,0,34.84778,0
1,2018,5,21,10,2,0,0,39.894466,0
1,2018,5,21,10,3,0,0,32.120487,0
1,2018,5,21,11,0,0,0,24.909884,0
1,2018,5,21,11,1,0,0,28.123358,0
1,2018,5,21,11,2,0,0,23.429373,0
1,2018,5,21,11,3,0,0,18.484041,0
1,2018,5,21,12,0,0,0,15.183297,0
1,2018,5,21,12,1,0,0,15.491853,0
1,2018,5,21,12,2,0,0,23.893386,0
1,2018,5,21,12,3,0,0,19.764752,0
1,2018,5,21,13,0,0,0,20.283683,0
1,2018,5,21,13,1,0,0,28.764687,0
1,2018,5,21,13,2,0,0,15.607198,0
1,2018,5,21,13,3,0,0,17.305709,0
1,2018,5,21,14,0,0,0,21.389107,0
1,2018,5,21,14,1,0,0,19.028659,0
1,2018,5,21,14,2,0,0,15.207787,0
1,2018,5,21,14,3,0,0,20.02563,0
1,2018,5,21,15,0,0,0,15.220559,0
1,2018,5,21,15,1,0,0,17.515971,0
1,2018,5,21,15,2,0,0,22.626426,0
1,2018,5,21,15,3,0,0,26.415863,0
1,2018,5,21,16,0,0,0,41.679184,0
1,2018,5,21,16,1,0,0,39.492264,0
1,2018,5,21,16,2,0,0,21.451862,0
1,2018,5,21,16,3,0,0,30.975128,0
1,2018,5,21,17,0,0,0,25.628138,0
1,2018,5,21,17,1,0,0,13.025513,0
1,2018,5,21,17,2,0,0,10.916988,0
1,2018,5,21,17,3,0,0,15.444216,0
1,2018,5,21,18,0,0,0,15.195707,0
1,2018,5,21,18,1,0,0,21.336732,0
1,2018,5,21,18,2,0,0,12.702412,0
1,2018,5,21,18,3,0,0,11.209157,0
1,2018,5,21,19,0,0,0,15.029986,0
1,2018,5,21,19,1,0,0,16.21443,0
1,2018,5,21,19,2,0,0,16.266909,0
1,2018,5,21,19,3,0,0,7.199624,0
1,2018,5,21,20,0,0,0,10.85034,0
1,2018,5,21,20,1,0,0,2.34695,0
1,2018,5,21,20,2,0,0,14.00055,0
1,2018,5,21,20,3,0,0,17.99825,0
1,2018,5,21,21,0,0,0,9.050495,0
1,2018,5,21,21,1,0,0,5.893338,0
1,2018,5,21,21,2,0,0,3.027434,0
1,2018,5,21,21,3,0,0,3.512737,0
1,2018,5,21,22,0,0,0,3.512737,0
1,2018,5,21,22,1,0,0,3.512737,0
1,2018,5,21,22,2,0,0,3.512737,0
1,2018,5,21,22,3,0,0,3.347786,0
1,2018,5,21,23,0,0,0,2.687985,0
1,2018,5,21,23,1,0,0,2.788857,0
1,2018,5,21,23,2,0,0,6.854138,0
1,2018,5,21,23,3,0,0,7.461831,0
1,2018,5,22,0,0,0,0,6.246446,0
1,2018,5,22,0,1,0,0,5.550507,0
1,2018,5,22,0,2,0,0,7.86608,0
1,2018,5,22,0,3,0,0,8.330989,0
1,2018,5,22,1,0,0,0,10.190626,0
1,2018,5,22,1,1,0,0,10.190626,0
1,2018,5,22,1,2,0,0,7.86608,0
1,2018,5,22,1,3,0,0,7.86608,0
1,2018,5,22,2,0,0,0,4.558119,0
1,2018,5,22,2,1,0,0,2.904138,0
1,2018,5,22,2,2,0,0,2.904138,0
1,2018,5,22,2,3,0,0,2.904138,0
1,2018,5,22,3,0,0,0,2.904138,0
1,2018,5,22,3,1,0,0,2.904138,0
1,2018,5,22,3,2,0,0,8.207821,0
1,2018,5,22,3,3,0,0,17.340293,0
1,2018,5,22,4,0,0,0,18.176122,0
1,2018,5,22,4,1,0,0,10.259137,0
1,2018,5,22,4,2,0,0,2.880262,0
1,2018,5,22,4,3,0,0,2.880262,0
1,2018,5,22,5,0,0,0,2.880262,0
1,2018,5,22,5,1,0,0,6.371458,0
1,2018,5,22,5,2,0,0,8.89452,0
1,2018,5,22,5,3,0,0,3.414807,0
1,2018,5,22,6,0,0,0,3.262484,0
1,2018,5,22,6,1,0,0,3.35804,0
1,2018,5,22,6,2,0,0,2.880262,0
1,2018,5,22,6,3,0,0,3.839833,0
1,2018,5,22,7,0,0,0,7.39521,0
1,2018,5,22,7,1,0,0,6.84502,0
1,2018,5,22,7,2,0,0,8.149786,0
1,2018,5,22,7,3,0,0,8.676925,0
1,2018,5,22,8,0,0,0,9.901192,0
1,2018,5,22,8,1,0,0,9.442965,0
1,2018,5,22,8,2,0,0,20.233548,0
1,2018,5,22,8,3,0,0,31.543113,0
1,2018,5,22,9,0,0,0,19.554362,0
1,2018,5,22,9,1,0,0,25.008668,0
1,2018,5,22,9,2,0,0,33.493895,0
1,2018,5,22,9,3,0,0,26.436187,0
1,2018,5,22,10,0,0,0,16.59473,0
1,2018,5,22,10,1,0,0,16.954624,0
1,2018,5,22,10,2,0,0,25.352397,0
1,2018,5,22,10,3,0,0,25.281392,0
1,2018,5,22,11,0,0,0,14.500035,0
1,2018,5,22,11,1,0,0,21.940194,0
1,2018,5,22,11,2,0,0,25.878485,0
1,2018,5,22,11,3,0,0,25.95657,0
1,2018,5,22,12,0,0,0,27.712965,0
1,2018,5,22,12,1,0,0,34.554063,0
1,2018,5,22,12,2,0,0,35.613461,0
1,2018,5,22,12,3,0,0,34.069266,0
1,2018,5,22,13,0,0,0,30.12581,0
1,2018,5,22,13,1,0,0,22.47265,0
1,2018,5,22,13,2,0,0,28.074387,0
1,2018,5,22,13,3,0,0,33.282011,0
1,2018,5,22,14,0,0,0,21.960836,0
1,2018,5,22,14,1,0,0,15.373646,0
1,2018,5,22,14,2,0,0,22.165489,0
1,2018,5,22,14,3,0,0,37.955373,0
1,2018,5,22,15,0,0,0,51.628904,0
1,2018,5,22,15,1,0,0,35.321646,0
1,2018,5,22,15,2,0,0,39.706836,0
1,2018,5,22,15,3,0,0,30.537576,0
1,2018,5,22,16,0,0,0,16.570093,0
1,2018,5,22,16,1,0,0,18.026569,0
1,2018,5,22,16,2,0,0,23.346536,0
1,2018,5,22,16,3,0,0,24.830112,0
1,2018,5,22,17,0,0,0,34.805045,0
1,2018,5,22,17,1,0,0,28.941038,0
1,2018,5,22,17,2,0,0,31.275303,0
1,2018,5,22,17,3,0,0,19.354179,0
1,2018,5,22,18,0,0,0,14.026124,0
1,2018,5,22,18,1,0,0,7.962918,0
1,2018,5,22,18,2,0,0,6.712305,0
1,2018,5,22,18,3,0,0,19.533068,0
1,2018,5,22,19,0,0,0,40.801804,0
1,2018,5,22,19,1,0,0,27.733566,0
1,2018,5,22,19,2,0,0,15.790763,0
1,2018,5,22,19,3,0,0,14.899862,0
1,2018,5,22,20,0,0,0,27.425356,0
1,2018,5,22,20,1,0,0,26.014487,0
1,2018,5,22,20,2,0,0,26.244436,0
1,2018,5,22,20,3,0,0,32.920344,0
1,2018,5,22,21,0,0,0,28.91796,0
1,2018,5,22,21,1,0,0,17.36964,0
1,2018,5,22,21,2,0,0,6.283341,0
1,2018,5,22,21,3,0,0,5.897127,0
1,2018,5,22,22,0,0,0,10.131588,0
1,2018,5,22,22,1,0,0,12.754169,0
1,2018,5,22,22,2,0,0,8.633653,0
1,2018,5,22,22,3,0,0,3.924492,0
1,2018,5,22,23,0,0,0,11.671158,0
1,2018,5,22,23,1,0,0,8.406377,0
1,2018,5,22,23,2,0,0,14.835815,0
1,2018,5,22,23,3,0,0,18.522093,0
1,2018,5,23,0,0,0,0,4.816015,0
1,2018,5,23,0,1,0,0,3.970004,0
1,2018,5,23,0,2,0,0,21.143256,0
1,2018,5,23,0,3,0,0,18.931756,0
1,2018,5,23,1,0,0,0,3.977006,0
1,2018,5,23,1,1,0,0,9.561242,0
1,2018,5,23,1,2,0,0,8.940771,0
1,2018,5,23,1,3,0,0,3.977006,0
1,2018,5,23,2,0,0,0,3.977006,0
1,2018,5,23,2,1,0,0,10.599385,0
1,2018,5,23,2,2,0,0,11.072412,0
1,2018,5,23,2,3,0,0,8.17153,0
1,2018,5,23,3,0,0,0,4.455699,0
1,2018,5,23,3,1,0,0,3.977006,0
1,2018,5,23,3,2,0,0,13.802461,0
1,2018,5,23,3,3,0,0,9.566086,0
1,2018,5,23,4,0,0,0,3.595014,0
1,2018,5,23,4,1,0,0,3.595014,0
1,2018,5,23,4,2,0,0,6.287614,0
1,2018,5,23,4,3,0,0,22.01017,0
1,2018,5,23,5,0,0,0,16.642881,0
1,2018,5,23,5,1,0,0,8.781731,0
1,2018,5,23,5,2,0,0,17.831981,0
1,2018,5,23,5,3,0,0,7.888707,0
1,2018,5,23,6,0,0,0,12.200689,0
1,2018,5,23,6,1,0,0,11.822089,0
1,2018,5,23,6,2,0,0,12.737384,0
1,2018,5,23,6,3,0,0,5.688758,0
1,2018,5,23,7,0,0,0,10.22763,0
1,2018,5,23,7,1,0,0,10.991267,0
1,2018,5,23,7,2,0,0,12.16523,0
1,2018,5,23,7,3,0,0,15.293592,0
1,2018,5,23,8,0,0,0,8.917221,0
1,2018,5,23,8,1,0,0,7.113319,0
1,2018,5,23,8,2,0,0,17.898257,0
1,2018,5,23,8,3,0,0,17.651319,0
1,2018,5,23,9,0,0,0,10.268775,0
1,2018,5,23,9,1,0,0,11.211484,0
1,2018,5,23,9,2,0,0,25.703463,0
1,2018,5,23,9,3,0,0,26.229691,0
1,2018,5,23,10,0,0,0,19.811417,0
1,2018,5,23,10,1,0,0,21.178989,0
1,2018,5,23,10,2,0,0,31.494894,0
1,2018,5,23,10,3,0,0,35.816204,0
1,2018,5,23,11,0,0,0,40.76373,0
1,2018,5,23,11,1,0,0,36.90563,0
1,2018,5,23,11,2,0,0,37.463646,0
1,2018,5,23,11,3,0,0,27.260914,0
1,2018,5,23,12,0,0,0,19.455496,0
1,2018,5,23,12,1,0,0,22.890442,0
1,2018,5,23,12,2,0,0,20.232191,0
1,2018,5,23,12,3,0,0,30.743941,0
1,2018,5,23,13,0,0,0,35.048141,0
1,2018,5,23,13,1,0,0,20.413072,0
1,2018,5,23,13,2,0,0,30.638846,0
1,2018,5,23,13,3,0,0,42.716461,0
1,2018,5,23,14,0,0,0,38.903424,0
1,2018,5,23,14,1,0,0,26.929815,0
1,2018,5,23,14,2,0,0,23.14728,0
1,2018,5,23,14,3,0,0,28.116362,0
1,2018,5,23,15,0,0,0,32.706626,0
1,2018,5,23,15,1,0,0,26.938108,0
1,2018,5,23,15,2,0,0,31.341956,0
1,2018,5,23,15,3,0,0,24.360217,0
1,2018,5,23,16,0,0,0,14.60902,0
1,2018,5,23,16,1,0,0,17.356961,0
1,2018,5,23,16,2,0,0,23.837157,0
1,2018,5,23,16,3,0,0,33.079351,0
1,2018,5,23,17,0,0,0,29.631883,0
1,2018,5,23,17,1,0,0,28.853793,0
1,2018,5,23,17,2,0,0,17.77853,0
1,2018,5,23,17,3,0,0,16.855685,0
1,2018,5,23,18,0,0,0,28.356014,0
1,2018,5,23,18,1,0,0,27.025731,0
1,2018,5,23,18,2,0,0,21.374973,0
1,2018,5,23,18,3,0,0,7.658137,0
1,2018,5,23,19,0,0,0,19.321982,0
1,2018,5,23,19,1,0,0,13.731811,0
1,2018,5,23,19,2,0,0,11.238894,0
1,2018,5,23,19,3,0,0,16.706526,0
1,2018,5,23,20,0,0,0,21.302276,0
1,2018,5,23,20,1,0,0,22.776651,0
1,2018,5,23,20,2,0,0,22.590132,0
1,2018,5,23,20,3,0,0,15.113401,0
1,2018,5,23,21,0,0,0,14.739861,0
1,2018,5,23,21,1,0,0,15.471318,0
1,2018,5,23,21,2,0,0,13.983262,0
1,2018,5,23,21,3,0,0,20.626003,0
1,2018,5,23,22,0,0,0,19.287262,0
1,2018,5,23,22,1,0,0,15.227343,0
1,2018,5,23,22,2,0,0,9.571647,0
1,2018,5,23,22,3,0,0,6.006783,0
1,2018,5,23,23,0,0,0,8.387127,0
1,2018,5,23,23,1,0,0,8.753334,0
1,2018,5,23,23,2,0,0,6.189886,0
1,2018,5,23,23,3,0,0,6.006783,0
1,2018,5,24,0,0,0,0,10.377318,0
1,2018,5,24,0,1,0,0,10.295159,0
1,2018,5,24,0,2,0,0,11.530782,0
1,2018,5,24,0,3,0,0,15.753532,0
1,2018,5,24,1,0,0,0,7.31015,0
1,2018,5,24,1,1,0,0,3.247091,0
1,2018,5,24,1,2,0,0,15.998425,0
1,2018,5,24,1,3,0,0,20.965216,0
1,2018,5,24,2,0,0,0,3.956633,0
1,2018,5,24,2,1,0,0,4.455302,0
1,2018,5,24,2,2,0,0,13.050443,0
1,2018,5,24,2,3,0,0,23.435261,0
1,2018,5,24,3,0,0,0,11.322359,0
1,2018,5,24,3,1,0,0,3.247091,0
1,2018,5,24,3,2,0,0,3.247091,0
1,2018,5,24,3,3,0,0,3.247091,0
1,2018,5,24,4,0,0,0,3.247091,0
1,2018,5,24,4,1,0,0,4.020558,0
1,2018,5,24,4,2,0,0,9.048091,0
1,2018,5,24,4,3,0,0,15.462541,0
1,2018,5,24,5,0,0,0,9.329175,0
1,2018,5,24,5,1,0,0,4.617377,0
1,2018,5,24,5,2,0,0,7.673977,0
1,2018,5,24,5,3,0,0,8.74752,0
1,2018,5,24,6,0,0,0,4.485491,0
1,2018,5,24,6,1,0,0,9.804569,0
1,2018,5,24,6,2,0,0,23.371863,0
1,2018,5,24,6,3,0,0,12.83447,0
1,2018,5,24,7,0,0,0,9.701054,0
1,2018,5,24,7,1,0,0,17.904228,0
1,2018,5,24,7,2,0,0,24.235962,0
1,2018,5,24,7,3,0,0,14.294624,0
1,2018,5,24,8,0,0,0,11.717418,0
1,2018,5,24,8,1,0,0,10.973876,0
1,2018,5,24,8,2,0,0,13.128134,0
1,2018,5,24,8,3,0,0,9.614734,0
1,2018,5,24,9,0,0,0,10.00426,0
1,2018,5,24,9,1,0,0,14.132816,0
1,2018,5,24,9,2,0,0,22.884026,0
1,2018,5,24,9,3,0,0,30.547339,0
1,2018,5,24,10,0,0,0,24.341981,0
1,2018,5,24,10,1,0,0,26.131136,0
1,2018,5,24,10,2,0,0,31.11624,0
1,2018,5,24,10,3,0,0,30.682244,0
1,2018,5,24,11,0,0,0,33.157012,0
1,2018,5,24,11,1,0,0,24.397785,0
1,2018,5,24,11,2,0,0,20.346827,0
1,2018,5,24,11,3,0,0,28.24601,0
1,2018,5,24,12,0,0,0,33.437146,0
1,2018,5,24,12,1,0,0,41.637935,0
1,2018,5,24,12,2,0,0,42.672803,0
1,2018,5,24,12,3,0,0,26.608764,0
1,2018,5,24,13,0,0,0,27.319109,0
1,2018,5,24,13,1,0,0,17.012767,0
1,2018,5,24,13,2,0,0,18.834399,0
1,2018,5,24,13,3,0,0,27.825794,0
1,2018,5,24,14,0,0,0,23.732305,0
1,2018,5,24,14,1,0,0,9.390131,0
1,2018,5,24,14,2,0,0,10.93736,0
1,2018,5,24,14,3,0,0,33.516163,0
1,2018,5,24,15,0,0,0,33.412394,0
1,2018,5,24,15,1,0,0,19.470977,0
1,2018,5,24,15,2,0,0,17.262891,0
1,2018,5,24,15,3,0,0,9.706236,0
1,2018,5,24,16,0,0,0,13.754345,0
1,2018,5,24,16,1,0,0,11.713623,0
1,2018,5,24,16,2,0,0,20.968682,0
1,2018,5,24,16,3,0,0,21.049227,0
1,2018,5,24,17,0,0,0,23.063261,0
1,2018,5,24,17,1,0,0,24.801151,0
1,2018,5,24,17,2,0,0,26.792747,0
1,2018,5,24,17,3,0,0,15.224952,0
1,2018,5,24,18,0,0,0,6.937419,0
1,2018,5,24,18,1,0,0,6.542032,0
1,2018,5,24,18,2,0,0,7.537622,0
1,2018,5,24,18,3,0,0,14.405804,0
1,2018,5,24,19,0,0,0,16.07785,0
1,2018,5,24,19,1,0,0,24.526103,0
1,2018,5,24,19,2,0,0,29.195719,0
1,2018,5,24,19,3,0,0,31.818993,0
1,2018,5,24,20,0,0,0,23.648309,0
1,2018,5,24,20,1,0,0,15.704265,0
1,2018,5,24,20,2,0,0,16.655122,0
1,2018,5,24,20,3,0,0,17.697896,0
1,2018,5,24,21,0,0,0,22.285441,0
1,2018,5,24,21,1,0,0,31.483353,0
1,2018,5,24,21,2,0,0,30.852497,0
1,2018,5,24,21,3,0,0,14.1357,0
1,2018,5,24,22,0,0,0,5.66905,0
1,2018,5,24,22,1,0,0,4.03255,0
1,2018,5,24,22,2,0,0,4.03255,0
1,2018,5,24,22,3,0,0,4.03255,0
1,2018,5,24,23,0,0,0,10.579024,0
1,2018,5,24,23,1,0,0,15.337687,0
1,2018,5,24,23,2,0,0,5.435481,0
1,2018,5,24,23,3,0,0,3.400901,0
1,2018,5,25,0,0,0,0,3.400901,0
1,2018,5,25,0,1,0,0,3.400901,0
1,2018,5,25,0,2,0,0,6.065701,0
1,2018,5,25,0,3,0,0,7.398101,0
1,2018,5,25,1,0,0,0,3.400901,0
1,2018,5,25,1,1,0,0,8.836012,0
1,2018,5,25,1,2,0,0,11.94179,0
1,2018,5,25,1,3,0,0,10.79375,0
1,2018,5,25,2,0,0,0,11.32181,0
1,2018,5,25,2,1,0,0,5.513144,0
1,2018,5,25,2,2,0,0,3.400901,0
1,2018,5,25,2,3,0,0,3.400901,0
1,2018,5,25,3,0,0,0,3.400901,0
1,2018,5,25,3,1,0,0,3.400901,0
1,2018,5,25,3,2,0,0,3.400901,0
1,2018,5,25,3,3,0,0,3.400901,0
1,2018,5,25,4,0,0,0,8.263801,0
1,2018,5,25,4,1,0,0,13.821401,0
1,2018,5,25,4,2,0,0,10.598901,0
1,2018,5,25,4,3,0,0,7.501901,0
1,2018,5,25,5,0,0,0,7.501901,0
1,2018,5,25,5,1,0,0,10.05704,0
1,2018,5,25,5,2,0,0,5.774383,0
1,2018,5,25,5,3,0,0,5.060403,0
1,2018,5,25,6,0,0,0,6.017603,0
1,2018,5,25,6,1,0,0,6.098003,0
1,2018,5,25,6,2,0,0,5.118451,0
1,2018,5,25,6,3,0,0,9.449207,0
1,2018,5,25,7,0,0,0,8.033387,0
1,2018,5,25,7,1,0,0,10.254647,0
1,2018,5,25,7,2,0,0,13.055754,0
1,2018,5,25,7,3,0,0,11.805531,0
1,2018,5,25,8,0,0,0,9.239508,0
1,2018,5,25,8,1,0,0,21.98162,0
1,2018,5,25,8,2,0,0,33.182839,0
1,2018,5,25,8,3,0,0,31.302986,0
1,2018,5,25,9,0,0,0,23.191071,0
1,2018,5,25,9,1,0,0,15.347907,0
1,2018,5,25,9,2,0,0,13.404905,0
1,2018,5,25,9,3,0,0,14.574654,0
1,2018,5,25,10,0,0,0,28.106676,0
1,2018,5,25,10,1,0,0,20.47887,0
1,2018,5,25,10,2,0,0,26.659379,0
1,2018,5,25,10,3,0,0,22.502722,0
1,2018,5,25,11,0,0,0,12.391786,0
1,2018,5,25,11,1,0,0,1.770573,0
1,2018,5,25,11,2,0,0,23.907474,0
1,2018,5,25,11,3,0,0,33.088039,0
1,2018,5,25,12,0,0,0,42.899033,0
1,2018,5,25,12,1,0,0,29.234433,0
1,2018,5,25,12,2,0,0,10.280522,0
1,2018,5,25,12,3,0,0,14.598993,0
1,2018,5,25,13,0,0,0,28.057529,0
1,2018,5,25,13,1,0,0,26.558419,0
1,2018,5,25,13,2,0,0,12.642011,0
1,2018,5,25,13,3,0,0,16.251924,0
1,2018,5,25,14,0,0,0,35.162979,0
1,2018,5,25,14,1,0,0,19.903949,0
1,2018,5,25,14,2,0,0,11.835646,0
1,2018,5,25,14,3,0,0,24.034949,0
1,2018,5,25,15,0,0,0,34.209658,0
1,2018,5,25,15,1,0,0,20.239739,0
1,2018,5,25,15,2,0,0,24.305061,0
1,2018,5,25,15,3,0,0,15.034081,0
1,2018,5,25,16,0,0,0,11.009064,0
1,2018,5,25,16,1,0,0,23.48397,0
1,2018,5,25,16,2,0,0,31.811216,0
1,2018,5,25,16,3,0,0,40.06487,0
1,2018,5,25,17,0,0,0,36.504483,0
1,2018,5,25,17,1,0,0,33.229429,0
1,2018,5,25,17,2,0,0,8.576671,0
1,2018,5,25,17,3,0,0,7.216663,0
1,2018,5,25,18,0,0,0,11.821656,0
1,2018,5,25,18,1,0,0,9.608565,0
1,2018,5,25,18,2,0,0,18.351355,0
1,2018,5,25,18,3,0,0,17.960153,0
1,2018,5,25,19,0,0,0,12.233607,0
1,2018,5,25,19,1,0,0,28.592341,0
1,2018,5,25,19,2,0,0,26.181258,0
1,2018,5,25,19,3,0,0,13.276563,0
1,2018,5,25,20,0,0,0,10.875361,0
1,2018,5,25,20,1,0,0,10.006064,0
1,2018,5,25,20,2,0,0,27.891842,0
1,2018,5,25,20,3,0,0,44.736748,0
1,2018,5,25,21,0,0,0,26.754613,0
1,2018,5,25,21,1,0,0,24.051027,0
1,2018,5,25,21,2,0,0,30.274877,0
1,2018,5,25,21,3,0,0,27.87509,0
1,2018,5,25,22,0,0,0,24.613589,0
1,2018,5,25,22,1,0,0,20.33056,0
1,2018,5,25,22,2,0,0,6.874628,0
1,2018,5,25,22,3,0,0,13.807439,0
1,2018,5,25,23,0,0,0,15.924208,0
1,2018,5,25,23,1,0,0,23.766933,0
1,2018,5,25,23,2,0,0,14.457363,0
1,2018,5,25,23,3,0,0,11.412705,0
1,2018,5,26,0,0,0,0,20.43999,0
1,2018,5,26,0,1,0,0,2.643848,0
1,2018,5,26,0,2,0,0,2.643848,0
1,2018,5,26,0,3,0,0,9.490276,0
1,2018,5,26,1,0,0,0,6.447419,0
1,2018,5,26,1,1,0,0,2.643848,0
1,2018,5,26,1,2,0,0,2.643848,0
1,2018,5,26,1,3,0,0,11.675318,0
1,2018,5,26,2,0,0,0,20.983653,0
1,2018,5,26,2,1,0,0,11.165951,0
1,2018,5,26,2,2,0,0,2.316227,0
1,2018,5,26,2,3,0,0,2.316227,0
1,2018,5,26,3,0,0,0,2.328451,0
1,2018,5,26,3,1,0,0,2.377344,0
1,2018,5,26,3,2,0,0,2.208448,0
1,2018,5,26,3,3,0,0,4.153605,0
1,2018,5,26,4,0,0,0,22.758937,0
1,2018,5,26,4,1,0,0,30.237692,0
1,2018,5,26,4,2,0,0,20.93243,0
1,2018,5,26,4,3,0,0,6.82649,0
1,2018,5,26,5,0,0,0,7.985418,0
1,2018,5,26,5,1,0,0,15.056455,0
1,2018,5,26,5,2,0,0,17.330219,0
1,2018,5,26,5,3,0,0,2.147031,0
1,2018,5,26,6,0,0,0,2.147031,0
1,2018,5,26,6,1,0,0,2.147031,0
1,2018,5,26,6,2,0,0,2.147031,0
1,2018,5,26,6,3,0,0,2.147031,0
1,2018,5,26,7,0,0,0,7.767915,0
1,2018,5,26,7,1,0,0,16.898277,0
1,2018,5,26,7,2,0,0,11.51355,0
1,2018,5,26,7,3,0,0,7.381348,0
1,2018,5,26,8,0,0,0,5.774936,0
1,2018,5,26,8,1,0,0,10.540957,0
1,2018,5,26,8,2,0,0,10.64216,0
1,2018,5,26,8,3,0,0,10.091677,0
1,2018,5,26,9,0,0,0,5.147833,0
1,2018,5,26,9,1,0,0,14.240751,0
1,2018,5,26,9,2,0,0,27.195345,0
1,2018,5,26,9,3,0,0,14.031325,0
1,2018,5,26,10,0,0,0,21.122541,0
1,2018,5,26,10,1,0,0,31.59287,0
1,2018,5,26,10,2,0,0,16.29213,0
1,2018,5,26,10,3,0,0,16.168473,0
1,2018,5,26,11,0,0,0,18.864345,0
1,2018,5,26,11,1,0,0,19.885857,0
1,2018,5,26,11,2,0,0,15.232781,0
1,2018,5,26,11,3,0,0,30.785046,0
1,2018,5,26,12,0,0,0,32.291619,0
1,2018,5,26,12,1,0,0,31.583682,0
1,2018,5,26,12,2,0,0,9.122996,0
1,2018,5,26,12,3,0,0,23.920485,0
1,2018,5,26,13,0,0,0,11.53749,0
1,2018,5,26,13,1,0,0,17.701312,0
1,2018,5,26,13,2,0,0,28.065101,0
1,2018,5,26,13,3,0,0,29.73718,0
1,2018,5,26,14,0,0,0,9.649421,0
1,2018,5,26,14,1,0,0,22.887835,0
1,2018,5,26,14,2,0,0,35.791735,0
1,2018,5,26,14,3,0,0,16.330617,0
1,2018,5,26,15,0,0,0,22.098693,0
1,2018,5,26,15,1,0,0,18.630496,0
1,2018,5,26,15,2,0,0,19.95668,0
1,2018,5,26,15,3,0,0,6.657547,0
1,2018,5,26,16,0,0,0,16.213374,0
1,2018,5,26,16,1,0,0,17.911803,0
1,2018,5,26,16,2,0,0,23.87791,0
1,2018,5,26,16,3,0,0,33.530497,0
1,2018,5,26,17,0,0,0,37.022255,0
1,2018,5,26,17,1,0,0,18.485508,0
1,2018,5,26,17,2,0,0,14.336771,0
1,2018,5,26,17,3,0,0,16.128421,0
1,2018,5,26,18,0,0,0,22.155493,0
1,2018,5,26,18,1,0,0,10.8887,0
1,2018,5,26,18,2,0,0,18.862738,0
1,2018,5,26,18,3,0,0,8.259634,0
1,2018,5,26,19,0,0,0,13.680001,0
1,2018,5,26,19,1,0,0,36.521158,0
1,2018,5,26,19,2,0,0,24.933801,0
1,2018,5,26,19,3,0,0,29.001285,0
1,2018,5,26,20,0,0,0,34.531216,0
1,2018,5,26,20,1,0,0,19.94603,0
1,2018,5,26,20,2,0,0,11.247071,0
1,2018,5,26,20,3,0,0,44.445355,0
1,2018,5,26,21,0,0,0,36.64075,0
1,2018,5,26,21,1,0,0,39.461455,0
1,2018,5,26,21,2,0,0,33.520132,0
1,2018,5,26,21,3,0,0,38.414575,0
1,2018,5,26,22,0,0,0,27.847667,0
1,2018,5,26,22,1,0,0,17.830091,0
1,2018,5,26,22,2,0,0,35.426567,0
1,2018,5,26,22,3,0,0,7.353067,0
1,2018,5,26,23,0,0,0,9.898072,0
1,2018,5,26,23,1,0,0,9.888033,0
1,2018,5,26,23,2,0,0,19.968364,0
1,2018,5,26,23,3,0,0,26.363552,0
1,2018,5,27,0,0,0,0,11.930191,0
1,2018,5,27,0,1,0,0,10.192461,0
1,2018,5,27,0,2,0,0,19.743404,0
1,2018,5,27,0,3,0,0,17.787227,0
1,2018,5,27,1,0,0,0,18.413096,0
1,2018,5,27,1,1,0,0,9.945785,0
1,2018,5,27,1,2,0,0,10.496836,0
1,2018,5,27,1,3,0,0,15.797274,0
1,2018,5,27,2,0,0,0,28.802685,0
1,2018,5,27,2,1,0,0,20.859969,0
1,2018,5,27,2,2,0,0,20.416195,0
1,2018,5,27,2,3,0,0,11.953128,0
1,2018,5,27,3,0,0,0,26.60239,0
1,2018,5,27,3,1,0,0,12.142143,0
1,2018,5,27,3,2,0,0,10.926347,0
1,2018,5,27,3,3,0,0,20.180713,0
1,2018,5,27,4,0,0,0,22.790979,0
1,2018,5,27,4,1,0,0,9.831658,0
1,2018,5,27,4,2,0,0,21.764012,0
1,2018,5,27,4,3,0,0,12.128969,0
1,2018,5,27,5,0,0,0,30.216206,0
1,2018,5,27,5,1,0,0,37.347578,0
1,2018,5,27,5,2,0,0,20.767728,0
1,2018,5,27,5,3,0,0,14.813766,0
1,2018,5,27,6,0,0,0,14.912493,0
1,2018,5,27,6,1,0,0,14.956026,0
1,2018,5,27,6,2,0,0,9.115507,0
1,2018,5,27,6,3,0,0,10.372271,0
1,2018,5,27,7,0,0,0,11.574035,0
1,2018,5,27,7,1,0,0,6.745372,0
1,2018,5,27,7,2,0,0,3.02045,0
1,2018,5,27,7,3,0,0,7.306165,0
1,2018,5,27,8,0,0,0,22.902073,0
1,2018,5,27,8,1,0,0,29.542769,0
1,2018,5,27,8,2,0,0,22.777521,0
1,2018,5,27,8,3,0,0,11.699438,0
1,2018,5,27,9,0,0,0,6.414329,0
1,2018,5,27,9,1,0,0,13.730719,0
1,2018,5,27,9,2,0,0,14.299281,0
1,2018,5,27,9,3,0,0,10.421319,0
1,2018,5,27,10,0,0,0,3.93378,0
1,2018,5,27,10,1,0,0,3.671143,0
1,2018,5,27,10,2,0,0,11.77315,0
1,2018,5,27,10,3,0,0,26.337706,0
1,2018,5,27,11,0,0,0,37.329708,0
1,2018,5,27,11,1,0,0,22.833643,0
1,2018,5,27,11,2,0,0,8.507381,0
1,2018,5,27,11,3,0,0,5.443758,0
1,2018,5,27,12,0,0,0,12.27672,0
1,2018,5,27,12,1,0,0,20.61257,0
1,2018,5,27,12,2,0,0,18.787139,0
1,2018,5,27,12,3,0,0,9.970919,0
1,2018,5,27,13,0,0,0,9.351492,0
1,2018,5,27,13,1,0,0,10.422578,0
1,2018,5,27,13,2,0,0,15.710056,0
1,2018,5,27,13,3,0,0,6.715671,0
1,2018,5,27,14,0,0,0,4.420044,0
1,2018,5,27,14,1,0,0,20.072326,0
1,2018,5,27,14,2,0,0,31.124389,0
1,2018,5,27,14,3,0,0,32.915079,0
1,2018,5,27,15,0,0,0,25.321178,0
1,2018,5,27,15,1,0,0,24.600554,0
1,2018,5,27,15,2,0,0,15.016759,0
1,2018,5,27,15,3,0,0,17.671589,0
1,2018,5,27,16,0,0,0,35.458976,0
1,2018,5,27,16,1,0,0,40.155639,0
1,2018,5,27,16,2,0,0,39.550651,0
1,2018,5,27,16,3,0,0,34.73293,0
1,2018,5,27,17,0,0,0,33.020646,0
1,2018,5,27,17,1,0,0,35.11985,0
1,2018,5,27,17,2,0,0,7.84383,0
1,2018,5,27,17,3,0,0,8.582016,0
1,2018,5,27,18,0,0,0,5.24282,0
1,2018,5,27,18,1,0,0,4.729098,0
1,2018,5,27,18,2,0,0,4.729098,0
1,2018,5,27,18,3,0,0,4.439416,0
1,2018,5,27,19,0,0,0,19.085349,0
1,2018,5,27,19,1,0,0,35.905588,0
1,2018,5,27,19,2,0,0,17.520444,0
1,2018,5,27,19,3,0,0,14.165426,0
1,2018,5,27,20,0,0,0,15.264367,0
1,2018,5,27,20,1,0,0,10.314552,0
1,2018,5,27,20,2,0,0,26.135565,0
1,2018,5,27,20,3,0,0,30.773475,0
1,2018,5,27,21,0,0,0,34.619697,0
1,2018,5,27,21,1,0,0,30.273471,0
1,2018,5,27,21,2,0,0,16.87214,0
1,2018,5,27,21,3,0,0,19.548155,0
1,2018,5,27,22,0,0,0,14.220888,0
1,2018,5,27,22,1,0,0,8.370823,0
1,2018,5,27,22,2,0,0,3.88137,0
1,2018,5,27,22,3,0,0,14.709872,0
1,2018,5,27,23,0,0,0,10.938152,0
1,2018,5,27,23,1,0,0,1.088593,0
1,2018,5,27,23,2,0,0,1.23293,0
1,2018,5,27,23,3,0,0,1.23293,0
1,2018,5,28,0,0,0,0,1.23293,0
1,2018,5,28,0,1,0,0,9.233281,0
1,2018,5,28,0,2,0,0,10.833456,0
1,2018,5,28,0,3,0,0,16.605587,0
1,2018,5,28,1,0,0,0,3.545978,0
1,2018,5,28,1,1,0,0,2.795988,0
1,2018,5,28,1,2,0,0,2.901404,0
1,2018,5,28,1,3,0,0,3.504197,0
1,2018,5,28,2,0,0,0,11.943301,0
1,2018,5,28,2,1,0,0,10.737715,0
1,2018,5,28,2,2,0,0,2.901404,0
1,2018,5,28,2,3,0,0,5.77696,0
1,2018,5,28,3,0,0,0,6.495849,0
1,2018,5,28,3,1,0,0,4.523044,0
1,2018,5,28,3,2,0,0,8.982552,0
1,2018,5,28,3,3,0,0,8.982552,0
1,2018,5,28,4,0,0,0,20.88248,0
1,2018,5,28,4,1,0,0,23.537987,0
1,2018,5,28,4,2,0,0,9.441132,0
1,2018,5,28,4,3,0,0,11.893972,0
1,2018,5,28,5,0,0,0,8.51336,0
1,2018,5,28,5,1,0,0,5.942532,0
1,2018,5,28,5,2,0,0,3.944418,0
1,2018,5,28,5,3,0,0,2.345638,0
1,2018,5,28,6,0,0,0,2.345638,0
1,2018,5,28,6,1,0,0,2.345638,0
1,2018,5,28,6,2,0,0,17.47195,0
1,2018,5,28,6,3,0,0,7.262602,0
1,2018,5,28,7,0,0,0,2.304621,0
1,2018,5,28,7,1,0,0,2.871642,0
1,2018,5,28,7,2,0,0,7.135286,0
1,2018,5,28,7,3,0,0,11.566695,0
1,2018,5,28,8,0,0,0,14.865132,0
1,2018,5,28,8,1,0,0,15.963512,0
1,2018,5,28,8,2,0,0,23.64979,0
1,2018,5,28,8,3,0,0,19.062029,0
1,2018,5,28,9,0,0,0,18.077357,0
1,2018,5,28,9,1,0,0,18.051094,0
1,2018,5,28,9,2,0,0,10.47009,0
1,2018,5,28,9,3,0,0,11.132614,0
1,2018,5,28,10,0,0,0,13.70252,0
1,2018,5,28,10,1,0,0,14.195335,0
1,2018,5,28,10,2,0,0,21.892907,0
1,2018,5,28,10,3,0,0,29.750539,0
1,2018,5,28,11,0,0,0,14.722706,0
1,2018,5,28,11,1,0,0,9.331514,0
1,2018,5,28,11,2,0,0,8.499976,0
1,2018,5,28,11,3,0,0,7.564032,0
1,2018,5,28,12,0,0,0,15.467758,0
1,2018,5,28,12,1,0,0,31.855342,0
1,2018,5,28,12,2,0,0,14.319608,0
1,2018,5,28,12,3,0,0,17.39826,0
1,2018,5,28,13,0,0,0,20.833346,0
1,2018,5,28,13,1,0,0,20.015911,0
1,2018,5,28,13,2,0,0,16.72772,0
1,2018,5,28,13,3,0,0,15.382588,0
1,2018,5,28,14,0,0,0,13.513331,0
1,2018,5,28,14,1,0,0,16.805943,0
1,2018,5,28,14,2,0,0,26.269944,0
1,2018,5,28,14,3,0,0,26.595325,0
1,2018,5,28,15,0,0,0,21.615244,0
1,2018,5,28,15,1,0,0,17.928552,0
1,2018,5,28,15,2,0,0,15.85434,0
1,2018,5,28,15,3,0,0,21.919036,0
1,2018,5,28,16,0,0,0,32.880503,0
1,2018,5,28,16,1,0,0,30.352058,0
1,2018,5,28,16,2,0,0,26.460401,0
1,2018,5,28,16,3,0,0,29.219597,0
1,2018,5,28,17,0,0,0,28.129916,0
1,2018,5,28,17,1,0,0,19.228806,0
1,2018,5,28,17,2,0,0,14.666808,0
1,2018,5,28,17,3,0,0,34.324772,0
1,2018,5,28,18,0,0,0,25.762127,0
1,2018,5,28,18,1,0,0,16.401532,0
1,2018,5,28,18,2,0,0,5.221328,0
1,2018,5,28,18,3,0,0,4.947616,0
1,2018,5,28,19,0,0,0,8.579173,0
1,2018,5,28,19,1,0,0,20.447031,0
1,2018,5,28,19,2,0,0,12.550403,0
1,2018,5,28,19,3,0,0,12.863932,0
1,2018,5,28,20,0,0,0,31.232102,0
1,2018,5,28,20,1,0,0,14.726239,0
1,2018,5,28,20,2,0,0,15.617222,0
1,2018,5,28,20,3,0,0,8.333982,0
1,2018,5,28,21,0,0,0,13.754204,0
1,2018,5,28,21,1,0,0,18.013586,0
1,2018,5,28,21,2,0,0,17.570701,0
1,2018,5,28,21,3,0,0,9.093909,0
1,2018,5,28,22,0,0,0,9.014007,0
1,2018,5,28,22,1,0,0,9.014007,0
1,2018,5,28,22,2,0,0,13.849607,0
1,2018,5,28,22,3,0,0,14.059141,0
1,2018,5,28,23,0,0,0,7.00555,0
1,2018,5,28,23,1,0,0,18.652405,0
1,2018,5,28,23,2,0,0,19.635381,0
1,2018,5,28,23,3,0,0,18.24778,0
1,2018,5,29,0,0,0,0,13.07385,0
1,2018,5,29,0,1,0,0,4.280791,0
1,2018,5,29,0,2,0,0,2.929846,0
1,2018,5,29,0,3,0,0,9.056684,0
1,2018,5,29,1,0,0,0,9.056684,0
1,2018,5,29,1,1,0,0,4.128684,0
1,2018,5,29,1,2,0,0,9.12335,0
1,2018,5,29,1,3,0,0,13.274461,0
1,2018,5,29,2,0,0,0,4.972239,0
1,2018,5,29,2,1,0,0,2.896684,0
1,2018,5,29,2,2,0,0,2.896684,0
1,2018,5,29,2,3,0,0,2.896684,0
1,2018,5,29,3,0,0,0,2.896684,0
1,2018,5,29,3,1,0,0,2.896684,0
1,2018,5,29,3,2,0,0,2.896684,0
1,2018,5,29,3,3,0,0,2.896684,0
1,2018,5,29,4,0,0,0,3.726684,0
1,2018,5,29,4,1,0,0,4.356684,0
1,2018,5,29,4,2,0,0,7.087572,0
1,2018,5,29,4,3,0,0,7.872795,0
1,2018,5,29,5,0,0,0,5.447284,0
1,2018,5,29,5,1,0,0,8.362255,0
1,2018,5,29,5,2,0,0,9.550084,0
1,2018,5,29,5,3,0,0,5.108112,0
1,2018,5,29,6,0,0,0,9.824068,0
1,2018,5,29,6,1,0,0,10.265914,0
1,2018,5,29,6,2,0,0,13.031282,0
1,2018,5,29,6,3,0,0,12.351547,0
1,2018,5,29,7,0,0,0,3.916788,0
1,2018,5,29,7,1,0,0,7.67417,0
1,2018,5,29,7,2,0,0,9.348613,0
1,2018,5,29,7,3,0,0,8.970374,0
1,2018,5,29,8,0,0,0,3.780733,0
1,2018,5,29,8,1,0,0,7.127383,0
1,2018,5,29,8,2,0,0,17.129614,0
1,2018,5,29,8,3,0,0,25.653473,0
1,2018,5,29,9,0,0,0,31.325354,0
1,2018,5,29,9,1,0,0,21.81552,0
1,2018,5,29,9,2,0,0,25.391571,0
1,2018,5,29,9,3,0,0,26.190673,0
1,2018,5,29,10,0,0,0,20.779241,0
1,2018,5,29,10,1,0,0,19.064913,0
1,2018,5,29,10,2,0,0,27.056373,0
1,2018,5,29,10,3,0,0,22.811872,0
1,2018,5,29,11,0,0,0,27.593527,0
1,2018,5,29,11,1,0,0,29.877354,0
1,2018,5,29,11,2,0,0,42.292541,0
1,2018,5,29,11,3,0,0,38.171938,0
1,2018,5,29,12,0,0,0,24.857448,0
1,2018,5,29,12,1,0,0,14.499549,0
1,2018,5,29,12,2,0,0,22.898086,0
1,2018,5,29,12,3,0,0,33.914484,0
1,2018,5,29,13,0,0,0,18.455283,0
1,2018,5,29,13,1,0,0,29.453726,0
1,2018,5,29,13,2,0,0,40.122984,0
1,2018,5,29,13,3,0,0,29.412705,0
1,2018,5,29,14,0,0,0,21.145043,0
1,2018,5,29,14,1,0,0,21.493357,0
1,2018,5,29,14,2,0,0,26.496631,0
1,2018,5,29,14,3,0,0,36.350876,0
1,2018,5,29,15,0,0,0,29.431939,0
1,2018,5,29,15,1,0,0,24.868228,0
1,2018,5,29,15,2,0,0,25.220608,0
1,2018,5,29,15,3,0,0,48.15175,0
1,2018,5,29,16,0,0,0,25.946063,0
1,2018,5,29,16,1,0,0,30.325398,0
1,2018,5,29,16,2,0,0,20.278578,0
1,2018,5,29,16,3,0,0,25.764093,0
1,2018,5,29,17,0,0,0,26.783509,0
1,2018,5,29,17,1,0,0,25.00138,0
1,2018,5,29,17,2,0,0,13.971422,0
1,2018,5,29,17,3,0,0,3.09124,0
1,2018,5,29,18,0,0,0,21.641135,0
1,2018,5,29,18,1,0,0,34.672083,0
1,2018,5,29,18,2,0,0,12.674933,0
1,2018,5,29,18,3,0,0,10.312837,0
1,2018,5,29,19,0,0,0,8.101744,0
1,2018,5,29,19,1,0,0,13.612933,0
1,2018,5,29,19,2,0,0,15.144178,0
1,2018,5,29,19,3,0,0,18.888924,0
1,2018,5,29,20,0,0,0,15.351674,0
1,2018,5,29,20,1,0,0,14.376766,0
1,2018,5,29,20,2,0,0,31.693369,0
1,2018,5,29,20,3,0,0,26.826871,0
1,2018,5,29,21,0,0,0,9.541185,0
1,2018,5,29,21,1,0,0,4.528226,0
1,2018,5,29,21,2,0,0,5.182766,0
1,2018,5,29,21,3,0,0,4.321405,0
1,2018,5,29,22,0,0,0,6.168996,0
1,2018,5,29,22,1,0,0,11.588587,0
1,2018,5,29,22,2,0,0,9.322882,0
1,2018,5,29,22,3,0,0,7.239372,0
1,2018,5,29,23,0,0,0,9.739927,0
1,2018,5,29,23,1,0,0,6.663927,0
1,2018,5,29,23,2,0,0,5.115927,0
1,2018,5,29,23,3,0,0,2.019927,0
1,2018,5,30,0,0,0,0,2.019927,0
1,2018,5,30,0,1,0,0,2.019927,0
1,2018,5,30,0,2,0,0,2.019927,0
1,2018,5,30,0,3,0,0,2.019927,0
1,2018,5,30,1,0,0,0,2.019927,0
1,2018,5,30,1,1,0,0,6.048448,0
1,2018,5,30,1,2,0,0,7.513365,0
1,2018,5,30,1,3,0,0,7.513365,0
1,2018,5,30,2,0,0,0,4.583531,0
1,2018,5,30,2,1,0,0,2.019927,0
1,2018,5,30,2,2,0,0,2.019927,0
1,2018,5,30,2,3,0,0,2.019927,0
1,2018,5,30,3,0,0,0,7.489362,0
1,2018,5,30,3,1,0,0,13.740145,0
1,2018,5,30,3,2,0,0,2.801275,0
1,2018,5,30,3,3,0,0,2.019927,0
1,2018,5,30,4,0,0,0,2.019927,0
1,2018,5,30,4,1,0,0,2.019927,0
1,2018,5,30,4,2,0,0,5.87071,0
1,2018,5,30,4,3,0,0,9.240145,0
1,2018,5,30,5,0,0,0,2.019927,0
1,2018,5,30,5,1,0,0,2.019927,0
1,2018,5,30,5,2,0,0,5.392745,0
1,2018,5,30,5,3,0,0,5.898109,0
1,2018,5,30,6,0,0,0,2.638109,0
1,2018,5,30,6,1,0,0,5.687398,0
1,2018,5,30,6,2,0,0,7.308216,0
1,2018,5,30,6,3,0,0,5.86225,0
1,2018,5,30,7,0,0,0,6.662223,0
1,2018,5,30,7,1,0,0,15.743035,0
1,2018,5,30,7,2,0,0,19.374055,0
1,2018,5,30,7,3,0,0,25.343005,0
1,2018,5,30,8,0,0,0,20.420706,0
1,2018,5,30,8,1,0,0,17.440313,0
1,2018,5,30,8,2,0,0,4.730935,0
1,2018,5,30,8,3,0,0,6.892732,0
1,2018,5,30,9,0,0,0,16.763492,0
1,2018,5,30,9,1,0,0,32.750107,0
1,2018,5,30,9,2,0,0,36.31474,0
1,2018,5,30,9,3,0,0,35.148174,0
1,2018,5,30,10,0,0,0,22.199569,0
1,2018,5,30,10,1,0,0,12.47066,0
1,2018,5,30,10,2,0,0,10.815853,0
1,2018,5,30,10,3,0,0,12.504548,0
1,2018,5,30,11,0,0,0,14.406233,0
1,2018,5,30,11,1,0,0,27.887914,0
1,2018,5,30,11,2,0,0,19.842563,0
1,2018,5,30,11,3,0,0,18.078301,0
1,2018,5,30,12,0,0,0,22.672503,0
1,2018,5,30,12,1,0,0,54.06368,0
1,2018,5,30,12,2,0,0,53.184362,0
1,2018,5,30,12,3,0,0,34.096345,0
1,2018,5,30,13,0,0,0,12.242267,0
1,2018,5,30,13,1,0,0,23.984798,0
1,2018,5,30,13,2,0,0,41.689286,0
1,2018,5,30,13,3,0,0,24.326341,0
1,2018,5,30,14,0,0,0,26.715327,0
1,2018,5,30,14,1,0,0,20.975822,0
1,2018,5,30,14,2,0,0,17.334775,0
1,2018,5,30,14,3,0,0,10.333767,0
1,2018,5,30,15,0,0,0,8.17703,0
1,2018,5,30,15,1,0,0,13.803808,0
1,2018,5,30,15,2,0,0,18.561815,0
1,2018,5,30,15,3,0,0,46.384666,0
1,2018,5,30,16,0,0,0,21.220242,0
1,2018,5,30,16,1,0,0,14.796213,0
1,2018,5,30,16,2,0,0,26.067812,0
1,2018,5,30,16,3,0,0,21.742796,0
1,2018,5,30,17,0,0,0,23.190842,0
1,2018,5,30,17,1,0,0,41.921535,0
1,2018,5,30,17,2,0,0,24.140528,0
1,2018,5,30,17,3,0,0,30.500478,0
1,2018,5,30,18,0,0,0,21.485142,0
1,2018,5,30,18,1,0,0,19.518635,0
1,2018,5,30,18,2,0,0,9.657221,0
1,2018,5,30,18,3,0,0,14.509132,0
1,2018,5,30,19,0,0,0,22.861019,0
1,2018,5,30,19,1,0,0,17.681257,0
1,2018,5,30,19,2,0,0,5.937567,0
1,2018,5,30,19,3,0,0,5.47161,0
1,2018,5,30,20,0,0,0,7.998994,0
1,2018,5,30,20,1,0,0,11.158225,0
1,2018,5,30,20,2,0,0,4.868638,0
1,2018,5,30,20,3,0,0,18.808102,0
1,2018,5,30,21,0,0,0,28.779241,0
1,2018,5,30,21,1,0,0,10.536324,0
1,2018,5,30,21,2,0,0,12.442411,0
1,2018,5,30,21,3,0,0,9.182602,0
1,2018,5,30,22,0,0,0,11.195187,0
1,2018,5,30,22,1,0,0,10.292084,0
1,2018,5,30,22,2,0,0,11.717537,0
1,2018,5,30,22,3,0,0,23.240602,0
1,2018,5,30,23,0,0,0,8.343974,0
1,2018,5,30,23,1,0,0,8.47909,0
1,2018,5,30,23,2,0,0,13.077162,0
1,2018,5,30,23,3,0,0,9.443948,0
1,2018,5,31,0,0,0,0,13.887565,0
1,2018,5,31,0,1,0,0,5.099604,0
1,2018,5,31,0,2,0,0,8.322316,0
1,2018,5,31,0,3,0,0,25.027239,0
1,2018,5,31,1,0,0,0,13.654008,0
1,2018,5,31,1,1,0,0,10.552378,0
1,2018,5,31,1,2,0,0,9.96033,0
1,2018,5,31,1,3,0,0,4.039854,0
1,2018,5,31,2,0,0,0,4.039854,0
1,2018,5,31,2,1,0,0,4.039854,0
1,2018,5,31,2,2,0,0,7.3437,0
1,2018,5,31,2,3,0,0,9.326008,0
1,2018,5,31,3,0,0,0,4.039854,0
1,2018,5,31,3,1,0,0,4.039854,0
1,2018,5,31,3,2,0,0,11.798945,0
1,2018,5,31,3,3,0,0,7.660763,0
1,2018,5,31,4,0,0,0,4.039854,0
1,2018,5,31,4,1,0,0,4.039854,0
1,2018,5,31,4,2,0,0,4.039854,0
1,2018,5,31,4,3,0,0,10.126115,0
1,2018,5,31,5,0,0,0,8.721593,0
1,2018,5,31,5,1,0,0,4.608426,0
1,2018,5,31,5,2,0,0,5.461283,0
1,2018,5,31,5,3,0,0,9.536854,0
1,2018,5,31,6,0,0,0,10.911104,0
1,2018,5,31,6,1,0,0,12.340189,0
1,2018,5,31,6,2,0,0,13.428139,0
1,2018,5,31,6,3,0,0,16.052167,0
1,2018,5,31,7,0,0,0,16.814401,0
1,2018,5,31,7,1,0,0,18.981482,0
1,2018,5,31,7,2,0,0,16.034869,0
1,2018,5,31,7,3,0,0,5.388422,0
1,2018,5,31,8,0,0,0,8.363712,0
1,2018,5,31,8,1,0,0,4.691356,0
1,2018,5,31,8,2,0,0,5.343695,0
1,2018,5,31,8,3,0,0,7.213117,0
1,2018,5,31,9,0,0,0,27.998002,0
1,2018,5,31,9,1,0,0,41.01173,0
1,2018,5,31,9,2,0,0,38.083687,0
1,2018,5,31,9,3,0,0,33.220592,0
1,2018,5,31,10,0,0,0,22.61935,0
1,2018,5,31,10,1,0,0,30.205821,0
1,2018,5,31,10,2,0,0,31.698697,0
1,2018,5,31,10,3,0,0,20.815467,0
1,2018,5,31,11,0,0,0,16.837927,0
1,2018,5,31,11,1,0,0,11.353417,0
1,2018,5,31,11,2,0,0,23.172576,0
1,2018,5,31,11,3,0,0,19.79692,0
1,2018,5,31,12,0,0,0,27.830572,0
1,2018,5,31,12,1,0,0,31.013212,0
1,2018,5,31,12,2,0,0,29.037022,0
1,2018,5,31,12,3,0,0,32.734208,0
1,2018,5,31,13,0,0,0,35.381993,0
1,2018,5,31,13,1,0,0,40.702299,0
1,2018,5,31,13,2,0,0,45.528829,0
1,2018,5,31,13,3,0,0,32.318497,0
1,2018,5,31,14,0,0,0,25.34746,0
1,2018,5,31,14,1,0,0,15.854136,0
1,2018,5,31,14,2,0,0,12.796851,0
1,2018,5,31,14,3,0,0,9.696542,0
1,2018,5,31,15,0,0,0,27.322234,0
1,2018,5,31,15,1,0,0,24.287336,0
1,2018,5,31,15,2,0,0,8.107756,0
1,2018,5,31,15,3,0,0,10.702725,0
1,2018,5,31,16,0,0,0,22.053638,0
1,2018,5,31,16,1,0,0,21.73605,0
1,2018,5,31,16,2,0,0,15.329525,0
1,2018,5,31,16,3,0,0,10.512781,0
1,2018,5,31,17,0,0,0,29.967169,0
1,2018,5,31,17,1,0,0,27.235859,0
1,2018,5,31,17,2,0,0,25.876504,0
1,2018,5,31,17,3,0,0,24.891564,0
1,2018,5,31,18,0,0,0,13.927118,0
1,2018,5,31,18,1,0,0,4.429127,0
1,2018,5,31,18,2,0,0,20.116853,0
1,2018,5,31,18,3,0,0,22.469048,0
1,2018,5,31,19,0,0,0,20.305353,0
1,2018,5,31,19,1,0,0,22.325685,0
1,2018,5,31,19,2,0,0,16.064532,0
1,2018,5,31,19,3,0,0,16.565723,0
1,2018,5,31,20,0,0,0,15.221359,0
1,2018,5,31,20,1,0,0,13.255624,0
1,2018,5,31,20,2,0,0,21.678508,0
1,2018,5,31,20,3,0,0,25.653229,0
1,2018,5,31,21,0,0,0,28.108273,0
1,2018,5,31,21,1,0,0,43.202752,0
1,2018,5,31,21,2,0,0,43.105644,0
1,2018,5,31,21,3,0,0,24.753067,0
1,2018,5,31,22,0,0,0,13.382384,0
1,2018,5,31,22,1,0,0,14.759475,0
1,2018,5,31,22,2,0,0,13.386141,0
1,2018,5,31,22,3,0,0,8.163946,0
1,2018,5,31,23,0,0,0,10.678782,0
1,2018,5,31,23,1,0,0,13.781873,0
1,2018,5,31,23,2,0,0,22.353797,0
1,2018,5,31,23,3,0,0,12.938097,0
1,2018,6,1,0,0,0,0,4.880884,0
1,2018,6,1,0,1,0,0,14.813172,0
1,2018,6,1,0,2,0,0,9.776509,0
1,2018,6,1,0,3,0,0,14.874058,0
1,2018,6,1,1,0,0,0,15.921308,0
1,2018,6,1,1,1,0,0,3.448183,0
1,2018,6,1,1,2,0,0,3.448183,0
1,2018,6,1,1,3,0,0,3.448183,0
1,2018,6,1,2,0,0,0,3.448183,0
1,2018,6,1,2,1,0,0,6.556331,0
1,2018,6,1,2,2,0,0,10.167294,0
1,2018,6,1,2,3,0,0,11.687257,0
1,2018,6,1,3,0,0,0,10.133183,0
1,2018,6,1,3,1,0,0,5.23085,0
1,2018,6,1,3,2,0,0,3.448183,0
1,2018,6,1,3,3,0,0,3.448183,0
1,2018,6,1,4,0,0,0,3.448183,0
1,2018,6,1,4,1,0,0,11.41885,0
1,2018,6,1,4,2,0,0,5.309274,0
1,2018,6,1,4,3,0,0,13.136365,0
1,2018,6,1,5,0,0,0,13.136365,0
1,2018,6,1,5,1,0,0,9.514175,0
1,2018,6,1,5,2,0,0,4.585893,0
1,2018,6,1,5,3,0,0,6.004928,0
1,2018,6,1,6,0,0,0,17.126199,0
1,2018,6,1,6,1,0,0,30.431988,0
1,2018,6,1,6,2,0,0,16.185613,0
1,2018,6,1,6,3,0,0,14.174178,0
1,2018,6,1,7,0,0,0,12.526079,0
1,2018,6,1,7,1,0,0,9.939285,0
1,2018,6,1,7,2,0,0,13.875192,0
1,2018,6,1,7,3,0,0,17.969695,0
1,2018,6,1,8,0,0,0,12.726579,0
1,2018,6,1,8,1,0,0,19.691242,0
1,2018,6,1,8,2,0,0,15.527179,0
1,2018,6,1,8,3,0,0,16.233766,0
1,2018,6,1,9,0,0,0,27.05499,0
1,2018,6,1,9,1,0,0,22.353805,0
1,2018,6,1,9,2,0,0,35.328614,0
1,2018,6,1,9,3,0,0,29.235349,0
1,2018,6,1,10,0,0,0,36.059853,0
1,2018,6,1,10,1,0,0,20.692683,0
1,2018,6,1,10,2,0,0,22.249781,0
1,2018,6,1,10,3,0,0,27.022034,0
1,2018,6,1,11,0,0,0,24.18743,0
1,2018,6,1,11,1,0,0,30.191573,0
1,2018,6,1,11,2,0,0,21.039656,0
1,2018,6,1,11,3,0,0,24.326276,0
1,2018,6,1,12,0,0,0,28.66062,0
1,2018,6,1,12,1,0,0,41.099499,0
1,2018,6,1,12,2,0,0,28.86941,0
1,2018,6,1,12,3,0,0,21.454132,0
1,2018,6,1,13,0,0,0,41.738998,0
1,2018,6,1,13,1,0,0,35.837828,0
1,2018,6,1,13,2,0,0,39.457226,0
1,2018,6,1,13,3,0,0,30.778183,0
1,2018,6,1,14,0,0,0,15.70085,0
1,2018,6,1,14,1,0,0,7.02461,0
1,2018,6,1,14,2,0,0,13.190392,0
1,2018,6,1,14,3,0,0,20.885208,0
1,2018,6,1,15,0,0,0,20.960423,0
1,2018,6,1,15,1,0,0,28.290255,0
1,2018,6,1,15,2,0,0,22.001539,0
1,2018,6,1,15,3,0,0,21.426936,0
1,2018,6,1,16,0,0,0,25.371609,0
1,2018,6,1,16,1,0,0,22.424433,0
1,2018,6,1,16,2,0,0,21.951842,0
1,2018,6,1,16,3,0,0,25.689198,0
1,2018,6,1,17,0,0,0,23.898769,0
1,2018,6,1,17,1,0,0,29.784924,0
1,2018,6,1,17,2,0,0,22.635566,0
1,2018,6,1,17,3,0,0,30.974127,0
1,2018,6,1,18,0,0,0,29.556547,0
1,2018,6,1,18,1,0,0,30.543289,0
1,2018,6,1,18,2,0,0,29.643916,0
1,2018,6,1,18,3,0,0,14.534168,0
1,2018,6,1,19,0,0,0,7.687097,0
1,2018,6,1,19,1,0,0,21.11945,0
1,2018,6,1,19,2,0,0,32.335571,0
1,2018,6,1,19,3,0,0,18.948287,0
1,2018,6,1,20,0,0,0,11.612647,0
1,2018,6,1,20,1,0,0,13.676023,0
1,2018,6,1,20,2,0,0,15.616025,0
1,2018,6,1,20,3,0,0,29.112976,0
1,2018,6,1,21,0,0,0,32.366761,0
1,2018,6,1,21,1,0,0,36.513279,0
1,2018,6,1,21,2,0,0,26.125313,0
1,2018,6,1,21,3,0,0,18.849937,0
1,2018,6,1,22,0,0,0,11.170038,0
1,2018,6,1,22,1,0,0,13.176705,0
1,2018,6,1,22,2,0,0,20.275382,0
1,2018,6,1,22,3,0,0,38.427973,0
1,2018,6,1,23,0,0,0,25.38862,0
1,2018,6,1,23,1,0,0,28.564876,0
1,2018,6,1,23,2,0,0,17.115159,0
1,2018,6,1,23,3,0,0,6.496369,0
1,2018,6,2,0,0,0,0,1.277646,0
1,2018,6,2,0,1,0,0,1.277646,0
1,2018,6,2,0,2,0,0,1.263353,0
1,2018,6,2,0,3,0,0,1.241914,0
1,2018,6,2,1,0,0,0,5.739388,0
1,2018,6,2,1,1,0,0,19.184158,0
1,2018,6,2,1,2,0,0,32.823013,0
1,2018,6,2,1,3,0,0,16.126632,0
1,2018,6,2,2,0,0,0,26.087903,0
1,2018,6,2,2,1,0,0,18.136874,0
1,2018,6,2,2,2,0,0,15.304555,0
1,2018,6,2,2,3,0,0,5.569391,0
1,2018,6,2,3,0,0,0,2.829104,0
1,2018,6,2,3,1,0,0,10.213649,0
1,2018,6,2,3,2,0,0,12.643051,0
1,2018,6,2,3,3,0,0,17.850523,0
1,2018,6,2,4,0,0,0,9.891312,0
1,2018,6,2,4,1,0,0,1.855648,0
1,2018,6,2,4,2,0,0,4.49537,0
1,2018,6,2,4,3,0,0,8.718926,0
1,2018,6,2,5,0,0,0,1.855648,0
1,2018,6,2,5,1,0,0,1.855648,0
1,2018,6,2,5,2,0,0,7.701648,0
1,2018,6,2,5,3,0,0,5.895466,0
1,2018,6,2,6,0,0,0,6.97183,0
1,2018,6,2,6,1,0,0,6.333648,0
1,2018,6,2,6,2,0,0,8.714197,0
1,2018,6,2,6,3,0,0,9.769358,0
1,2018,6,2,7,0,0,0,13.273473,0
1,2018,6,2,7,1,0,0,10.32949,0
1,2018,6,2,7,2,0,0,1.030701,0
1,2018,6,2,7,3,0,0,4.043824,0
1,2018,6,2,8,0,0,0,8.350837,0
1,2018,6,2,8,1,0,0,15.239864,0
1,2018,6,2,8,2,0,0,9.544388,0
1,2018,6,2,8,3,0,0,3.139251,0
1,2018,6,2,9,0,0,0,15.575511,0
1,2018,6,2,9,1,0,0,17.172084,0
1,2018,6,2,9,2,0,0,22.943109,0
1,2018,6,2,9,3,0,0,25.627898,0
1,2018,6,2,10,0,0,0,22.258915,0
1,2018,6,2,10,1,0,0,19.77492,0
1,2018,6,2,10,2,0,0,20.076653,0
1,2018,6,2,10,3,0,0,14.262805,0
1,2018,6,2,11,0,0,0,25.464612,0
1,2018,6,2,11,1,0,0,29.205871,0
1,2018,6,2,11,2,0,0,11.794783,0
1,2018,6,2,11,3,0,0,23.87267,0
1,2018,6,2,12,0,0,0,19.630613,0
1,2018,6,2,12,1,0,0,27.604276,0
1,2018,6,2,12,2,0,0,38.073953,0
1,2018,6,2,12,3,0,0,38.649606,0
1,2018,6,2,13,0,0,0,26.40736,0
1,2018,6,2,13,1,0,0,23.356901,0
1,2018,6,2,13,2,0,0,35.880881,0
1,2018,6,2,13,3,0,0,45.001907,0
1,2018,6,2,14,0,0,0,34.863772,0
1,2018,6,2,14,1,0,0,20.713673,0
1,2018,6,2,14,2,0,0,15.581573,0
1,2018,6,2,14,3,0,0,27.64083,0
1,2018,6,2,15,0,0,0,29.294634,0
1,2018,6,2,15,1,0,0,29.675186,0
1,2018,6,2,15,2,0,0,19.897142,0
1,2018,6,2,15,3,0,0,34.757148,0
1,2018,6,2,16,0,0,0,32.557809,0
1,2018,6,2,16,1,0,0,30.974283,0
1,2018,6,2,16,2,0,0,28.894789,0
1,2018,6,2,16,3,0,0,34.184824,0
1,2018,6,2,17,0,0,0,39.156499,0
1,2018,6,2,17,1,0,0,22.557266,0
1,2018,6,2,17,2,0,0,14.163987,0
1,2018,6,2,17,3,0,0,16.745873,0
1,2018,6,2,18,0,0,0,24.510428,0
1,2018,6,2,18,1,0,0,15.579002,0
1,2018,6,2,18,2,0,0,16.228067,0
1,2018,6,2,18,3,0,0,15.792827,0
1,2018,6,2,19,0,0,0,32.057244,0
1,2018,6,2,19,1,0,0,25.071941,0
1,2018,6,2,19,2,0,0,15.073554,0
1,2018,6,2,19,3,0,0,18.685337,0
1,2018,6,2,20,0,0,0,34.024621,0
1,2018,6,2,20,1,0,0,29.662892,0
1,2018,6,2,20,2,0,0,18.459793,0
1,2018,6,2,20,3,0,0,18.910506,0
1,2018,6,2,21,0,0,0,26.562449,0
1,2018,6,2,21,1,0,0,28.704369,0
1,2018,6,2,21,2,0,0,25.380255,0
1,2018,6,2,21,3,0,0,22.069303,0
1,2018,6,2,22,0,0,0,25.877912,0
1,2018,6,2,22,1,0,0,37.960476,0
1,2018,6,2,22,2,0,0,29.951572,0
1,2018,6,2,22,3,0,0,22.6825,0
1,2018,6,2,23,0,0,0,15.072137,0
1,2018,6,2,23,1,0,0,6.895996,0
1,2018,6,2,23,2,0,0,5.389949,0
1,2018,6,2,23,3,0,0,20.509131,0
1,2018,6,3,0,0,0,0,8.38654,0
1,2018,6,3,0,1,0,0,8.38654,0
1,2018,6,3,0,2,0,0,8.38654,0
1,2018,6,3,0,3,0,0,16.55053,0
1,2018,6,3,1,0,0,0,33.665694,0
1,2018,6,3,1,1,0,0,17.988879,0
1,2018,6,3,1,2,0,0,27.842797,0
1,2018,6,3,1,3,0,0,29.852037,0
1,2018,6,3,2,0,0,0,24.588761,0
1,2018,6,3,2,1,0,0,11.623415,0
1,2018,6,3,2,2,0,0,3.306836,0
1,2018,6,3,2,3,0,0,2.145212,0
1,2018,6,3,3,0,0,0,8.093386,0
1,2018,6,3,3,1,0,0,4.69443,0
1,2018,6,3,3,2,0,0,1.720343,0
1,2018,6,3,3,3,0,0,1.720343,0
1,2018,6,3,4,0,0,0,5.520343,0
1,2018,6,3,4,1,0,0,12.74268,0
1,2018,6,3,4,2,0,0,16.745747,0
1,2018,6,3,4,3,0,0,7.182053,0
1,2018,6,3,5,0,0,0,7.866711,0
1,2018,6,3,5,1,0,0,13.177695,0
1,2018,6,3,5,2,0,0,11.508954,0
1,2018,6,3,5,3,0,0,4.392302,0
1,2018,6,3,6,0,0,0,4.931966,0
1,2018,6,3,6,1,0,0,20.781949,0
1,2018,6,3,6,2,0,0,36.309426,0
1,2018,6,3,6,3,0,0,21.71683,0
1,2018,6,3,7,0,0,0,3.827755,0
1,2018,6,3,7,1,0,0,2.698424,0
1,2018,6,3,7,2,0,0,13.407014,0
1,2018,6,3,7,3,0,0,28.069738,0
1,2018,6,3,8,0,0,0,9.299818,0
1,2018,6,3,8,1,0,0,2.681827,0
1,2018,6,3,8,2,0,0,4.673646,0
1,2018,6,3,8,3,0,0,4.661414,0
1,2018,6,3,9,0,0,0,17.148853,0
1,2018,6,3,9,1,0,0,10.885817,0
1,2018,6,3,9,2,0,0,11.145356,0
1,2018,6,3,9,3,0,0,9.811681,0
1,2018,6,3,10,0,0,0,9.143878,0
1,2018,6,3,10,1,0,0,7.872196,0
1,2018,6,3,10,2,0,0,4.684561,0
1,2018,6,3,10,3,0,0,15.010361,0
1,2018,6,3,11,0,0,0,12.231835,0
1,2018,6,3,11,1,0,0,11.445105,0
1,2018,6,3,11,2,0,0,10.89962,0
1,2018,6,3,11,3,0,0,20.626832,0
1,2018,6,3,12,0,0,0,27.719944,0
1,2018,6,3,12,1,0,0,33.306186,0
1,2018,6,3,12,2,0,0,39.12091,0
1,2018,6,3,12,3,0,0,40.66921,0
1,2018,6,3,13,0,0,0,40.38864,0
1,2018,6,3,13,1,0,0,27.68782,0
1,2018,6,3,13,2,0,0,16.281126,0
1,2018,6,3,13,3,0,0,15.462371,0
1,2018,6,3,14,0,0,0,13.590245,0
1,2018,6,3,14,1,0,0,17.976126,0
1,2018,6,3,14,2,0,0,24.842232,0
1,2018,6,3,14,3,0,0,23.64478,0
1,2018,6,3,15,0,0,0,19.829796,0
1,2018,6,3,15,1,0,0,19.559621,0
1,2018,6,3,15,2,0,0,28.491437,0
1,2018,6,3,15,3,0,0,25.930611,0
1,2018,6,3,16,0,0,0,10.971198,0
1,2018,6,3,16,1,0,0,25.574103,0
1,2018,6,3,16,2,0,0,21.445828,0
1,2018,6,3,16,3,0,0,21.888732,0
1,2018,6,3,17,0,0,0,18.319992,0
1,2018,6,3,17,1,0,0,23.198431,0
1,2018,6,3,17,2,0,0,13.182919,0
1,2018,6,3,17,3,0,0,12.736033,0
1,2018,6,3,18,0,0,0,21.802573,0
1,2018,6,3,18,1,0,0,16.309504,0
1,2018,6,3,18,2,0,0,31.889511,0
1,2018,6,3,18,3,0,0,25.683048,0
1,2018,6,3,19,0,0,0,9.637849,0
1,2018,6,3,19,1,0,0,6.236363,0
1,2018,6,3,19,2,0,0,20.492052,0
1,2018,6,3,19,3,0,0,22.646111,0
1,2018,6,3,20,0,0,0,9.426636,0
1,2018,6,3,20,1,0,0,9.444846,0
1,2018,6,3,20,2,0,0,14.073573,0
1,2018,6,3,20,3,0,0,12.989915,0
1,2018,6,3,21,0,0,0,15.142829,0
1,2018,6,3,21,1,0,0,21.080314,0
1,2018,6,3,21,2,0,0,19.405845,0
1,2018,6,3,21,3,0,0,19.424732,0
1,2018,6,3,22,0,0,0,16.647205,0
1,2018,6,3,22,1,0,0,22.004123,0
1,2018,6,3,22,2,0,0,17.189789,0
1,2018,6,3,22,3,0,0,7.460269,0
1,2018,6,3,23,0,0,0,7.05112,0
1,2018,6,3,23,1,0,0,9.983454,0
1,2018,6,3,23,2,0,0,10.284795,0
1,2018,6,3,23,3,0,0,27.760292,0
1,2018,6,4,0,0,0,0,13.204607,0
1,2018,6,4,0,1,0,0,2.996454,0
1,2018,6,4,0,2,0,0,2.996454,0
1,2018,6,4,0,3,0,0,2.996454,0
1,2018,6,4,1,0,0,0,2.996454,0
1,2018,6,4,1,1,0,0,3.148188,0
1,2018,6,4,1,2,0,0,5.228283,0
1,2018,6,4,1,3,0,0,12.637165,0
1,2018,6,4,2,0,0,0,19.655582,0
1,2018,6,4,2,1,0,0,13.357155,0
1,2018,6,4,2,2,0,0,16.768224,0
1,2018,6,4,2,3,0,0,30.679007,0
1,2018,6,4,3,0,0,0,24.980744,0
1,2018,6,4,3,1,0,0,5.556843,0
1,2018,6,4,3,2,0,0,7.296034,0
1,2018,6,4,3,3,0,0,18.663987,0
1,2018,6,4,4,0,0,0,12.82985,0
1,2018,6,4,4,1,0,0,9.942153,0
1,2018,6,4,4,2,0,0,5.43446,0
1,2018,6,4,4,3,0,0,10.754614,0
1,2018,6,4,5,0,0,0,3.180614,0
1,2018,6,4,5,1,0,0,5.218781,0
1,2018,6,4,5,2,0,0,7.548114,0
1,2018,6,4,5,3,0,0,9.350243,0
1,2018,6,4,6,0,0,0,12.014309,0
1,2018,6,4,6,1,0,0,13.033346,0
1,2018,6,4,6,2,0,0,10.087732,0
1,2018,6,4,6,3,0,0,16.35842,0
1,2018,6,4,7,0,0,0,15.61528,0
1,2018,6,4,7,1,0,0,24.805887,0
1,2018,6,4,7,2,0,0,15.476923,0
1,2018,6,4,7,3,0,0,13.712938,0
1,2018,6,4,8,0,0,0,13.068621,0
1,2018,6,4,8,1,0,0,14.730588,0
1,2018,6,4,8,2,0,0,17.199471,0
1,2018,6,4,8,3,0,0,25.656765,0
1,2018,6,4,9,0,0,0,22.13003,0
1,2018,6,4,9,1,0,0,13.629691,0
1,2018,6,4,9,2,0,0,12.133144,0
1,2018,6,4,9,3,0,0,27.004927,0
1,2018,6,4,10,0,0,0,47.036435,0
1,2018,6,4,10,1,0,0,39.373308,0
1,2018,6,4,10,2,0,0,34.660368,0
1,2018,6,4,10,3,0,0,35.406454,0
1,2018,6,4,11,0,0,0,22.042649,0
1,2018,6,4,11,1,0,0,17.569846,0
1,2018,6,4,11,2,0,0,24.260752,0
1,2018,6,4,11,3,0,0,12.979731,0
1,2018,6,4,12,0,0,0,16.048035,0
1,2018,6,4,12,1,0,0,18.616906,0
1,2018,6,4,12,2,0,0,19.220845,0
1,2018,6,4,12,3,0,0,21.994697,0
1,2018,6,4,13,0,0,0,15.891652,0
1,2018,6,4,13,1,0,0,19.414696,0
1,2018,6,4,13,2,0,0,32.954728,0
1,2018,6,4,13,3,0,0,30.452677,0
1,2018,6,4,14,0,0,0,30.944856,0
1,2018,6,4,14,1,0,0,29.77705,0
1,2018,6,4,14,2,0,0,25.063268,0
1,2018,6,4,14,3,0,0,24.744166,0
1,2018,6,4,15,0,0,0,17.735957,0
1,2018,6,4,15,1,0,0,10.659585,0
1,2018,6,4,15,2,0,0,12.217917,0
1,2018,6,4,15,3,0,0,8.02686,0
1,2018,6,4,16,0,0,0,17.869627,0
1,2018,6,4,16,1,0,0,34.165395,0
1,2018,6,4,16,2,0,0,34.492161,0
1,2018,6,4,16,3,0,0,27.686993,0
1,2018,6,4,17,0,0,0,26.774132,0
1,2018,6,4,17,1,0,0,33.84597,0
1,2018,6,4,17,2,0,0,34.377388,0
1,2018,6,4,17,3,0,0,31.069274,0
1,2018,6,4,18,0,0,0,19.473243,0
1,2018,6,4,18,1,0,0,17.351355,0
1,2018,6,4,18,2,0,0,16.078494,0
1,2018,6,4,18,3,0,0,23.442373,0
1,2018,6,4,19,0,0,0,11.08975,0
1,2018,6,4,19,1,0,0,13.648635,0
1,2018,6,4,19,2,0,0,14.048751,0
1,2018,6,4,19,3,0,0,12.919144,0
1,2018,6,4,20,0,0,0,17.507247,0
1,2018,6,4,20,1,0,0,14.721519,0
1,2018,6,4,20,2,0,0,20.715133,0
1,2018,6,4,20,3,0,0,23.498824,0
1,2018,6,4,21,0,0,0,26.195196,0
1,2018,6,4,21,1,0,0,21.664803,0
1,2018,6,4,21,2,0,0,10.573809,0
1,2018,6,4,21,3,0,0,13.007048,0
1,2018,6,4,22,0,0,0,13.026088,0
1,2018,6,4,22,1,0,0,13.026088,0
1,2018,6,4,22,2,0,0,12.384284,0
1,2018,6,4,22,3,0,0,7.940705,0
1,2018,6,4,23,0,0,0,17.204161,0
1,2018,6,4,23,1,0,0,22.849176,0
1,2018,6,4,23,2,0,0,12.726417,0
1,2018,6,4,23,3,0,0,9.666869,0
1,2018,6,5,0,0,0,0,2.54714,0
1,2018,6,5,0,1,0,0,20.561733,0
1,2018,6,5,0,2,0,0,21.239548,0
1,2018,6,5,0,3,0,0,11.118731,0
1,2018,6,5,1,0,0,0,15.891617,0
1,2018,6,5,1,1,0,0,12.823207,0
1,2018,6,5,1,2,0,0,3.029752,0
1,2018,6,5,1,3,0,0,3.029752,0
1,2018,6,5,2,0,0,0,3.029752,0
1,2018,6,5,2,1,0,0,3.029752,0
1,2018,6,5,2,2,0,0,3.029752,0
1,2018,6,5,2,3,0,0,3.029752,0
1,2018,6,5,3,0,0,0,3.029752,0
1,2018,6,5,3,1,0,0,3.029752,0
1,2018,6,5,3,2,0,0,6.599752,0
1,2018,6,5,3,3,0,0,10.679752,0
1,2018,6,5,4,0,0,0,3.029752,0
1,2018,6,5,4,1,0,0,3.029752,0
1,2018,6,5,4,2,0,0,10.381204,0
1,2018,6,5,4,3,0,0,17.576404,0
1,2018,6,5,5,0,0,0,5.772691,0
1,2018,6,5,5,1,0,0,9.450377,0
1,2018,6,5,5,2,0,0,9.450377,0
1,2018,6,5,5,3,0,0,9.450377,0
1,2018,6,5,6,0,0,0,5.097502,0
1,2018,6,5,6,1,0,0,5.453086,0
1,2018,6,5,6,2,0,0,4.042775,0
1,2018,6,5,6,3,0,0,10.5157,0
1,2018,6,5,7,0,0,0,2.518184,0
1,2018,6,5,7,1,0,0,18.287056,0
1,2018,6,5,7,2,0,0,24.104994,0
1,2018,6,5,7,3,0,0,6.8376,0
1,2018,6,5,8,0,0,0,1.93307,0
1,2018,6,5,8,1,0,0,2.451422,0
1,2018,6,5,8,2,0,0,2.370277,0
1,2018,6,5,8,3,0,0,6.977776,0
1,2018,6,5,9,0,0,0,17.152134,0
1,2018,6,5,9,1,0,0,24.889221,0
1,2018,6,5,9,2,0,0,36.539486,0
1,2018,6,5,9,3,0,0,18.90828,0
1,2018,6,5,10,0,0,0,21.501326,0
1,2018,6,5,10,1,0,0,12.048585,0
1,2018,6,5,10,2,0,0,12.118157,0
1,2018,6,5,10,3,0,0,7.892867,0
1,2018,6,6,0,0,0,0,12.904091,0
1,2018,6,6,1,1,0,0,6.6924,0
1,2018,6,6,1,2,0,0,10.0386,0
1,2018,6,6,3,0,0,0,0.821349,0
1,2018,6,6,3,1,0,0,0.880017,0
1,2018,6,6,3,2,0,0,0.880017,0
1,2018,6,6,3,3,0,0,0.880017,0
1,2018,6,6,4,0,0,0,0.880017,0
1,2018,6,6,4,1,0,0,0.943166,0
1,2018,6,6,4,2,0,0,9.353953,0
1,2018,6,6,4,3,0,0,24.243301,0
1,2018,6,6,5,0,0,0,10.895115,0
1,2018,6,6,5,1,0,0,14.94752,0
1,2018,6,6,5,2,0,0,8.009401,0
1,2018,6,6,5,3,0,0,2.958027,0
1,2018,6,6,6,0,0,0,5.596489,0
1,2018,6,6,6,1,0,0,2.266969,0
1,2018,6,6,6,2,0,0,3.569396,0
1,2018,6,6,6,3,0,0,4.165646,0
1,2018,6,6,7,0,0,0,8.598879,0
1,2018,6,6,7,1,0,0,17.748931,0
1,2018,6,6,7,2,0,0,18.735355,0
1,2018,6,6,7,3,0,0,12.137455,0
1,2018,6,6,8,0,0,0,11.578611,0
1,2018,6,6,8,1,0,0,3.626539,0
1,2018,6,6,8,2,0,0,4.831013,0
1,2018,6,6,8,3,0,0,7.133997,0
1,2018,6,6,9,0,0,0,10.454877,0
1,2018,6,6,9,1,0,0,28.76759,0
1,2018,6,6,9,2,0,0,28.882269,0
1,2018,6,6,9,3,0,0,27.696132,0
1,2018,6,6,10,0,0,0,26.24851,0
1,2018,6,6,10,1,0,0,27.029422,0
1,2018,6,6,10,2,0,0,35.22785,0
1,2018,6,6,10,3,0,0,36.203429,0
1,2018,6,6,11,0,0,0,36.372251,0
1,2018,6,6,11,1,0,0,47.3748,0
1,2018,6,6,11,2,0,0,34.14524,0
1,2018,6,6,11,3,0,0,31.886564,0
1,2018,6,6,12,0,0,0,21.778275,0
1,2018,6,6,12,1,0,0,17.422403,0
1,2018,6,6,12,2,0,0,21.527687,0
1,2018,6,6,12,3,0,0,29.51267,0
1,2018,6,6,13,0,0,0,37.067205,0
1,2018,6,6,13,1,0,0,20.179546,0
1,2018,6,6,13,2,0,0,20.182392,0
1,2018,6,6,13,3,0,0,15.794258,0
1,2018,6,6,14,0,0,0,20.420653,0
1,2018,6,6,14,1,0,0,19.282855,0
1,2018,6,6,14,2,0,0,26.729458,0
1,2018,6,6,14,3,0,0,38.853378,0
1,2018,6,6,15,0,0,0,32.273973,0
1,2018,6,6,15,1,0,0,37.708128,0
1,2018,6,6,15,2,0,0,22.396965,0
1,2018,6,6,15,3,0,0,22.385966,0
1,2018,6,6,16,0,0,0,15.76444,0
1,2018,6,6,16,1,0,0,17.325187,0
1,2018,6,6,16,2,0,0,21.635671,0
1,2018,6,6,16,3,0,0,8.330208,0
1,2018,6,6,17,0,0,0,27.314654,0
1,2018,6,6,17,1,0,0,31.212227,0
1,2018,6,6,17,2,0,0,25.176446,0
1,2018,6,6,17,3,0,0,27.435921,0
1,2018,6,6,18,0,0,0,25.06261,0
1,2018,6,6,18,1,0,0,30.981605,0
1,2018,6,6,18,2,0,0,44.921975,0
1,2018,6,6,18,3,0,0,22.48694,0
1,2018,6,6,19,0,0,0,7.690293,0
1,2018,6,6,19,1,0,0,12.231226,0
1,2018,6,6,19,2,0,0,16.007593,0
1,2018,6,6,19,3,0,0,12.535314,0
1,2018,6,6,20,0,0,0,12.535647,0
1,2018,6,6,20,1,0,0,18.107161,0
1,2018,6,6,20,2,0,0,33.244836,0
1,2018,6,6,20,3,0,0,39.609745,0
1,2018,6,6,21,0,0,0,28.8927,0
1,2018,6,6,21,1,0,0,22.791834,0
1,2018,6,6,21,2,0,0,15.348078,0
1,2018,6,6,21,3,0,0,21.527982,0
1,2018,6,6,22,0,0,0,20.156232,0
1,2018,6,6,22,1,0,0,17.677468,0
1,2018,6,6,22,2,0,0,16.432697,0
1,2018,6,6,22,3,0,0,10.480517,0
1,2018,6,6,23,0,0,0,2.481127,0
1,2018,6,6,23,1,0,0,7.856185,0
1,2018,6,6,23,2,0,0,12.936297,0
1,2018,6,6,23,3,0,0,16.945699,0
1,2018,6,7,0,0,0,0,11.389326,0
1,2018,6,7,0,1,0,0,1.962341,0
1,2018,6,7,0,2,0,0,3.780941,0
1,2018,6,7,0,3,0,0,11.055341,0
1,2018,6,7,1,0,0,0,3.223816,0
1,2018,6,7,1,1,0,0,2.330401,0
1,2018,6,7,1,2,0,0,2.330401,0
1,2018,6,7,1,3,0,0,10.950956,0
1,2018,6,7,2,0,0,0,9.226845,0
1,2018,6,7,2,1,0,0,2.330401,0
1,2018,6,7,2,2,0,0,2.330401,0
1,2018,6,7,2,3,0,0,2.330401,0
1,2018,6,7,3,0,0,0,2.330401,0
1,2018,6,7,3,1,0,0,3.341051,0
1,2018,6,7,3,2,0,0,9.910276,0
1,2018,6,7,3,3,0,0,9.910276,0
1,2018,6,7,4,0,0,0,6.373001,0
1,2018,6,7,4,1,0,0,2.330401,0
1,2018,6,7,4,2,0,0,10.283879,0
1,2018,6,7,4,3,0,0,20.496001,0
1,2018,6,7,5,0,0,0,11.972346,0
1,2018,6,7,5,1,0,0,4.810103,0
1,2018,6,7,5,2,0,0,6.947673,0
1,2018,6,7,5,3,0,0,2.693525,0
1,2018,6,7,6,0,0,0,8.149934,0
1,2018,6,7,6,1,0,0,8.149934,0
1,2018,6,7,6,2,0,0,4.814282,0
1,2018,6,7,6,3,0,0,5.485394,0
1,2018,6,7,7,0,0,0,4.052983,0
1,2018,6,7,7,1,0,0,3.992796,0
1,2018,6,7,7,2,0,0,5.791585,0
1,2018,6,7,7,3,0,0,15.748983,0
1,2018,6,7,8,0,0,0,10.998277,0
1,2018,6,7,8,1,0,0,5.490797,0
1,2018,6,7,8,2,0,0,13.316131,0
1,2018,6,7,8,3,0,0,13.558357,0
1,2018,6,7,9,0,0,0,14.375226,0
1,2018,6,7,9,1,0,0,18.497332,0
1,2018,6,7,9,2,0,0,15.017747,0
1,2018,6,7,9,3,0,0,23.856896,0
1,2018,6,7,10,0,0,0,25.494529,0
1,2018,6,7,10,1,0,0,28.229375,0
1,2018,6,7,10,2,0,0,30.315445,0
1,2018,6,7,10,3,0,0,37.122486,0
1,2018,6,7,11,0,0,0,32.37199,0
1,2018,6,7,11,1,0,0,41.797541,0
1,2018,6,7,11,2,0,0,36.841196,0
1,2018,6,7,11,3,0,0,25.558516,0
1,2018,6,7,12,0,0,0,34.428751,0
1,2018,6,7,12,1,0,0,20.920864,0
1,2018,6,7,12,2,0,0,21.458859,0
1,2018,6,7,12,3,0,0,31.906131,0
1,2018,6,7,13,0,0,0,44.181403,0
1,2018,6,7,13,1,0,0,46.206657,0
1,2018,6,7,13,2,0,0,46.882341,0
1,2018,6,7,13,3,0,0,31.208571,0
1,2018,6,7,14,0,0,0,15.055122,0
1,2018,6,7,14,1,0,0,22.35946,0
1,2018,6,7,14,2,0,0,22.534775,0
1,2018,6,7,14,3,0,0,24.24952,0
1,2018,6,7,15,0,0,0,18.549342,0
1,2018,6,7,15,1,0,0,27.626384,0
1,2018,6,7,15,2,0,0,31.03888,0
1,2018,6,7,15,3,0,0,19.637959,0
1,2018,6,7,16,0,0,0,18.634256,0
1,2018,6,7,16,1,0,0,23.20231,0
1,2018,6,7,16,2,0,0,13.716089,0
1,2018,6,7,16,3,0,0,7.275269,0
1,2018,6,7,17,0,0,0,24.123615,0
1,2018,6,7,17,1,0,0,36.642236,0
1,2018,6,7,17,2,0,0,35.726163,0
1,2018,6,7,17,3,0,0,20.76566,0
1,2018,6,7,18,0,0,0,14.411981,0
1,2018,6,7,18,1,0,0,17.444591,0
1,2018,6,7,18,2,0,0,22.355714,0
1,2018,6,7,18,3,0,0,21.237235,0
1,2018,6,7,19,0,0,0,16.417707,0
1,2018,6,7,19,1,0,0,26.843238,0
1,2018,6,7,19,2,0,0,26.758165,0
1,2018,6,7,19,3,0,0,21.311505,0
1,2018,6,7,20,0,0,0,12.208502,0
1,2018,6,7,20,1,0,0,10.536494,0
1,2018,6,7,20,2,0,0,11.009596,0
1,2018,6,7,20,3,0,0,15.733882,0
1,2018,6,7,21,0,0,0,16.150635,0
1,2018,6,7,21,1,0,0,19.97137,0
1,2018,6,7,21,2,0,0,25.885344,0
1,2018,6,7,21,3,0,0,26.822326,0
1,2018,6,7,22,0,0,0,24.268709,0
1,2018,6,7,22,1,0,0,15.431405,0
1,2018,6,7,22,2,0,0,12.132031,0
1,2018,6,7,22,3,0,0,10.594811,0
1,2018,6,7,23,0,0,0,5.138139,0
1,2018,6,7,23,1,0,0,5.901633,0
1,2018,6,7,23,2,0,0,5.901633,0
1,2018,6,7,23,3,0,0,9.928447,0
1,2018,6,8,0,0,0,0,15.075099,0
1,2018,6,8,0,1,0,0,18.501036,0
1,2018,6,8,0,2,0,0,11.913119,0
1,2018,6,8,0,3,0,0,6.633751,0
1,2018,6,8,1,0,0,0,12.200418,0
1,2018,6,8,1,1,0,0,14.682699,0
1,2018,6,8,1,2,0,0,11.949469,0
1,2018,6,8,1,3,0,0,10.994436,0
1,2018,6,8,2,0,0,0,10.552836,0
1,2018,6,8,2,1,0,0,12.598207,0
1,2018,6,8,2,2,0,0,11.862523,0
1,2018,6,8,2,3,0,0,3.670597,0
1,2018,6,8,3,0,0,0,3.536021,0
1,2018,6,8,3,1,0,0,3.536021,0
1,2018,6,8,3,2,0,0,3.536021,0
1,2018,6,8,3,3,0,0,7.732795,0
1,2018,6,8,4,0,0,0,9.831182,0
1,2018,6,8,4,1,0,0,6.054085,0
1,2018,6,8,4,2,0,0,3.536021,0
1,2018,6,8,4,3,0,0,3.536021,0
1,2018,6,8,5,0,0,0,3.536021,0
1,2018,6,8,5,1,0,0,3.536021,0
1,2018,6,8,5,2,0,0,3.536021,0
1,2018,6,8,5,3,0,0,3.536021,0
1,2018,6,8,6,0,0,0,5.783531,0
1,2018,6,8,6,1,0,0,7.025115,0
1,2018,6,8,6,2,0,0,6.896737,0
1,2018,6,8,6,3,0,0,12.799555,0
1,2018,6,8,7,0,0,0,16.224614,0
1,2018,6,8,7,1,0,0,16.754811,0
1,2018,6,8,7,2,0,0,9.223308,0
1,2018,6,8,7,3,0,0,24.463701,0
1,2018,6,8,8,0,0,0,18.164021,0
1,2018,6,8,8,1,0,0,10.467056,0
1,2018,6,8,8,2,0,0,17.565499,0
1,2018,6,8,8,3,0,0,25.159975,0
1,2018,6,8,9,0,0,0,16.353996,0
1,2018,6,8,9,1,0,0,10.040336,0
1,2018,6,8,9,2,0,0,9.903937,0
1,2018,6,8,9,3,0,0,15.876102,0
1,2018,6,8,10,0,0,0,33.022351,0
1,2018,6,8,10,1,0,0,30.527168,0
1,2018,6,8,10,2,0,0,21.292492,0
1,2018,6,8,10,3,0,0,15.851278,0
1,2018,6,8,11,0,0,0,25.309894,0
1,2018,6,8,11,1,0,0,45.709478,0
1,2018,6,8,11,2,0,0,47.082188,0
1,2018,6,8,11,3,0,0,32.06185,0
1,2018,6,8,12,0,0,0,20.503767,0
1,2018,6,8,12,1,0,0,23.055249,0
1,2018,6,8,12,2,0,0,29.633676,0
1,2018,6,8,12,3,0,0,27.100948,0
1,2018,6,8,13,0,0,0,29.150654,0
1,2018,6,8,13,1,0,0,34.680059,0
1,2018,6,8,13,2,0,0,33.219058,0
1,2018,6,8,13,3,0,0,41.493911,0
1,2018,6,8,14,0,0,0,36.893043,0
1,2018,6,8,14,1,0,0,24.960303,0
1,2018,6,8,14,2,0,0,16.082315,0
1,2018,6,8,14,3,0,0,23.112899,0
1,2018,6,8,15,0,0,0,23.161155,0
1,2018,6,8,15,1,0,0,17.452424,0
1,2018,6,8,15,2,0,0,25.285702,0
1,2018,6,8,15,3,0,0,36.531422,0
1,2018,6,8,16,0,0,0,42.150893,0
1,2018,6,8,16,1,0,0,37.877394,0
1,2018,6,8,16,2,0,0,35.26802,0
1,2018,6,8,16,3,0,0,22.861835,0
1,2018,6,8,17,0,0,0,23.077757,0
1,2018,6,8,17,1,0,0,16.903666,0
1,2018,6,8,17,2,0,0,8.187611,0
1,2018,6,8,17,3,0,0,11.099837,0
1,2018,6,8,18,0,0,0,13.057081,0
1,2018,6,8,18,1,0,0,8.799664,0
1,2018,6,8,18,2,0,0,13.880865,0
1,2018,6,8,18,3,0,0,14.363594,0
1,2018,6,8,19,0,0,0,29.411504,0
1,2018,6,8,19,1,0,0,35.931482,0
1,2018,6,8,19,2,0,0,44.351232,0
1,2018,6,8,19,3,0,0,24.999907,0
1,2018,6,8,20,0,0,0,27.433975,0
1,2018,6,8,20,1,0,0,28.453152,0
1,2018,6,8,20,2,0,0,20.248974,0
1,2018,6,8,20,3,0,0,19.32271,0
1,2018,6,8,21,0,0,0,40.746872,0
1,2018,6,8,21,1,0,0,33.057666,0
1,2018,6,8,21,2,0,0,22.55826,0
1,2018,6,8,21,3,0,0,33.889729,0
1,2018,6,8,22,0,0,0,25.344381,0
1,2018,6,8,22,1,0,0,30.417696,0
1,2018,6,8,22,2,0,0,20.635849,0
1,2018,6,8,22,3,0,0,14.52594,0
1,2018,6,8,23,0,0,0,9.3165,0
1,2018,6,8,23,1,0,0,14.767481,0
1,2018,6,8,23,2,0,0,14.189412,0
1,2018,6,8,23,3,0,0,7.799596,0
1,2018,6,9,0,0,0,0,15.509793,0
1,2018,6,9,0,1,0,0,10.026714,0
1,2018,6,9,0,2,0,0,7.14656,0
1,2018,6,9,0,3,0,0,1.909287,0
1,2018,6,9,1,0,0,0,1.909287,0
1,2018,6,9,1,1,0,0,1.909287,0
1,2018,6,9,1,2,0,0,2.470621,0
1,2018,6,9,1,3,0,0,19.64866,0
1,2018,6,9,2,0,0,0,13.799472,0
1,2018,6,9,2,1,0,0,15.431426,0
1,2018,6,9,2,2,0,0,11.149574,0
1,2018,6,9,2,3,0,0,12.609113,0
1,2018,6,9,3,0,0,0,9.809118,0
1,2018,6,9,3,1,0,0,7.530991,0
1,2018,6,9,3,2,0,0,2.790657,0
1,2018,6,9,3,3,0,0,5.403359,0
1,2018,6,9,4,0,0,0,8.703572,0
1,2018,6,9,4,1,0,0,19.569657,0
1,2018,6,9,4,2,0,0,25.036695,0
1,2018,6,9,4,3,0,0,25.604308,0
1,2018,6,9,5,0,0,0,16.585374,0
1,2018,6,9,5,1,0,0,12.696312,0
1,2018,6,9,5,2,0,0,15.381151,0
1,2018,6,9,5,3,0,0,4.244088,0
1,2018,6,9,6,0,0,0,4.639786,0
1,2018,6,9,6,1,0,0,8.494577,0
1,2018,6,9,6,2,0,0,8.995077,0
1,2018,6,9,6,3,0,0,12.475744,0
1,2018,6,9,7,0,0,0,17.708243,0
1,2018,6,9,7,1,0,0,11.459339,0
1,2018,6,9,7,2,0,0,6.820467,0
1,2018,6,9,7,3,0,0,17.130755,0
1,2018,6,9,8,0,0,0,7.990982,0
1,2018,6,9,8,1,0,0,7.707911,0
1,2018,6,9,8,2,0,0,4.889374,0
1,2018,6,9,8,3,0,0,4.537379,0
1,2018,6,9,9,0,0,0,3.87782,0
1,2018,6,9,9,1,0,0,11.058535,0
1,2018,6,9,9,2,0,0,8.301233,0
1,2018,6,9,9,3,0,0,7.833283,0
1,2018,6,9,10,0,0,0,13.873303,0
1,2018,6,9,10,1,0,0,9.914036,0
1,2018,6,9,10,2,0,0,11.618527,0
1,2018,6,9,10,3,0,0,9.530273,0
1,2018,6,9,11,0,0,0,13.683437,0
1,2018,6,9,11,1,0,0,18.477608,0
1,2018,6,9,11,2,0,0,30.184053,0
1,2018,6,9,11,3,0,0,34.122256,0
1,2018,6,9,12,0,0,0,31.122031,0
1,2018,6,9,12,1,0,0,12.965731,0
1,2018,6,9,12,2,0,0,22.57277,0
1,2018,6,9,12,3,0,0,33.432456,0
1,2018,6,9,13,0,0,0,27.195981,0
1,2018,6,9,13,1,0,0,21.143172,0
1,2018,6,9,13,2,0,0,24.834446,0
1,2018,6,9,13,3,0,0,40.6038,0
1,2018,6,9,14,0,0,0,36.865937,0
1,2018,6,9,14,1,0,0,10.088706,0
1,2018,6,9,14,2,0,0,26.028721,0
1,2018,6,9,14,3,0,0,29.315837,0
1,2018,6,9,15,0,0,0,20.503965,0
1,2018,6,9,15,1,0,0,16.52351,0
1,2018,6,9,15,2,0,0,19.953872,0
1,2018,6,9,15,3,0,0,19.751216,0
1,2018,6,9,16,0,0,0,29.081625,0
1,2018,6,9,16,1,0,0,32.966664,0
1,2018,6,9,16,2,0,0,43.486871,0
1,2018,6,9,16,3,0,0,31.787983,0
1,2018,6,9,17,0,0,0,26.216513,0
1,2018,6,9,17,1,0,0,47.045609,0
1,2018,6,9,17,2,0,0,31.497587,0
1,2018,6,9,17,3,0,0,21.276081,0
1,2018,6,9,18,0,0,0,24.825532,0
1,2018,6,9,18,1,0,0,31.453339,0
1,2018,6,9,18,2,0,0,14.55591,0
1,2018,6,9,18,3,0,0,12.593072,0
1,2018,6,9,19,0,0,0,6.747838,0
1,2018,6,9,19,1,0,0,4.598624,0
1,2018,6,9,19,2,0,0,12.551461,0
1,2018,6,9,19,3,0,0,25.169087,0
1,2018,6,9,20,0,0,0,16.152648,0
1,2018,6,9,20,1,0,0,21.33362,0
1,2018,6,9,20,2,0,0,5.056458,0
1,2018,6,9,20,3,0,0,16.872669,0
1,2018,6,9,21,0,0,0,31.456336,0
1,2018,6,9,21,1,0,0,14.929936,0
1,2018,6,9,21,2,0,0,20.404547,0
1,2018,6,9,21,3,0,0,24.56638,0
1,2018,6,9,22,0,0,0,27.596674,0
1,2018,6,9,22,1,0,0,37.960435,0
1,2018,6,9,22,2,0,0,21.374449,0
1,2018,6,9,22,3,0,0,12.402978,0
1,2018,6,9,23,0,0,0,11.365236,0
1,2018,6,9,23,1,0,0,20.203865,0
1,2018,6,9,23,2,0,0,19.005704,0
1,2018,6,9,23,3,0,0,10.080002,0
1,2018,6,10,0,0,0,0,12.108335,0
1,2018,6,10,0,1,0,0,6.15725,0
1,2018,6,10,0,2,0,0,16.579481,0
1,2018,6,10,0,3,0,0,10.273959,0
1,2018,6,10,1,0,0,0,5.637984,0
1,2018,6,10,1,1,0,0,8.745002,0
1,2018,6,10,1,2,0,0,22.445207,0
1,2018,6,10,1,3,0,0,33.312016,0
1,2018,6,10,2,0,0,0,26.258784,0
1,2018,6,10,2,1,0,0,25.617439,0
1,2018,6,10,2,2,0,0,2.355563,0
1,2018,6,10,2,3,0,0,6.762868,0
1,2018,6,10,3,0,0,0,27.33449,0
1,2018,6,10,3,1,0,0,13.212455,0
1,2018,6,10,3,2,0,0,18.34004,0
1,2018,6,10,3,3,0,0,6.466174,0
1,2018,6,10,4,0,0,0,21.368552,0
1,2018,6,10,4,1,0,0,17.637916,0
1,2018,6,10,4,2,0,0,1.71588,0
1,2018,6,10,4,3,0,0,8.36598,0
1,2018,6,10,5,0,0,0,23.665126,0
1,2018,6,10,5,1,0,0,3.900221,0
1,2018,6,10,5,2,0,0,7.311449,0
1,2018,6,10,5,3,0,0,10.773944,0
1,2018,6,10,6,0,0,0,15.53833,0
1,2018,6,10,6,1,0,0,12.331382,0
1,2018,6,10,6,2,0,0,7.203036,0
1,2018,6,10,6,3,0,0,2.95967,0
1,2018,6,10,7,0,0,0,4.198789,0
1,2018,6,10,7,1,0,0,12.534345,0
1,2018,6,10,7,2,0,0,8.445926,0
1,2018,6,10,7,3,0,0,6.605071,0
1,2018,6,10,8,0,0,0,9.268148,0
1,2018,6,10,8,1,0,0,7.223852,0
1,2018,6,10,8,2,0,0,4.190995,0
1,2018,6,10,8,3,0,0,4.428051,0
1,2018,6,10,9,0,0,0,4.15009,0
1,2018,6,10,9,1,0,0,10.115867,0
1,2018,6,10,9,2,0,0,11.351537,0
1,2018,6,10,9,3,0,0,14.05886,0
1,2018,6,10,10,0,0,0,14.324525,0
1,2018,6,10,10,1,0,0,14.740242,0
1,2018,6,10,10,2,0,0,6.966671,0
1,2018,6,10,10,3,0,0,10.196347,0
1,2018,6,10,11,0,0,0,22.149899,0
1,2018,6,10,11,1,0,0,34.559485,0
1,2018,6,10,11,2,0,0,29.396076,0
1,2018,6,10,11,3,0,0,26.24248,0
1,2018,6,10,12,0,0,0,21.075941,0
1,2018,6,10,12,1,0,0,35.692336,0
1,2018,6,10,12,2,0,0,40.879828,0
1,2018,6,10,12,3,0,0,39.106422,0
1,2018,6,10,13,0,0,0,29.8966,0
1,2018,6,10,13,1,0,0,27.775721,0
1,2018,6,10,13,2,0,0,34.805919,0
1,2018,6,10,13,3,0,0,25.003326,0
1,2018,6,10,14,0,0,0,27.577275,0
1,2018,6,10,14,1,0,0,33.975937,0
1,2018,6,10,14,2,0,0,25.131197,0
1,2018,6,10,14,3,0,0,30.217182,0
1,2018,6,10,15,0,0,0,35.677443,0
1,2018,6,10,15,1,0,0,35.75565,0
1,2018,6,10,15,2,0,0,32.87661,0
1,2018,6,10,15,3,0,0,43.906291,0
1,2018,6,10,16,0,0,0,24.408052,0
1,2018,6,10,16,1,0,0,22.781592,0
1,2018,6,10,16,2,0,0,17.650131,0
1,2018,6,10,16,3,0,0,21.542319,0
1,2018,6,10,17,0,0,0,16.087069,0
1,2018,6,10,17,1,0,0,13.285658,0
1,2018,6,10,17,2,0,0,16.247331,0
1,2018,6,10,17,3,0,0,10.402187,0
1,2018,6,10,18,0,0,0,6.344753,0
1,2018,6,10,18,1,0,0,21.366274,0
1,2018,6,10,18,2,0,0,31.921834,0
1,2018,6,10,18,3,0,0,23.609922,0
1,2018,6,10,19,0,0,0,25.364266,0
1,2018,6,10,19,1,0,0,24.095884,0
1,2018,6,10,19,2,0,0,28.834336,0
1,2018,6,10,19,3,0,0,34.644172,0
1,2018,6,10,20,0,0,0,25.989301,0
1,2018,6,10,20,1,0,0,27.51557,0
1,2018,6,10,20,2,0,0,19.270028,0
1,2018,6,10,20,3,0,0,22.358681,0
1,2018,6,10,21,0,0,0,9.632893,0
1,2018,6,10,21,1,0,0,8.245675,0
1,2018,6,10,21,2,0,0,14.154192,0
1,2018,6,10,21,3,0,0,6.348265,0
1,2018,6,10,22,0,0,0,8.73289,0
1,2018,6,10,22,1,0,0,9.506526,0
1,2018,6,10,22,2,0,0,15.438161,0
1,2018,6,10,22,3,0,0,24.311598,0
1,2018,6,10,23,0,0,0,16.765285,0
1,2018,6,10,23,1,0,0,16.508011,0
1,2018,6,10,23,2,0,0,17.625658,0
1,2018,6,10,23,3,0,0,11.738274,0
1,2018,6,11,0,0,0,0,8.559371,0
1,2018,6,11,0,1,0,0,10.703238,0
1,2018,6,11,0,2,0,0,7.829757,0
1,2018,6,11,0,3,0,0,3.491683,0
1,2018,6,11,1,0,0,0,11.095367,0
1,2018,6,11,1,1,0,0,10.334999,0
1,2018,6,11,1,2,0,0,3.491683,0
1,2018,6,11,1,3,0,0,6.869183,0
1,2018,6,11,2,0,0,0,13.624183,0
1,2018,6,11,2,1,0,0,3.491683,0
1,2018,6,11,2,2,0,0,3.491683,0
1,2018,6,11,2,3,0,0,3.491683,0
1,2018,6,11,3,0,0,0,3.491683,0
1,2018,6,11,3,1,0,0,3.491683,0
1,2018,6,11,3,2,0,0,3.491683,0
1,2018,6,11,3,3,0,0,3.491683,0
1,2018,6,11,4,0,0,0,3.22965,0
1,2018,6,11,4,1,0,0,7.367105,0
1,2018,6,11,4,2,0,0,13.412591,0
1,2018,6,11,4,3,0,0,11.112741,0
1,2018,6,11,5,0,0,0,3.745166,0
1,2018,6,11,5,1,0,0,10.656213,0
1,2018,6,11,5,2,0,0,7.998118,0
1,2018,6,11,5,3,0,0,3.745166,0
1,2018,6,11,6,0,0,0,8.115299,0
1,2018,6,11,6,1,0,0,9.638974,0
1,2018,6,11,6,2,0,0,12.248661,0
1,2018,6,11,6,3,0,0,15.85462,0
1,2018,6,11,7,0,0,0,12.284458,0
1,2018,6,11,7,1,0,0,9.472582,0
1,2018,6,11,7,2,0,0,5.717354,0
1,2018,6,11,7,3,0,0,3.24909,0
1,2018,6,11,8,0,0,0,3.63311,0
1,2018,6,11,8,1,0,0,25.388452,0
1,2018,6,11,8,2,0,0,29.246736,0
1,2018,6,11,8,3,0,0,24.554809,0
1,2018,6,11,9,0,0,0,11.368383,0
1,2018,6,11,9,1,0,0,14.098104,0
1,2018,6,11,9,2,0,0,23.728519,0
1,2018,6,11,9,3,0,0,34.02813,0
1,2018,6,11,10,0,0,0,31.392544,0
1,2018,6,11,10,1,0,0,23.814394,0
1,2018,6,11,10,2,0,0,17.668287,0
1,2018,6,11,10,3,0,0,21.579363,0
1,2018,6,11,11,0,0,0,25.464037,0
1,2018,6,11,11,1,0,0,41.867707,0
1,2018,6,11,11,2,0,0,19.965024,0
1,2018,6,11,11,3,0,0,10.019547,0
1,2018,6,11,12,0,0,0,22.715119,0
1,2018,6,11,12,1,0,0,27.657227,0
1,2018,6,11,12,2,0,0,11.041274,0
1,2018,6,11,12,3,0,0,30.698563,0
1,2018,6,11,13,0,0,0,26.047598,0
1,2018,6,11,13,1,0,0,34.479661,0
1,2018,6,11,13,2,0,0,25.094805,0
1,2018,6,11,13,3,0,0,31.606498,0
1,2018,6,11,14,0,0,0,32.605222,0
1,2018,6,11,14,1,0,0,31.497293,0
1,2018,6,11,14,2,0,0,35.34401,0
1,2018,6,11,14,3,0,0,24.255139,0
1,2018,6,11,15,0,0,0,19.63397,0
1,2018,6,11,15,1,0,0,10.463593,0
1,2018,6,11,15,2,0,0,10.774807,0
1,2018,6,11,15,3,0,0,15.484479,0
1,2018,6,11,16,0,0,0,21.72989,0
1,2018,6,11,16,1,0,0,33.718853,0
1,2018,6,11,16,2,0,0,29.731154,0
1,2018,6,11,16,3,0,0,29.457253,0
1,2018,6,11,17,0,0,0,39.519934,0
1,2018,6,11,17,1,0,0,20.837629,0
1,2018,6,11,17,2,0,0,12.406545,0
1,2018,6,11,17,3,0,0,16.550377,0
1,2018,6,11,18,0,0,0,15.345562,0
1,2018,6,11,18,1,0,0,11.661518,0
1,2018,6,11,18,2,0,0,15.163521,0
1,2018,6,11,18,3,0,0,19.403086,0
1,2018,6,11,19,0,0,0,17.22678,0
1,2018,6,11,19,1,0,0,28.087713,0
1,2018,6,11,19,2,0,0,25.625725,0
1,2018,6,11,19,3,0,0,28.93465,0
1,2018,6,11,20,0,0,0,16.113771,0
1,2018,6,11,20,1,0,0,13.468729,0
1,2018,6,11,20,2,0,0,14.219918,0
1,2018,6,11,20,3,0,0,14.154646,0
1,2018,6,11,21,0,0,0,14.18861,0
1,2018,6,11,21,1,0,0,17.430649,0
1,2018,6,11,21,2,0,0,9.738087,0
1,2018,6,11,21,3,0,0,10.355638,0
1,2018,6,11,22,0,0,0,4.845711,0
1,2018,6,11,22,1,0,0,3.556711,0
1,2018,6,11,22,2,0,0,4.434403,0
1,2018,6,11,22,3,0,0,11.622462,0
1,2018,6,11,23,0,0,0,17.322842,0
1,2018,6,11,23,1,0,0,21.525409,0
1,2018,6,11,23,2,0,0,7.185938,0
1,2018,6,11,23,3,0,0,4.556021,0
1,2018,6,12,0,0,0,0,2.921151,0
1,2018,6,12,0,1,0,0,4.745346,0
1,2018,6,12,0,2,0,0,9.761882,0
1,2018,6,12,0,3,0,0,9.761882,0
1,2018,6,12,1,0,0,0,6.113492,0
1,2018,6,12,1,1,0,0,2.921151,0
1,2018,6,12,1,2,0,0,8.136526,0
1,2018,6,12,1,3,0,0,10.033026,0
1,2018,6,12,2,0,0,0,10.033026,0
1,2018,6,12,2,1,0,0,6.240026,0
1,2018,6,12,2,2,0,0,12.191522,0
1,2018,6,12,2,3,0,0,19.443008,0
1,2018,6,12,3,0,0,0,5.628922,0
1,2018,6,12,3,1,0,0,2.921151,0
1,2018,6,12,3,2,0,0,2.921151,0
1,2018,6,12,3,3,0,0,2.921151,0
1,2018,6,12,4,0,0,0,2.921151,0
1,2018,6,12,4,1,0,0,10.290342,0
1,2018,6,12,4,2,0,0,11.361674,0
1,2018,6,12,4,3,0,0,8.271865,0
1,2018,6,12,5,0,0,0,8.271865,0
1,2018,6,12,5,1,0,0,10.90456,0
1,2018,6,12,5,2,0,0,8.901598,0
1,2018,6,12,5,3,0,0,4.983214,0
1,2018,6,12,6,0,0,0,10.763531,0
1,2018,6,12,6,1,0,0,10.235151,0
1,2018,6,12,6,2,0,0,11.992741,0
1,2018,6,12,6,3,0,0,8.474294,0
1,2018,6,12,7,0,0,0,5.409639,0
1,2018,6,12,7,1,0,0,7.718462,0
1,2018,6,12,7,2,0,0,7.615125,0
1,2018,6,12,7,3,0,0,3.559037,0
1,2018,6,12,8,0,0,0,3.559037,0
1,2018,6,12,8,1,0,0,4.604241,0
1,2018,6,12,8,2,0,0,9.136061,0
1,2018,6,12,8,3,0,0,17.983872,0
1,2018,6,12,9,0,0,0,20.668664,0
1,2018,6,12,9,1,0,0,15.883905,0
1,2018,6,12,9,2,0,0,30.287805,0
1,2018,6,12,9,3,0,0,29.230262,0
1,2018,6,12,10,0,0,0,30.986448,0
1,2018,6,12,10,1,0,0,35.841765,0
1,2018,6,12,10,2,0,0,39.29058,0
1,2018,6,12,10,3,0,0,38.17613,0
1,2018,6,12,11,0,0,0,34.449885,0
1,2018,6,12,11,1,0,0,33.192557,0
1,2018,6,12,11,2,0,0,32.195399,0
1,2018,6,12,11,3,0,0,21.576288,0
1,2018,6,12,12,0,0,0,35.035219,0
1,2018,6,12,12,1,0,0,21.659261,0
1,2018,6,12,12,2,0,0,27.462417,0
1,2018,6,12,12,3,0,0,37.310254,0
1,2018,6,12,13,0,0,0,23.487042,0
1,2018,6,12,13,1,0,0,17.19817,0
1,2018,6,12,13,2,0,0,13.932016,0
1,2018,6,12,13,3,0,0,20.344922,0
1,2018,6,12,14,0,0,0,24.406183,0
1,2018,6,12,14,1,0,0,17.28798,0
1,2018,6,12,14,2,0,0,27.277224,0
1,2018,6,12,14,3,0,0,53.600518,0
1,2018,6,12,15,0,0,0,34.185187,0
1,2018,6,12,15,1,0,0,11.6393,0
1,2018,6,12,15,2,0,0,18.014919,0
1,2018,6,12,15,3,0,0,23.854439,0
1,2018,6,12,16,0,0,0,22.775499,0
1,2018,6,12,16,1,0,0,21.133166,0
1,2018,6,12,16,2,0,0,26.433454,0
1,2018,6,12,16,3,0,0,40.083797,0
1,2018,6,12,17,0,0,0,33.3129,0
1,2018,6,12,17,1,0,0,32.639213,0
1,2018,6,12,17,2,0,0,27.108211,0
1,2018,6,12,17,3,0,0,27.038558,0
1,2018,6,12,18,0,0,0,13.177273,0
1,2018,6,12,18,1,0,0,14.093679,0
1,2018,6,12,18,2,0,0,20.994707,0
1,2018,6,12,18,3,0,0,7.53376,0
1,2018,6,12,19,0,0,0,7.141125,0
1,2018,6,12,19,1,0,0,12.523557,0
1,2018,6,12,19,2,0,0,28.39718,0
1,2018,6,12,19,3,0,0,9.060672,0
1,2018,6,12,20,0,0,0,7.143105,0
1,2018,6,12,20,1,0,0,12.563312,0
1,2018,6,12,20,2,0,0,30.754651,0
1,2018,6,12,20,3,0,0,21.269088,0
1,2018,6,12,21,0,0,0,26.304941,0
1,2018,6,12,21,1,0,0,16.789379,0
1,2018,6,12,21,2,0,0,20.932583,0
1,2018,6,12,21,3,0,0,15.47421,0
1,2018,6,12,22,0,0,0,14.895355,0
1,2018,6,12,22,1,0,0,14.698915,0
1,2018,6,12,22,2,0,0,17.291885,0
1,2018,6,12,22,3,0,0,13.532857,0
1,2018,6,12,23,0,0,0,7.164597,0
1,2018,6,12,23,1,0,0,18.028559,0
1,2018,6,12,23,2,0,0,20.093559,0
1,2018,6,12,23,3,0,0,13.163692,0
1,2018,6,13,0,0,0,0,10.909977,0
1,2018,6,13,0,1,0,0,12.926895,0
1,2018,6,13,0,2,0,0,12.926895,0
1,2018,6,13,0,3,0,0,12.926895,0
1,2018,6,13,1,0,0,0,8.165849,0
1,2018,6,13,1,1,0,0,28.537903,0
1,2018,6,13,1,2,0,0,18.601193,0
1,2018,6,13,1,3,0,0,14.101557,0
1,2018,6,13,2,0,0,0,12.204252,0
1,2018,6,13,2,1,0,0,14.756952,0
1,2018,6,13,2,2,0,0,6.103352,0
1,2018,6,13,2,3,0,0,6.603352,0
1,2018,6,13,3,0,0,0,6.999954,0
1,2018,6,13,3,1,0,0,5.757001,0
1,2018,6,13,3,2,0,0,5.440777,0
1,2018,6,13,3,3,0,0,4.936628,0
1,2018,6,13,4,0,0,0,7.794497,0
1,2018,6,13,4,1,0,0,9.699743,0
1,2018,6,13,4,2,0,0,14.634484,0
1,2018,6,13,4,3,0,0,25.481688,0
1,2018,6,13,5,0,0,0,20.448293,0
1,2018,6,13,5,1,0,0,10.795066,0
1,2018,6,13,5,2,0,0,4.380784,0
1,2018,6,13,5,3,0,0,4.295269,0
1,2018,6,13,6,0,0,0,4.039851,0
1,2018,6,13,6,1,0,0,4.250729,0
1,2018,6,13,6,2,0,0,9.363586,0
1,2018,6,13,6,3,0,0,12.305724,0
1,2018,6,13,7,0,0,0,3.923819,0
1,2018,6,13,7,1,0,0,12.048576,0
1,2018,6,13,7,2,0,0,17.440927,0
1,2018,6,13,7,3,0,0,21.130936,0
1,2018,6,13,8,0,0,0,16.623061,0
1,2018,6,13,8,1,0,0,13.05776,0
1,2018,6,13,8,2,0,0,10.564597,0
1,2018,6,13,8,3,0,0,16.846091,0
1,2018,6,13,9,0,0,0,34.232526,0
1,2018,6,13,9,1,0,0,35.507683,0
1,2018,6,13,9,2,0,0,24.813394,0
1,2018,6,13,9,3,0,0,27.811461,0
1,2018,6,13,10,0,0,0,29.75367,0
1,2018,6,13,10,1,0,0,25.189608,0
1,2018,6,13,10,2,0,0,18.688736,0
1,2018,6,13,10,3,0,0,27.096206,0
1,2018,6,13,11,0,0,0,21.2217,0
1,2018,6,13,11,1,0,0,20.460436,0
1,2018,6,13,11,2,0,0,30.257389,0
1,2018,6,13,11,3,0,0,34.699524,0
1,2018,6,13,12,0,0,0,32.91896,0
1,2018,6,13,12,1,0,0,36.968193,0
1,2018,6,13,12,2,0,0,33.201461,0
1,2018,6,13,12,3,0,0,27.647556,0
1,2018,6,13,13,0,0,0,35.876093,0
1,2018,6,13,13,1,0,0,33.911017,0
1,2018,6,13,13,2,0,0,30.262474,0
1,2018,6,13,13,3,0,0,37.863575,0
1,2018,6,13,14,0,0,0,33.323511,0
1,2018,6,13,14,1,0,0,32.564408,0
1,2018,6,13,14,2,0,0,24.191095,0
1,2018,6,13,14,3,0,0,22.44439,0
1,2018,6,13,15,0,0,0,28.222296,0
1,2018,6,13,15,1,0,0,30.420591,0
1,2018,6,13,15,2,0,0,31.571312,0
1,2018,6,13,15,3,0,0,26.727046,0
1,2018,6,13,16,0,0,0,29.843748,0
1,2018,6,13,16,1,0,0,33.768986,0
1,2018,6,13,16,2,0,0,27.799064,0
1,2018,6,13,16,3,0,0,32.745888,0
1,2018,6,13,17,0,0,0,26.569787,0
1,2018,6,13,17,1,0,0,28.391123,0
1,2018,6,13,17,2,0,0,39.802063,0
1,2018,6,13,17,3,0,0,33.394434,0
1,2018,6,13,18,0,0,0,15.973583,0
1,2018,6,13,18,1,0,0,15.362764,0
1,2018,6,13,18,2,0,0,10.026612,0
1,2018,6,13,18,3,0,0,23.019617,0
1,2018,6,13,19,0,0,0,33.280511,0
1,2018,6,13,19,1,0,0,32.513451,0
1,2018,6,13,19,2,0,0,25.013989,0
1,2018,6,13,19,3,0,0,24.761199,0
1,2018,6,13,20,0,0,0,18.346304,0
1,2018,6,13,20,1,0,0,22.721513,0
1,2018,6,13,20,2,0,0,23.533749,0
1,2018,6,13,20,3,0,0,11.912548,0
1,2018,6,13,21,0,0,0,9.735912,0
1,2018,6,13,21,1,0,0,16.846288,0
1,2018,6,13,21,2,0,0,19.722578,0
1,2018,6,13,21,3,0,0,18.613524,0
1,2018,6,13,22,0,0,0,13.469322,0
1,2018,6,13,22,1,0,0,14.551291,0
1,2018,6,13,22,2,0,0,10.217182,0
1,2018,6,13,22,3,0,0,18.939495,0
1,2018,6,13,23,0,0,0,7.201122,0
1,2018,6,13,23,1,0,0,3.345884,0
1,2018,6,13,23,2,0,0,4.538949,0
1,2018,6,13,23,3,0,0,8.161843,0
1,2018,6,14,0,0,0,0,12.044966,0
1,2018,6,14,0,1,0,0,12.912954,0
1,2018,6,14,0,2,0,0,5.06073,0
1,2018,6,14,0,3,0,0,3.13273,0
1,2018,6,14,1,0,0,0,3.13273,0
1,2018,6,14,1,1,0,0,17.882855,0
1,2018,6,14,1,2,0,0,8.115705,0
1,2018,6,14,1,3,0,0,4.06183,0
1,2018,6,14,2,0,0,0,4.06183,0
1,2018,6,14,2,1,0,0,4.06183,0
1,2018,6,14,2,2,0,0,4.06183,0
1,2018,6,14,2,3,0,0,4.06183,0
1,2018,6,14,3,0,0,0,4.06183,0
1,2018,6,14,3,1,0,0,4.06183,0
1,2018,6,14,3,2,0,0,4.686916,0
1,2018,6,14,3,3,0,0,4.686916,0
1,2018,6,14,4,0,0,0,4.686916,0
1,2018,6,14,4,1,0,0,4.686916,0
1,2018,6,14,4,2,0,0,4.686916,0
1,2018,6,14,4,3,0,0,6.086454,0
1,2018,6,14,5,0,0,0,12.384377,0
1,2018,6,14,5,1,0,0,11.744249,0
1,2018,6,14,5,2,0,0,21.480612,0
1,2018,6,14,5,3,0,0,13.199886,0
1,2018,6,14,6,0,0,0,5.368495,0
1,2018,6,14,6,1,0,0,5.855337,0
1,2018,6,14,6,2,0,0,4.686916,0
1,2018,6,14,6,3,0,0,8.080573,0
1,2018,6,14,7,0,0,0,11.727357,0
1,2018,6,14,7,1,0,0,15.071466,0
1,2018,6,14,7,2,0,0,12.476505,0
1,2018,6,14,7,3,0,0,14.442584,0
1,2018,6,14,8,0,0,0,10.04436,0
1,2018,6,14,8,1,0,0,7.401084,0
1,2018,6,14,8,2,0,0,12.390049,0
1,2018,6,14,8,3,0,0,15.772439,0
1,2018,6,14,9,0,0,0,35.050523,0
1,2018,6,14,9,1,0,0,32.73787,0
1,2018,6,14,9,2,0,0,17.948794,0
1,2018,6,14,9,3,0,0,14.706961,0
1,2018,6,14,10,0,0,0,20.371473,0
1,2018,6,14,10,1,0,0,37.196864,0
1,2018,6,14,10,2,0,0,41.727457,0
1,2018,6,14,10,3,0,0,31.221896,0
1,2018,6,14,11,0,0,0,20.114102,0
1,2018,6,14,11,1,0,0,19.739185,0
1,2018,6,14,11,2,0,0,23.420565,0
1,2018,6,14,11,3,0,0,32.733093,0
1,2018,6,14,12,0,0,0,40.903646,0
1,2018,6,14,12,1,0,0,35.051792,0
1,2018,6,14,12,2,0,0,34.304193,0
1,2018,6,14,12,3,0,0,38.318775,0
1,2018,6,14,13,0,0,0,35.278755,0
1,2018,6,14,13,1,0,0,37.108986,0
1,2018,6,14,13,2,0,0,37.260142,0
1,2018,6,14,13,3,0,0,27.653518,0
1,2018,6,14,14,0,0,0,22.807556,0
1,2018,6,14,14,1,0,0,18.262874,0
1,2018,6,14,14,2,0,0,16.46742,0
1,2018,6,14,14,3,0,0,10.211448,0
1,2018,6,14,15,0,0,0,20.922298,0
1,2018,6,14,15,1,0,0,34.043833,0
1,2018,6,14,15,2,0,0,33.033113,0
1,2018,6,14,15,3,0,0,25.854149,0
1,2018,6,14,16,0,0,0,40.539995,0
1,2018,6,14,16,1,0,0,32.938554,0
1,2018,6,14,16,2,0,0,37.202749,0
1,2018,6,14,16,3,0,0,34.875056,0
1,2018,6,14,17,0,0,0,20.159457,0
1,2018,6,14,17,1,0,0,24.54598,0
1,2018,6,14,17,2,0,0,21.657287,0
1,2018,6,14,17,3,0,0,16.363279,0
1,2018,6,14,18,0,0,0,11.387065,0
1,2018,6,14,18,1,0,0,22.317527,0
1,2018,6,14,18,2,0,0,11.974342,0
1,2018,6,14,18,3,0,0,20.197751,0
1,2018,6,14,19,0,0,0,28.902744,0
1,2018,6,14,19,1,0,0,35.641151,0
1,2018,6,14,19,2,0,0,31.300615,0
1,2018,6,14,19,3,0,0,12.953302,0
1,2018,6,14,20,0,0,0,16.690145,0
1,2018,6,14,20,1,0,0,29.734964,0
1,2018,6,14,20,2,0,0,20.109736,0
1,2018,6,14,20,3,0,0,12.414463,0
1,2018,6,14,21,0,0,0,9.339073,0
1,2018,6,14,21,1,0,0,12.577225,0
1,2018,6,14,21,2,0,0,5.653228,0
1,2018,6,14,21,3,0,0,21.810517,0
1,2018,6,14,22,0,0,0,27.775762,0
1,2018,6,14,22,1,0,0,18.67795,0
1,2018,6,14,22,2,0,0,8.230464,0
1,2018,6,14,22,3,0,0,11.031395,0
1,2018,6,14,23,0,0,0,16.2453,0
1,2018,6,14,23,1,0,0,3.569757,0
1,2018,6,14,23,2,0,0,2.139169,0
1,2018,6,14,23,3,0,0,2.139169,0
1,2018,6,15,0,0,0,0,2.139169,0
1,2018,6,15,0,1,0,0,5.269322,0
1,2018,6,15,0,2,0,0,16.676971,0
1,2018,6,15,0,3,0,0,12.556212,0
1,2018,6,15,1,0,0,0,7.739169,0
1,2018,6,15,1,1,0,0,18.644126,0
1,2018,6,15,1,2,0,0,24.330322,0
1,2018,6,15,1,3,0,0,19.055557,0
1,2018,6,15,2,0,0,0,4.238669,0
1,2018,6,15,2,1,0,0,2.139169,0
1,2018,6,15,2,2,0,0,2.139169,0
1,2018,6,15,2,3,0,0,3.106125,0
1,2018,6,15,3,0,0,0,5.765255,0
1,2018,6,15,3,1,0,0,5.765255,0
1,2018,6,15,3,2,0,0,5.040038,0
1,2018,6,15,3,3,0,0,2.139169,0
1,2018,6,15,4,0,0,0,2.139169,0
1,2018,6,15,4,1,0,0,9.274778,0
1,2018,6,15,4,2,0,0,9.274778,0
1,2018,6,15,4,3,0,0,19.262202,0
1,2018,6,15,5,0,0,0,18.826472,0
1,2018,6,15,5,1,0,0,7.623613,0
1,2018,6,15,5,2,0,0,2.139169,0
1,2018,6,15,5,3,0,0,2.139169,0
1,2018,6,15,6,0,0,0,4.115878,0
1,2018,6,15,6,1,0,0,7.478654,0
1,2018,6,15,6,2,0,0,1.441598,0
1,2018,6,15,6,3,0,0,5.065288,0
1,2018,6,15,7,0,0,0,12.689996,0
1,2018,6,15,7,1,0,0,9.640734,0
1,2018,6,15,7,2,0,0,7.64096,0
1,2018,6,15,7,3,0,0,12.204641,0
1,2018,6,15,8,0,0,0,11.086772,0
1,2018,6,15,8,1,0,0,10.962938,0
1,2018,6,15,8,2,0,0,19.865681,0
1,2018,6,15,8,3,0,0,21.882283,0
1,2018,6,15,9,0,0,0,26.08611,0
1,2018,6,15,9,1,0,0,28.802877,0
1,2018,6,15,9,2,0,0,31.379229,0
1,2018,6,15,9,3,0,0,37.243936,0
1,2018,6,15,10,0,0,0,24.646503,0
1,2018,6,15,10,1,0,0,35.638337,0
1,2018,6,15,10,2,0,0,30.104068,0
1,2018,6,15,10,3,0,0,44.523008,0
1,2018,6,15,11,0,0,0,34.316513,0
1,2018,6,15,11,1,0,0,21.473668,0
1,2018,6,15,11,2,0,0,22.076919,0
1,2018,6,15,11,3,0,0,16.234331,0
1,2018,6,15,12,0,0,0,17.995867,0
1,2018,6,15,12,1,0,0,21.282805,0
1,2018,6,15,12,2,0,0,20.3007,0
1,2018,6,15,12,3,0,0,20.373594,0
1,2018,6,15,13,0,0,0,30.662352,0
1,2018,6,15,13,1,0,0,23.760294,0
1,2018,6,15,13,2,0,0,30.050563,0
1,2018,6,15,13,3,0,0,26.145668,0
1,2018,6,15,14,0,0,0,28.775348,0
1,2018,6,15,14,1,0,0,23.497649,0
1,2018,6,15,14,2,0,0,31.885326,0
1,2018,6,15,14,3,0,0,21.925351,0
1,2018,6,15,15,0,0,0,15.825475,0
1,2018,6,15,15,1,0,0,10.776082,0
1,2018,6,15,15,2,0,0,16.9401,0
1,2018,6,15,15,3,0,0,22.642202,0
1,2018,6,15,16,0,0,0,22.124923,0
1,2018,6,15,16,1,0,0,21.798958,0
1,2018,6,15,16,2,0,0,28.766484,0
1,2018,6,15,16,3,0,0,28.852838,0
1,2018,6,15,17,0,0,0,30.933269,0
1,2018,6,15,17,1,0,0,32.947335,0
1,2018,6,15,17,2,0,0,20.331583,0
1,2018,6,15,17,3,0,0,18.335014,0
1,2018,6,15,18,0,0,0,25.433741,0
1,2018,6,15,18,1,0,0,26.332703,0
1,2018,6,15,18,2,0,0,32.671184,0
1,2018,6,15,18,3,0,0,38.067417,0
1,2018,6,15,19,0,0,0,39.996081,0
1,2018,6,15,19,1,0,0,35.56633,0
1,2018,6,15,19,2,0,0,34.448404,0
1,2018,6,15,19,3,0,0,27.969586,0
1,2018,6,15,20,0,0,0,23.700762,0
1,2018,6,15,20,1,0,0,17.976812,0
1,2018,6,15,20,2,0,0,21.256526,0
1,2018,6,15,20,3,0,0,12.079862,0
1,2018,6,15,21,0,0,0,5.896606,0
1,2018,6,15,21,1,0,0,15.826455,0
1,2018,6,15,21,2,0,0,16.240498,0
1,2018,6,15,21,3,0,0,24.417788,0
1,2018,6,15,22,0,0,0,13.154618,0
1,2018,6,15,22,1,0,0,12.648072,0
1,2018,6,15,22,2,0,0,23.997151,0
1,2018,6,15,22,3,0,0,36.211301,0
1,2018,6,15,23,0,0,0,19.365473,0
1,2018,6,15,23,1,0,0,10.852485,0
1,2018,6,15,23,2,0,0,8.804037,0
1,2018,6,15,23,3,0,0,6.141126,0
1,2018,6,16,0,0,0,0,13.963818,0
1,2018,6,16,0,1,0,0,12.239848,0
1,2018,6,16,0,2,0,0,7.62225,0
1,2018,6,16,0,3,0,0,5.496905,0
1,2018,6,16,1,0,0,0,16.310917,0
1,2018,6,16,1,1,0,0,23.417893,0
1,2018,6,16,1,2,0,0,15.204589,0
1,2018,6,16,1,3,0,0,11.369271,0
1,2018,6,16,2,0,0,0,27.228594,0
1,2018,6,16,2,1,0,0,35.155558,0
1,2018,6,16,2,2,0,0,14.430798,0
1,2018,6,16,2,3,0,0,4.495508,0
1,2018,6,16,3,0,0,0,4.495508,0
1,2018,6,16,3,1,0,0,4.495508,0
1,2018,6,16,3,2,0,0,6.335508,0
1,2018,6,16,3,3,0,0,12.918603,0
1,2018,6,16,4,0,0,0,14.662586,0
1,2018,6,16,4,1,0,0,15.295989,0
1,2018,6,16,4,2,0,0,8.693853,0
1,2018,6,16,4,3,0,0,4.495508,0
1,2018,6,16,5,0,0,0,4.495508,0
1,2018,6,16,5,1,0,0,5.136285,0
1,2018,6,16,5,2,0,0,6.069685,0
1,2018,6,16,5,3,0,0,11.496003,0
1,2018,6,16,6,0,0,0,20.626528,0
1,2018,6,16,6,1,0,0,20.935571,0
1,2018,6,16,6,2,0,0,5.785545,0
1,2018,6,16,6,3,0,0,5.176175,0
1,2018,6,16,7,0,0,0,4.809694,0
1,2018,6,16,7,1,0,0,4.222158,0
1,2018,6,16,7,2,0,0,4.220263,0
1,2018,6,16,7,3,0,0,3.541773,0
1,2018,6,16,8,0,0,0,4.575542,0
1,2018,6,16,8,1,0,0,15.615228,0
1,2018,6,16,8,2,0,0,16.410228,0
1,2018,6,16,8,3,0,0,10.917341,0
1,2018,6,16,9,0,0,0,13.998945,0
1,2018,6,16,9,1,0,0,11.943643,0
1,2018,6,16,9,2,0,0,23.8595,0
1,2018,6,16,9,3,0,0,17.627364,0
1,2018,6,16,10,0,0,0,24.90474,0
1,2018,6,16,10,1,0,0,14.28707,0
1,2018,6,16,10,2,0,0,10.470083,0
1,2018,6,16,10,3,0,0,13.389133,0
1,2018,6,16,11,0,0,0,10.613155,0
1,2018,6,16,11,1,0,0,12.15741,0
1,2018,6,16,11,2,0,0,14.824558,0
1,2018,6,16,11,3,0,0,15.079275,0
1,2018,6,16,12,0,0,0,16.417501,0
1,2018,6,16,12,1,0,0,19.291803,0
1,2018,6,16,12,2,0,0,22.729173,0
1,2018,6,16,12,3,0,0,28.990957,0
1,2018,6,16,13,0,0,0,33.556423,0
1,2018,6,16,13,1,0,0,32.987525,0
1,2018,6,16,13,2,0,0,30.686212,0
1,2018,6,16,13,3,0,0,22.003745,0
1,2018,6,16,14,0,0,0,17.553366,0
1,2018,6,16,14,1,0,0,29.061237,0
1,2018,6,16,14,2,0,0,33.01816,0
1,2018,6,16,14,3,0,0,24.643711,0
1,2018,6,16,15,0,0,0,24.198322,0
1,2018,6,16,15,1,0,0,25.126088,0
1,2018,6,16,15,2,0,0,35.561284,0
1,2018,6,16,15,3,0,0,38.597537,0
1,2018,6,16,16,0,0,0,44.577668,0
1,2018,6,16,16,1,0,0,33.700242,0
1,2018,6,16,16,2,0,0,22.536105,0
1,2018,6,16,16,3,0,0,22.700985,0
1,2018,6,16,17,0,0,0,36.850762,0
1,2018,6,16,17,1,0,0,34.8953,0
1,2018,6,16,17,2,0,0,24.761044,0
1,2018,6,16,17,3,0,0,42.159145,0
1,2018,6,16,18,0,0,0,31.411679,0
1,2018,6,16,18,1,0,0,29.782826,0
1,2018,6,16,18,2,0,0,20.543528,0
1,2018,6,16,18,3,0,0,6.337881,0
1,2018,6,16,19,0,0,0,7.243148,0
1,2018,6,16,19,1,0,0,13.287775,0
1,2018,6,16,19,2,0,0,30.428748,0
1,2018,6,16,19,3,0,0,20.363342,0
1,2018,6,16,20,0,0,0,19.554006,0
1,2018,6,16,20,1,0,0,34.658641,0
1,2018,6,16,20,2,0,0,38.657944,0
1,2018,6,16,20,3,0,0,29.337445,0
1,2018,6,16,21,0,0,0,22.585427,0
1,2018,6,16,21,1,0,0,27.064044,0
1,2018,6,16,21,2,0,0,19.385816,0
1,2018,6,16,21,3,0,0,19.228233,0
1,2018,6,16,22,0,0,0,12.00477,0
1,2018,6,16,22,1,0,0,6.460961,0
1,2018,6,16,22,2,0,0,9.075446,0
1,2018,6,16,22,3,0,0,7.844686,0
1,2018,6,16,23,0,0,0,15.741108,0
1,2018,6,16,23,1,0,0,25.302686,0
1,2018,6,16,23,2,0,0,12.978054,0
1,2018,6,16,23,3,0,0,2.899033,0
1,2018,6,17,0,0,0,0,15.69475,0
1,2018,6,17,0,1,0,0,34.642569,0
1,2018,6,17,0,2,0,0,43.073448,0
1,2018,6,17,0,3,0,0,20.731254,0
1,2018,6,17,1,0,0,0,13.739425,0
1,2018,6,17,1,1,0,0,16.57166,0
1,2018,6,17,1,2,0,0,35.794077,0
1,2018,6,17,1,3,0,0,34.673079,0
1,2018,6,17,2,0,0,0,45.841965,0
1,2018,6,17,2,1,0,0,42.927938,0
1,2018,6,17,2,2,0,0,35.879713,0
1,2018,6,17,2,3,0,0,29.178292,0
1,2018,6,17,3,0,0,0,24.385276,0
1,2018,6,17,3,1,0,0,18.186708,0
1,2018,6,17,3,2,0,0,2.929225,0
1,2018,6,17,3,3,0,0,13.783074,0
1,2018,6,17,4,0,0,0,24.29735,0
1,2018,6,17,4,1,0,0,9.103775,0
1,2018,6,17,4,2,0,0,19.89847,0
1,2018,6,17,4,3,0,0,25.075065,0
1,2018,6,17,5,0,0,0,12.11752,0
1,2018,6,17,5,1,0,0,17.988091,0
1,2018,6,17,5,2,0,0,11.298181,0
1,2018,6,17,5,3,0,0,15.515852,0
1,2018,6,17,6,0,0,0,12.299788,0
1,2018,6,17,6,1,0,0,10.439014,0
1,2018,6,17,6,2,0,0,11.444181,0
1,2018,6,17,6,3,0,0,3.795307,0
1,2018,6,17,7,0,0,0,4.49613,0
1,2018,6,17,7,1,0,0,18.274985,0
1,2018,6,17,7,2,0,0,18.992251,0
1,2018,6,17,7,3,0,0,4.734963,0
1,2018,6,17,8,0,0,0,9.949373,0
1,2018,6,17,8,1,0,0,1.986516,0
1,2018,6,17,8,2,0,0,2.176916,0
1,2018,6,17,8,3,0,0,4.982857,0
1,2018,6,17,9,0,0,0,5.620208,0
1,2018,6,17,9,1,0,0,5.429808,0
1,2018,6,17,9,2,0,0,9.962558,0
1,2018,6,17,9,3,0,0,11.872027,0
1,2018,6,17,10,0,0,0,12.46345,0
1,2018,6,17,10,1,0,0,16.848838,0
1,2018,6,17,10,2,0,0,19.532955,0
1,2018,6,17,10,3,0,0,21.325443,0
1,2018,6,17,11,0,0,0,21.857142,0
1,2018,6,17,11,1,0,0,29.443427,0
1,2018,6,17,11,2,0,0,25.503638,0
1,2018,6,17,11,3,0,0,17.492228,0
1,2018,6,17,12,0,0,0,21.871153,0
1,2018,6,17,12,1,0,0,40.71463,0
1,2018,6,17,12,2,0,0,24.221912,0
1,2018,6,17,12,3,0,0,27.400784,0
1,2018,6,17,13,0,0,0,30.563752,0
1,2018,6,17,13,1,0,0,26.025341,0
1,2018,6,17,13,2,0,0,23.382002,0
1,2018,6,17,13,3,0,0,14.825932,0
1,2018,6,17,14,0,0,0,41.562522,0
1,2018,6,17,14,1,0,0,38.914893,0
1,2018,6,17,14,2,0,0,34.94387,0
1,2018,6,17,14,3,0,0,26.842014,0
1,2018,6,17,15,0,0,0,24.806165,0
1,2018,6,17,15,1,0,0,20.284117,0
1,2018,6,17,15,2,0,0,17.977273,0
1,2018,6,17,15,3,0,0,33.06111,0
1,2018,6,17,16,0,0,0,40.818617,0
1,2018,6,17,16,1,0,0,34.306901,0
1,2018,6,17,16,2,0,0,38.156332,0
1,2018,6,17,16,3,0,0,41.466531,0
1,2018,6,17,17,0,0,0,24.39715,0
1,2018,6,17,17,1,0,0,23.464816,0
1,2018,6,17,17,2,0,0,30.655108,0
1,2018,6,17,17,3,0,0,37.997457,0
1,2018,6,17,18,0,0,0,39.495803,0
1,2018,6,17,18,1,0,0,27.468491,0
1,2018,6,17,18,2,0,0,23.091905,0
1,2018,6,17,18,3,0,0,27.483141,0
1,2018,6,17,19,0,0,0,24.321141,0
1,2018,6,17,19,1,0,0,16.18332,0
1,2018,6,17,19,2,0,0,11.769606,0
1,2018,6,17,19,3,0,0,33.698033,0
1,2018,6,17,20,0,0,0,20.460032,0
1,2018,6,17,20,1,0,0,19.199632,0
1,2018,6,17,20,2,0,0,22.741637,0
1,2018,6,17,20,3,0,0,31.982304,0
1,2018,6,17,21,0,0,0,20.926027,0
1,2018,6,17,21,1,0,0,2.399417,0
1,2018,6,17,21,2,0,0,2.810746,0
1,2018,6,17,21,3,0,0,9.505809,0
1,2018,6,17,22,0,0,0,3.408195,0
1,2018,6,17,22,1,0,0,6.541404,0
1,2018,6,17,22,2,0,0,17.80737,0
1,2018,6,17,22,3,0,0,28.36719,0
1,2018,6,17,23,0,0,0,20.210033,0
1,2018,6,17,23,1,0,0,23.939571,0
1,2018,6,17,23,2,0,0,18.064553,0
1,2018,6,17,23,3,0,0,5.674613,0
1,2018,6,18,0,0,0,0,2.06269,0
1,2018,6,18,0,1,0,0,2.029206,0
1,2018,6,18,0,2,0,0,10.187232,0
1,2018,6,18,0,3,0,0,13.999884,0
1,2018,6,18,1,0,0,0,20.055646,0
1,2018,6,18,1,1,0,0,14.09142,0
1,2018,6,18,1,2,0,0,3.527463,0
1,2018,6,18,1,3,0,0,2.618038,0
1,2018,6,18,2,0,0,0,4.132204,0
1,2018,6,18,2,1,0,0,13.974288,0
1,2018,6,18,2,2,0,0,7.917621,0
1,2018,6,18,2,3,0,0,2.618038,0
1,2018,6,18,3,0,0,0,2.618038,0
1,2018,6,18,3,1,0,0,7.013438,0
1,2018,6,18,3,2,0,0,13.606538,0
1,2018,6,18,3,3,0,0,9.211138,0
1,2018,6,18,4,0,0,0,2.618038,0
1,2018,6,18,4,1,0,0,3.92518,0
1,2018,6,18,4,2,0,0,4.360895,0
1,2018,6,18,4,3,0,0,2.618038,0
1,2018,6,18,5,0,0,0,2.618038,0
1,2018,6,18,5,1,0,0,4.055875,0
1,2018,6,18,5,2,0,0,4.158578,0
1,2018,6,18,5,3,0,0,3.439659,0
1,2018,6,18,6,0,0,0,2.514979,0
1,2018,6,18,6,1,0,0,11.483178,0
1,2018,6,18,6,2,0,0,7.660546,0
1,2018,6,18,6,3,0,0,12.694906,0
1,2018,6,18,7,0,0,0,12.675868,0
1,2018,6,18,7,1,0,0,7.78343,0
1,2018,6,18,7,2,0,0,8.211165,0
1,2018,6,18,7,3,0,0,10.662126,0
1,2018,6,18,8,0,0,0,10.305578,0
1,2018,6,18,8,1,0,0,5.076022,0
1,2018,6,18,8,2,0,0,5.527957,0
1,2018,6,18,8,3,0,0,4.366208,0
1,2018,6,18,9,0,0,0,10.415607,0
1,2018,6,18,9,1,0,0,15.229641,0
1,2018,6,18,9,2,0,0,19.044295,0
1,2018,6,18,9,3,0,0,17.734901,0
1,2018,6,18,10,0,0,0,27.11751,0
1,2018,6,18,10,1,0,0,21.97439,0
1,2018,6,18,10,2,0,0,20.03095,0
1,2018,6,18,10,3,0,0,11.155085,0
1,2018,6,18,11,0,0,0,8.268691,0
1,2018,6,18,11,1,0,0,16.949181,0
1,2018,6,18,11,2,0,0,23.81095,0
1,2018,6,18,11,3,0,0,18.441965,0
1,2018,6,18,12,0,0,0,20.695652,0
1,2018,6,18,12,1,0,0,21.334824,0
1,2018,6,18,12,2,0,0,25.449641,0
1,2018,6,18,12,3,0,0,26.216351,0
1,2018,6,18,13,0,0,0,32.210053,0
1,2018,6,18,13,1,0,0,48.194036,0
1,2018,6,18,13,2,0,0,37.087589,0
1,2018,6,18,13,3,0,0,32.496379,0
1,2018,6,18,14,0,0,0,30.913275,0
1,2018,6,18,14,1,0,0,43.633802,0
1,2018,6,18,14,2,0,0,39.63341,0
1,2018,6,18,14,3,0,0,29.619882,0
1,2018,6,18,15,0,0,0,25.526941,0
1,2018,6,18,15,1,0,0,22.344363,0
1,2018,6,18,15,2,0,0,21.365723,0
1,2018,6,18,15,3,0,0,22.20751,0
1,2018,6,18,16,0,0,0,27.615059,0
1,2018,6,18,16,1,0,0,28.571615,0
1,2018,6,18,16,2,0,0,25.69935,0
1,2018,6,18,16,3,0,0,19.834668,0
1,2018,6,18,17,0,0,0,38.128792,0
1,2018,6,18,17,1,0,0,30.150174,0
1,2018,6,18,17,2,0,0,41.337727,0
1,2018,6,18,17,3,0,0,35.266651,0
1,2018,6,18,18,0,0,0,21.25022,0
1,2018,6,18,18,1,0,0,21.06916,0
1,2018,6,18,18,2,0,0,31.475057,0
1,2018,6,18,18,3,0,0,28.658336,0
1,2018,6,18,19,0,0,0,44.197468,0
1,2018,6,18,19,1,0,0,22.943248,0
1,2018,6,18,19,2,0,0,12.544041,0
1,2018,6,18,19,3,0,0,3.66318,0
1,2018,6,18,20,0,0,0,15.763355,0
1,2018,6,18,20,1,0,0,12.919362,0
1,2018,6,18,20,2,0,0,7.377597,0
1,2018,6,18,20,3,0,0,15.481101,0
1,2018,6,18,21,0,0,0,12.674848,0
1,2018,6,18,21,1,0,0,16.986296,0
1,2018,6,18,21,2,0,0,15.113939,0
1,2018,6,18,21,3,0,0,18.714939,0
1,2018,6,18,22,0,0,0,16.658047,0
1,2018,6,18,22,1,0,0,14.851023,0
1,2018,6,18,22,2,0,0,5.995184,0
1,2018,6,18,22,3,0,0,2.680017,0
1,2018,6,18,23,0,0,0,2.680017,0
1,2018,6,18,23,1,0,0,12.932239,0
1,2018,6,18,23,2,0,0,15.862128,0
1,2018,6,18,23,3,0,0,11.456684,0
1,2018,6,19,0,0,0,0,5.803743,0
1,2018,6,19,0,1,0,0,13.496393,0
1,2018,6,19,0,2,0,0,16.888317,0
1,2018,6,19,0,3,0,0,5.693055,0
1,2018,6,19,1,0,0,0,3.498174,0
1,2018,6,19,1,1,0,0,3.498174,0
1,2018,6,19,1,2,0,0,3.498174,0
1,2018,6,19,1,3,0,0,3.498174,0
1,2018,6,19,2,0,0,0,3.498174,0
1,2018,6,19,2,1,0,0,3.498174,0
1,2018,6,19,2,2,0,0,3.498174,0
1,2018,6,19,2,3,0,0,3.498174,0
1,2018,6,19,3,0,0,0,3.498174,0
1,2018,6,19,3,1,0,0,3.498174,0
1,2018,6,19,3,2,0,0,3.498174,0
1,2018,6,19,3,3,0,0,3.498174,0
1,2018,6,19,4,0,0,0,3.498174,0
1,2018,6,19,4,1,0,0,3.498174,0
1,2018,6,19,4,2,0,0,5.452911,0
1,2018,6,19,4,3,0,0,10.828437,0
1,2018,6,19,5,0,0,0,3.498174,0
1,2018,6,19,5,1,0,0,3.498174,0
1,2018,6,19,5,2,0,0,3.498174,0
1,2018,6,19,5,3,0,0,3.498174,0
1,2018,6,19,6,0,0,0,4.025366,0
1,2018,6,19,6,1,0,0,9.061414,0
1,2018,6,19,6,2,0,0,3.24897,0
1,2018,6,19,6,3,0,0,13.395853,0
1,2018,6,19,7,0,0,0,21.958464,0
1,2018,6,19,7,1,0,0,23.147726,0
1,2018,6,19,7,2,0,0,7.369383,0
1,2018,6,19,7,3,0,0,7.376777,0
1,2018,6,19,8,0,0,0,8.944359,0
1,2018,6,19,8,1,0,0,3.013156,0
1,2018,6,19,8,2,0,0,4.009283,0
1,2018,6,19,8,3,0,0,6.184611,0
1,2018,6,19,9,0,0,0,31.100583,0
1,2018,6,19,9,1,0,0,36.943035,0
1,2018,6,19,9,2,0,0,20.577323,0
1,2018,6,19,9,3,0,0,24.433553,0
1,2018,6,19,10,0,0,0,37.653132,0
1,2018,6,19,10,1,0,0,37.193651,0
1,2018,6,19,10,2,0,0,39.049729,0
1,2018,6,19,10,3,0,0,28.108989,0
1,2018,6,19,11,0,0,0,31.201273,0
1,2018,6,19,11,1,0,0,28.298227,0
1,2018,6,19,11,2,0,0,38.549096,0
1,2018,6,19,11,3,0,0,28.279427,0
1,2018,6,19,12,0,0,0,17.900556,0
1,2018,6,19,12,1,0,0,23.548588,0
1,2018,6,19,12,2,0,0,31.488924,0
1,2018,6,19,12,3,0,0,21.443716,0
1,2018,6,19,13,0,0,0,10.95165,0
1,2018,6,19,13,1,0,0,23.375355,0
1,2018,6,19,13,2,0,0,28.824688,0
1,2018,6,19,13,3,0,0,21.325807,0
1,2018,6,19,14,0,0,0,32.762206,0
1,2018,6,19,14,1,0,0,21.499056,0
1,2018,6,19,14,2,0,0,38.643617,0
1,2018,6,19,14,3,0,0,37.625988,0
1,2018,6,19,15,0,0,0,32.440785,0
1,2018,6,19,15,1,0,0,25.411381,0
1,2018,6,19,15,2,0,0,29.418609,0
1,2018,6,19,15,3,0,0,35.728577,0
1,2018,6,19,16,0,0,0,37.512383,0
1,2018,6,19,16,1,0,0,35.881428,0
1,2018,6,19,16,2,0,0,47.47685,0
1,2018,6,19,16,3,0,0,22.069351,0
1,2018,6,19,17,0,0,0,22.680111,0
1,2018,6,19,17,1,0,0,30.369149,0
1,2018,6,19,17,2,0,0,30.522119,0
1,2018,6,19,17,3,0,0,31.591248,0
1,2018,6,19,18,0,0,0,23.560762,0
1,2018,6,19,18,1,0,0,21.912241,0
1,2018,6,19,18,2,0,0,22.106694,0
1,2018,6,19,18,3,0,0,21.055444,0
1,2018,6,19,19,0,0,0,18.521621,0
1,2018,6,19,19,1,0,0,17.992045,0
1,2018,6,19,19,2,0,0,13.236127,0
1,2018,6,19,19,3,0,0,9.046635,0
1,2018,6,19,20,0,0,0,18.32951,0
1,2018,6,19,20,1,0,0,23.001539,0
1,2018,6,19,20,2,0,0,15.794229,0
1,2018,6,19,20,3,0,0,8.106645,0
1,2018,6,19,21,0,0,0,5.642011,0
1,2018,6,19,21,1,0,0,9.880799,0
1,2018,6,19,21,2,0,0,11.908867,0
1,2018,6,19,21,3,0,0,15.753228,0
1,2018,6,19,22,0,0,0,20.926422,0
1,2018,6,19,22,1,0,0,35.097679,0
1,2018,6,19,22,2,0,0,25.348967,0
1,2018,6,19,22,3,0,0,18.940212,0
1,2018,6,19,23,0,0,0,19.832224,0
1,2018,6,19,23,1,0,0,14.694505,0
1,2018,6,19,23,2,0,0,17.381557,0
1,2018,6,19,23,3,0,0,23.360025,0
1,2018,6,20,0,0,0,0,15.329653,0
1,2018,6,20,0,1,0,0,10.885245,0
1,2018,6,20,0,2,0,0,5.345911,0
1,2018,6,20,0,3,0,0,4.69002,0
1,2018,6,20,1,0,0,0,7.037649,0
1,2018,6,20,1,1,0,0,9.644547,0
1,2018,6,20,1,2,0,0,16.700025,0
1,2018,6,20,1,3,0,0,14.602689,0
1,2018,6,20,2,0,0,0,8.743334,0
1,2018,6,20,2,1,0,0,3.616399,0
1,2018,6,20,2,2,0,0,3.616399,0
1,2018,6,20,2,3,0,0,3.616399,0
1,2018,6,20,3,0,0,0,3.616399,0
1,2018,6,20,3,1,0,0,3.616399,0
1,2018,6,20,3,2,0,0,3.616399,0
1,2018,6,20,3,3,0,0,3.616399,0
1,2018,6,20,4,0,0,0,3.911696,0
1,2018,6,20,4,1,0,0,3.957126,0
1,2018,6,20,4,2,0,0,11.137126,0
1,2018,6,20,4,3,0,0,12.487126,0
1,2018,6,20,5,0,0,0,5.663126,0
1,2018,6,20,5,1,0,0,3.957126,0
1,2018,6,20,5,2,0,0,4.785269,0
1,2018,6,20,5,3,0,0,14.015983,0
1,2018,6,20,6,0,0,0,7.684399,0
1,2018,6,20,6,1,0,0,7.059697,0
1,2018,6,20,6,2,0,0,7.059697,0
1,2018,6,20,6,3,0,0,11.668862,0
1,2018,6,20,7,0,0,0,12.327582,0
1,2018,6,20,7,1,0,0,10.255282,0
1,2018,6,20,7,2,0,0,15.154804,0
1,2018,6,20,7,3,0,0,15.839868,0
1,2018,6,20,8,0,0,0,12.76284,0
1,2018,6,20,8,1,0,0,10.423216,0
1,2018,6,20,8,2,0,0,11.826374,0
1,2018,6,20,8,3,0,0,21.403763,0
1,2018,6,20,9,0,0,0,9.221509,0
1,2018,6,20,9,1,0,0,29.963312,0
1,2018,6,20,9,2,0,0,33.450134,0
1,2018,6,20,9,3,0,0,18.58651,0
1,2018,6,20,10,0,0,0,31.729792,0
1,2018,6,20,10,1,0,0,36.671556,0
1,2018,6,20,10,2,0,0,28.484977,0
1,2018,6,20,10,3,0,0,35.192165,0
1,2018,6,20,11,0,0,0,31.731443,0
1,2018,6,20,11,1,0,0,22.188068,0
1,2018,6,20,11,2,0,0,27.185135,0
1,2018,6,20,11,3,0,0,28.119227,0
1,2018,6,20,12,0,0,0,29.409782,0
1,2018,6,20,12,1,0,0,32.205085,0
1,2018,6,20,12,2,0,0,42.184506,0
1,2018,6,20,12,3,0,0,39.427604,0
1,2018,6,20,13,0,0,0,40.441117,0
1,2018,6,20,13,1,0,0,33.980002,0
1,2018,6,20,13,2,0,0,33.870603,0
1,2018,6,20,13,3,0,0,29.687069,0
1,2018,6,20,14,0,0,0,47.790203,0
1,2018,6,20,14,1,0,0,36.461096,0
1,2018,6,20,14,2,0,0,27.688107,0
1,2018,6,20,14,3,0,0,34.474803,0
1,2018,6,20,15,0,0,0,36.399629,0
1,2018,6,20,15,1,0,0,26.106268,0
1,2018,6,20,15,2,0,0,37.53559,0
1,2018,6,20,15,3,0,0,33.414944,0
1,2018,6,20,16,0,0,0,18.48208,0
1,2018,6,20,16,1,0,0,21.507727,0
1,2018,6,20,16,2,0,0,29.492945,0
1,2018,6,20,16,3,0,0,32.940651,0
1,2018,6,20,17,0,0,0,27.692165,0
1,2018,6,20,17,1,0,0,25.275401,0
1,2018,6,20,17,2,0,0,23.176206,0
1,2018,6,20,17,3,0,0,37.714223,0
1,2018,6,20,18,0,0,0,25.519143,0
1,2018,6,20,18,1,0,0,27.286469,0
1,2018,6,20,18,2,0,0,13.70347,0
1,2018,6,20,18,3,0,0,4.233762,0
1,2018,6,20,19,0,0,0,4.457843,0
1,2018,6,20,19,1,0,0,11.843073,0
1,2018,6,20,19,2,0,0,25.172716,0
1,2018,6,20,19,3,0,0,24.958082,0
1,2018,6,20,20,0,0,0,12.615339,0
1,2018,6,20,20,1,0,0,23.067428,0
1,2018,6,20,20,2,0,0,27.713982,0
1,2018,6,20,20,3,0,0,23.524402,0
1,2018,6,20,21,0,0,0,6.685951,0
1,2018,6,20,21,1,0,0,12.381667,0
1,2018,6,20,21,2,0,0,11.146439,0
1,2018,6,20,21,3,0,0,10.304675,0
1,2018,6,20,22,0,0,0,18.863406,0
1,2018,6,20,22,1,0,0,13.115617,0
1,2018,6,20,22,2,0,0,12.412779,0
1,2018,6,20,22,3,0,0,4.902472,0
1,2018,6,20,23,0,0,0,11.752901,0
1,2018,6,20,23,1,0,0,10.100709,0
1,2018,6,20,23,2,0,0,8.922901,0
1,2018,6,20,23,3,0,0,20.211968,0
1,2018,6,21,0,0,0,0,26.884608,0
1,2018,6,21,0,1,0,0,17.350376,0
1,2018,6,21,0,2,0,0,18.298527,0
1,2018,6,21,0,3,0,0,22.694248,0
1,2018,6,21,1,0,0,0,8.388613,0
1,2018,6,21,1,1,0,0,10.240178,0
1,2018,6,21,1,2,0,0,11.1207,0
1,2018,6,21,1,3,0,0,7.773657,0
1,2018,6,21,2,0,0,0,7.449657,0
1,2018,6,21,2,1,0,0,13.014245,0
1,2018,6,21,2,2,0,0,6.435068,0
1,2018,6,21,2,3,0,0,2.283657,0
1,2018,6,21,3,0,0,0,2.423505,0
1,2018,6,21,3,1,0,0,2.633277,0
1,2018,6,21,3,2,0,0,2.633277,0
1,2018,6,21,3,3,0,0,2.633277,0
1,2018,6,21,4,0,0,0,2.633277,0
1,2018,6,21,4,1,0,0,5.736186,0
1,2018,6,21,4,2,0,0,9.282368,0
1,2018,6,21,4,3,0,0,13.587004,0
1,2018,6,21,5,0,0,0,9.92655,0
1,2018,6,21,5,1,0,0,2.633277,0
1,2018,6,21,5,2,0,0,2.633277,0
1,2018,6,21,5,3,0,0,6.474277,0
1,2018,6,21,6,0,0,0,9.701777,0
1,2018,6,21,6,1,0,0,5.860777,0
1,2018,6,21,6,2,0,0,2.633277,0
1,2018,6,21,6,3,0,0,3.477987,0
1,2018,6,21,7,0,0,0,3.832582,0
1,2018,6,21,7,1,0,0,15.308022,0
1,2018,6,21,7,2,0,0,8.715664,0
1,2018,6,21,7,3,0,0,10.999763,0
1,2018,6,21,8,0,0,0,17.280731,0
1,2018,6,21,8,1,0,0,26.107673,0
1,2018,6,21,8,2,0,0,8.086075,0
1,2018,6,21,8,3,0,0,4.877987,0
1,2018,6,21,9,0,0,0,7.87438,0
1,2018,6,21,9,1,0,0,17.622262,0
1,2018,6,21,9,2,0,0,15.235265,0
1,2018,6,21,9,3,0,0,20.229318,0
1,2018,6,21,10,0,0,0,27.757742,0
1,2018,6,21,10,1,0,0,29.612145,0
1,2018,6,21,10,2,0,0,35.533922,0
1,2018,6,21,10,3,0,0,26.058707,0
1,2018,6,21,11,0,0,0,24.605958,0
1,2018,6,21,11,1,0,0,27.470918,0
1,2018,6,21,11,2,0,0,33.059718,0
1,2018,6,21,11,3,0,0,31.289633,0
1,2018,6,21,12,0,0,0,25.929605,0
1,2018,6,21,12,1,0,0,16.979973,0
1,2018,6,21,12,2,0,0,16.214069,0
1,2018,6,21,12,3,0,0,13.792098,0
1,2018,6,21,13,0,0,0,35.836579,0
1,2018,6,21,13,1,0,0,26.790684,0
1,2018,6,21,13,2,0,0,15.105272,0
1,2018,6,21,13,3,0,0,28.116534,0
1,2018,6,21,14,0,0,0,28.825068,0
1,2018,6,21,14,1,0,0,17.365194,0
1,2018,6,21,14,2,0,0,19.929259,0
1,2018,6,21,14,3,0,0,18.673151,0
1,2018,6,21,15,0,0,0,25.555182,0
1,2018,6,21,15,1,0,0,25.242459,0
1,2018,6,21,15,2,0,0,24.845066,0
1,2018,6,21,15,3,0,0,21.112859,0
1,2018,6,21,16,0,0,0,14.985463,0
1,2018,6,21,16,1,0,0,18.313228,0
1,2018,6,21,16,2,0,0,33.682124,0
1,2018,6,21,16,3,0,0,35.930201,0
1,2018,6,21,17,0,0,0,40.418939,0
1,2018,6,21,17,1,0,0,37.954883,0
1,2018,6,21,17,2,0,0,34.368173,0
1,2018,6,21,17,3,0,0,20.573938,0
1,2018,6,21,18,0,0,0,24.351108,0
1,2018,6,21,18,1,0,0,32.031425,0
1,2018,6,21,18,2,0,0,37.358554,0
1,2018,6,21,18,3,0,0,24.012117,0
1,2018,6,21,19,0,0,0,24.870105,0
1,2018,6,21,19,1,0,0,11.661548,0
1,2018,6,21,19,2,0,0,8.922274,0
1,2018,6,21,19,3,0,0,23.182243,0
1,2018,6,21,20,0,0,0,26.465729,0
1,2018,6,21,20,1,0,0,23.469014,0
1,2018,6,21,20,2,0,0,22.343081,0
1,2018,6,21,20,3,0,0,19.263742,0
1,2018,6,21,21,0,0,0,17.287766,0
1,2018,6,21,21,1,0,0,30.20963,0
1,2018,6,21,21,2,0,0,18.984916,0
1,2018,6,21,21,3,0,0,9.894423,0
1,2018,6,21,22,0,0,0,16.371812,0
1,2018,6,21,22,1,0,0,11.766921,0
1,2018,6,21,22,2,0,0,9.594202,0
1,2018,6,21,22,3,0,0,4.664728,0
1,2018,6,21,23,0,0,0,4.664728,0
1,2018,6,21,23,1,0,0,4.175987,0
1,2018,6,21,23,2,0,0,3.442874,0
1,2018,6,21,23,3,0,0,10.357965,0
1,2018,6,22,0,0,0,0,14.767913,0
1,2018,6,22,0,1,0,0,32.23298,0
1,2018,6,22,0,2,0,0,30.919401,0
1,2018,6,22,0,3,0,0,22.199165,0
1,2018,6,22,1,0,0,0,13.470742,0
1,2018,6,22,1,1,0,0,20.513391,0
1,2018,6,22,1,2,0,0,5.158057,0
1,2018,6,22,1,3,0,0,3.928057,0
1,2018,6,22,2,0,0,0,7.255857,0
1,2018,6,22,2,1,0,0,5.656957,0
1,2018,6,22,2,2,0,0,7.003266,0
1,2018,6,22,2,3,0,0,4.542148,0
1,2018,6,22,3,0,0,0,3.928057,0
1,2018,6,22,3,1,0,0,3.928057,0
1,2018,6,22,3,2,0,0,3.234921,0
1,2018,6,22,3,3,0,0,6.974951,0
1,2018,6,22,4,0,0,0,7.552868,0
1,2018,6,22,4,1,0,0,9.224864,0
1,2018,6,22,4,2,0,0,6.999946,0
1,2018,6,22,4,3,0,0,19.279279,0
1,2018,6,22,5,0,0,0,17.71362,0
1,2018,6,22,5,1,0,0,12.599464,0
1,2018,6,22,5,2,0,0,9.118131,0
1,2018,6,22,5,3,0,0,15.544583,0
1,2018,6,22,6,0,0,0,11.014401,0
1,2018,6,22,6,1,0,0,8.898468,0
1,2018,6,22,6,2,0,0,5.194278,0
1,2018,6,22,6,3,0,0,3.114641,0
1,2018,6,22,7,0,0,0,3.146195,0
1,2018,6,22,7,1,0,0,3.756968,0
1,2018,6,22,7,2,0,0,4.734277,0
1,2018,6,22,7,3,0,0,6.526947,0
1,2018,6,22,8,0,0,0,6.68186,0
1,2018,6,22,8,1,0,0,5.791316,0
1,2018,6,22,8,2,0,0,22.767781,0
1,2018,6,22,8,3,0,0,32.891566,0
1,2018,6,22,9,0,0,0,35.834915,0
1,2018,6,22,9,1,0,0,45.047857,0
1,2018,6,22,9,2,0,0,41.580889,0
1,2018,6,22,9,3,0,0,52.101525,0
1,2018,6,22,10,0,0,0,36.977017,0
1,2018,6,22,10,1,0,0,21.907819,0
1,2018,6,22,10,2,0,0,15.764664,0
1,2018,6,22,10,3,0,0,29.145295,0
1,2018,6,22,11,0,0,0,21.257888,0
1,2018,6,22,11,1,0,0,17.510987,0
1,2018,6,22,11,2,0,0,34.498899,0
1,2018,6,22,11,3,0,0,35.731887,0
1,2018,6,22,12,0,0,0,40.110964,0
1,2018,6,22,12,1,0,0,35.062687,0
1,2018,6,22,12,2,0,0,34.865605,0
1,2018,6,22,12,3,0,0,30.086753,0
1,2018,6,22,13,0,0,0,32.614755,0
1,2018,6,22,13,1,0,0,16.60577,0
1,2018,6,22,13,2,0,0,14.355981,0
1,2018,6,22,13,3,0,0,33.083734,0
1,2018,6,22,14,0,0,0,39.055145,0
1,2018,6,22,14,1,0,0,41.154825,0
1,2018,6,22,14,2,0,0,26.971579,0
1,2018,6,22,14,3,0,0,21.346956,0
1,2018,6,22,15,0,0,0,30.786036,0
1,2018,6,22,15,1,0,0,19.825085,0
1,2018,6,22,15,2,0,0,19.307988,0
1,2018,6,22,15,3,0,0,18.589678,0
1,2018,6,22,16,0,0,0,31.706297,0
1,2018,6,22,16,1,0,0,29.474271,0
1,2018,6,22,16,2,0,0,37.929735,0
1,2018,6,22,16,3,0,0,22.507294,0
1,2018,6,22,17,0,0,0,22.226987,0
1,2018,6,22,17,1,0,0,29.436408,0
1,2018,6,22,17,2,0,0,25.746806,0
1,2018,6,22,17,3,0,0,15.739855,0
1,2018,6,22,18,0,0,0,21.544237,0
1,2018,6,22,18,1,0,0,38.630074,0
1,2018,6,22,18,2,0,0,42.684806,0
1,2018,6,22,18,3,0,0,27.310813,0
1,2018,6,22,19,0,0,0,8.349039,0
1,2018,6,22,19,1,0,0,13.015726,0
1,2018,6,22,19,2,0,0,15.436469,0
1,2018,6,22,19,3,0,0,31.944251,0
1,2018,6,22,20,0,0,0,20.043741,0
1,2018,6,22,20,1,0,0,12.195872,0
1,2018,6,22,20,2,0,0,25.46839,0
1,2018,6,22,20,3,0,0,31.099996,0
1,2018,6,22,21,0,0,0,30.564363,0
1,2018,6,22,21,1,0,0,40.655149,0
1,2018,6,22,21,2,0,0,33.848474,0
1,2018,6,22,21,3,0,0,41.580795,0
1,2018,6,22,22,0,0,0,17.566038,0
1,2018,6,22,22,1,0,0,19.576937,0
1,2018,6,22,22,2,0,0,20.239444,0
1,2018,6,22,22,3,0,0,11.898868,0
1,2018,6,22,23,0,0,0,2.765554,0
1,2018,6,22,23,1,0,0,2.548391,0
1,2018,6,22,23,2,0,0,19.508949,0
1,2018,6,22,23,3,0,0,19.220103,0
1,2018,6,23,0,0,0,0,10.837791,0
1,2018,6,23,0,1,0,0,28.215584,0
1,2018,6,23,0,2,0,0,7.999434,0
1,2018,6,23,0,3,0,0,5.762087,0
1,2018,6,23,1,0,0,0,3.346264,0
1,2018,6,23,1,1,0,0,5.871064,0
1,2018,6,23,1,2,0,0,23.850541,0
1,2018,6,23,1,3,0,0,37.83792,0
1,2018,6,23,2,0,0,0,49.266764,0
1,2018,6,23,2,1,0,0,37.633069,0
1,2018,6,23,2,2,0,0,23.5431,0
1,2018,6,23,2,3,0,0,9.559067,0
1,2018,6,23,3,0,0,0,11.882516,0
1,2018,6,23,3,1,0,0,6.167349,0
1,2018,6,23,3,2,0,0,12.710966,0
1,2018,6,23,3,3,0,0,3.494086,0
1,2018,6,23,4,0,0,0,4.290316,0
1,2018,6,23,4,1,0,0,8.743801,0
1,2018,6,23,4,2,0,0,8.693478,0
1,2018,6,23,4,3,0,0,7.397753,0
1,2018,6,23,5,0,0,0,11.186303,0
1,2018,6,23,5,1,0,0,11.297437,0
1,2018,6,23,5,2,0,0,5.265566,0
1,2018,6,23,5,3,0,0,13.712679,0
1,2018,6,23,6,0,0,0,25.051358,0
1,2018,6,23,6,1,0,0,19.796501,0
1,2018,6,23,6,2,0,0,10.173429,0
1,2018,6,23,6,3,0,0,13.325613,0
1,2018,6,23,7,0,0,0,15.397395,0
1,2018,6,23,7,1,0,0,16.982607,0
1,2018,6,23,7,2,0,0,18.801604,0
1,2018,6,23,7,3,0,0,9.99394,0
1,2018,6,23,8,0,0,0,10.502792,0
1,2018,6,23,8,1,0,0,13.399701,0
1,2018,6,23,8,2,0,0,4.889711,0
1,2018,6,23,8,3,0,0,4.849335,0
1,2018,6,23,9,0,0,0,5.81217,0
1,2018,6,23,9,1,0,0,6.849054,0
1,2018,6,23,9,2,0,0,16.426995,0
1,2018,6,23,9,3,0,0,21.991294,0
1,2018,6,23,10,0,0,0,14.738847,0
1,2018,6,23,10,1,0,0,19.301526,0
1,2018,6,23,10,2,0,0,6.737077,0
1,2018,6,23,10,3,0,0,11.240271,0
1,2018,6,23,11,0,0,0,28.807366,0
1,2018,6,23,11,1,0,0,33.355697,0
1,2018,6,23,11,2,0,0,17.828459,0
1,2018,6,23,11,3,0,0,21.101551,0
1,2018,6,23,12,0,0,0,19.071038,0
1,2018,6,23,12,1,0,0,28.53876,0
1,2018,6,23,12,2,0,0,22.955073,0
1,2018,6,23,12,3,0,0,33.220692,0
1,2018,6,23,13,0,0,0,37.331679,0
1,2018,6,23,13,1,0,0,18.422447,0
1,2018,6,23,13,2,0,0,20.884812,0
1,2018,6,23,13,3,0,0,15.895157,0
1,2018,6,23,14,0,0,0,38.371329,0
1,2018,6,23,14,1,0,0,19.724776,0
1,2018,6,23,14,2,0,0,22.237089,0
1,2018,6,23,14,3,0,0,19.157938,0
1,2018,6,23,15,0,0,0,20.272515,0
1,2018,6,23,15,1,0,0,20.426691,0
1,2018,6,23,15,2,0,0,26.084709,0
1,2018,6,23,15,3,0,0,25.917891,0
1,2018,6,23,16,0,0,0,26.112393,0
1,2018,6,23,16,1,0,0,38.734176,0
1,2018,6,23,16,2,0,0,34.978625,0
1,2018,6,23,16,3,0,0,23.646206,0
1,2018,6,23,17,0,0,0,35.970626,0
1,2018,6,23,17,1,0,0,28.81936,0
1,2018,6,23,17,2,0,0,8.546612,0
1,2018,6,23,17,3,0,0,24.297662,0
1,2018,6,23,18,0,0,0,31.659076,0
1,2018,6,23,18,1,0,0,29.671423,0
1,2018,6,23,18,2,0,0,32.890295,0
1,2018,6,23,18,3,0,0,25.211246,0
1,2018,6,23,19,0,0,0,19.164335,0
1,2018,6,23,19,1,0,0,28.066596,0
1,2018,6,23,19,2,0,0,34.661229,0
1,2018,6,23,19,3,0,0,36.67391,0
1,2018,6,23,20,0,0,0,35.710336,0
1,2018,6,23,20,1,0,0,33.339644,0
1,2018,6,23,20,2,0,0,39.508814,0
1,2018,6,23,20,3,0,0,31.34405,0
1,2018,6,23,21,0,0,0,26.800848,0
1,2018,6,23,21,1,0,0,27.222856,0
1,2018,6,23,21,2,0,0,30.695192,0
1,2018,6,23,21,3,0,0,20.103863,0
1,2018,6,23,22,0,0,0,6.22643,0
1,2018,6,23,22,1,0,0,19.161628,0
1,2018,6,23,22,2,0,0,22.646165,0
1,2018,6,23,22,3,0,0,30.765666,0
1,2018,6,23,23,0,0,0,23.411431,0
1,2018,6,23,23,1,0,0,18.505694,0
1,2018,6,23,23,2,0,0,13.599254,0
1,2018,6,23,23,3,0,0,4.860917,0
1,2018,6,24,0,0,0,0,7.795631,0
1,2018,6,24,0,1,0,0,12.112136,0
1,2018,6,24,0,2,0,0,9.747451,0
1,2018,6,24,0,3,0,0,23.241829,0
1,2018,6,24,1,0,0,0,25.611101,0
1,2018,6,24,1,1,0,0,28.63008,0
1,2018,6,24,1,2,0,0,35.849409,0
1,2018,6,24,1,3,0,0,30.035888,0
1,2018,6,24,2,0,0,0,31.155397,0
1,2018,6,24,2,1,0,0,36.918786,0
1,2018,6,24,2,2,0,0,24.422569,0
1,2018,6,24,2,3,0,0,6.51916,0
1,2018,6,24,3,0,0,0,1.949846,0
1,2018,6,24,3,1,0,0,1.949846,0
1,2018,6,24,3,2,0,0,7.188596,0
1,2018,6,24,3,3,0,0,28.176604,0
1,2018,6,24,4,0,0,0,21.34863,0
1,2018,6,24,4,1,0,0,23.874234,0
1,2018,6,24,4,2,0,0,10.798635,0
1,2018,6,24,4,3,0,0,4.641416,0
1,2018,6,24,5,0,0,0,18.38822,0
1,2018,6,24,5,1,0,0,14.056956,0
1,2018,6,24,5,2,0,0,16.087462,0
1,2018,6,24,5,3,0,0,10.188935,0
1,2018,6,24,6,0,0,0,19.531035,0
1,2018,6,24,6,1,0,0,20.900638,0
1,2018,6,24,6,2,0,0,28.931106,0
1,2018,6,24,6,3,0,0,36.53718,0
1,2018,6,24,7,0,0,0,18.512888,0
1,2018,6,24,7,1,0,0,13.158189,0
1,2018,6,24,7,2,0,0,7.89624,0
1,2018,6,24,7,3,0,0,7.578084,0
1,2018,6,24,8,0,0,0,13.175655,0
1,2018,6,24,8,1,0,0,8.610148,0
1,2018,6,24,8,2,0,0,13.6258,0
1,2018,6,24,8,3,0,0,7.549569,0
1,2018,6,24,9,0,0,0,13.433977,0
1,2018,6,24,9,1,0,0,15.809401,0
1,2018,6,24,9,2,0,0,11.984247,0
1,2018,6,24,9,3,0,0,8.137285,0
1,2018,6,24,10,0,0,0,24.612091,0
1,2018,6,24,10,1,0,0,23.785029,0
1,2018,6,24,10,2,0,0,11.435323,0
1,2018,6,24,10,3,0,0,9.882312,0
1,2018,6,24,11,0,0,0,9.269816,0
1,2018,6,24,11,1,0,0,17.824207,0
1,2018,6,24,11,2,0,0,25.248493,0
1,2018,6,24,11,3,0,0,10.886766,0
1,2018,6,24,12,0,0,0,13.224195,0
1,2018,6,24,12,1,0,0,28.613876,0
1,2018,6,24,12,2,0,0,26.070566,0
1,2018,6,24,12,3,0,0,22.695469,0
1,2018,6,24,13,0,0,0,14.496077,0
1,2018,6,24,13,1,0,0,17.519382,0
1,2018,6,24,13,2,0,0,22.93944,0
1,2018,6,24,13,3,0,0,25.887118,0
1,2018,6,24,14,0,0,0,22.914691,0
1,2018,6,24,14,1,0,0,15.954781,0
1,2018,6,24,14,2,0,0,20.823421,0
1,2018,6,24,14,3,0,0,12.441112,0
1,2018,6,24,15,0,0,0,7.089277,0
1,2018,6,24,15,1,0,0,9.720212,0
1,2018,6,24,15,2,0,0,17.898088,0
1,2018,6,24,15,3,0,0,18.901159,0
1,2018,6,24,16,0,0,0,30.326855,0
1,2018,6,24,16,1,0,0,25.534368,0
1,2018,6,24,16,2,0,0,13.940457,0
1,2018,6,24,16,3,0,0,12.465412,0
1,2018,6,24,17,0,0,0,9.584179,0
1,2018,6,24,17,1,0,0,23.490914,0
1,2018,6,24,17,2,0,0,22.899537,0
1,2018,6,24,17,3,0,0,15.147465,0
1,2018,6,24,18,0,0,0,26.761042,0
1,2018,6,24,18,1,0,0,25.178448,0
1,2018,6,24,18,2,0,0,14.793682,0
1,2018,6,24,18,3,0,0,16.319499,0
1,2018,6,24,19,0,0,0,16.360992,0
1,2018,6,24,19,1,0,0,10.374788,0
1,2018,6,24,19,2,0,0,9.720514,0
1,2018,6,24,19,3,0,0,11.790067,0
1,2018,6,24,20,0,0,0,9.772901,0
1,2018,6,24,20,1,0,0,15.275929,0
1,2018,6,24,20,2,0,0,19.90841,0
1,2018,6,24,20,3,0,0,22.320914,0
1,2018,6,24,21,0,0,0,22.415854,0
1,2018,6,24,21,1,0,0,14.985478,0
1,2018,6,24,21,2,0,0,8.802204,0
1,2018,6,24,21,3,0,0,5.564769,0
1,2018,6,24,22,0,0,0,11.505093,0
1,2018,6,24,22,1,0,0,11.447343,0
1,2018,6,24,22,2,0,0,14.778068,0
1,2018,6,24,22,3,0,0,13.333603,0
1,2018,6,24,23,0,0,0,3.930723,0
1,2018,6,24,23,1,0,0,3.617312,0
1,2018,6,24,23,2,0,0,3.726333,0
1,2018,6,24,23,3,0,0,13.275898,0
1,2018,6,25,0,0,0,0,13.649159,0
1,2018,6,25,0,1,0,0,7.033941,0
1,2018,6,25,0,2,0,0,3.726333,0
1,2018,6,25,0,3,0,0,3.726333,0
1,2018,6,25,1,0,0,0,12.150298,0
1,2018,6,25,1,1,0,0,23.188831,0
1,2018,6,25,1,2,0,0,24.410248,0
1,2018,6,25,1,3,0,0,15.936837,0
1,2018,6,25,2,0,0,0,3.496087,0
1,2018,6,25,2,1,0,0,2.841637,0
1,2018,6,25,2,2,0,0,3.552637,0
1,2018,6,25,2,3,0,0,2.367637,0
1,2018,6,25,3,0,0,0,2.367637,0
1,2018,6,25,3,1,0,0,2.367637,0
1,2018,6,25,3,2,0,0,2.855671,0
1,2018,6,25,3,3,0,0,3.099688,0
1,2018,6,25,4,0,0,0,3.099688,0
1,2018,6,25,4,1,0,0,7.478279,0
1,2018,6,25,4,2,0,0,16.296893,0
1,2018,6,25,4,3,0,0,9.351893,0
1,2018,6,25,5,0,0,0,3.099688,0
1,2018,6,25,5,1,0,0,3.099688,0
1,2018,6,25,5,2,0,0,3.099688,0
1,2018,6,25,5,3,0,0,3.099688,0
1,2018,6,25,6,0,0,0,11.675073,0
1,2018,6,25,6,1,0,0,13.104304,0
1,2018,6,25,6,2,0,0,7.609873,0
1,2018,6,25,6,3,0,0,21.783104,0
1,2018,6,25,7,0,0,0,15.790593,0
1,2018,6,25,7,1,0,0,17.184935,0
1,2018,6,25,7,2,0,0,12.098551,0
1,2018,6,25,7,3,0,0,14.423105,0
1,2018,6,25,8,0,0,0,14.697024,0
1,2018,6,25,8,1,0,0,4.520643,0
1,2018,6,25,8,2,0,0,6.365456,0
1,2018,6,25,8,3,0,0,8.661984,0
1,2018,6,25,9,0,0,0,8.422141,0
1,2018,6,25,9,1,0,0,14.880921,0
1,2018,6,25,9,2,0,0,25.347121,0
1,2018,6,25,9,3,0,0,20.138379,0
1,2018,6,25,10,0,0,0,25.210501,0
1,2018,6,25,10,1,0,0,30.382963,0
1,2018,6,25,10,2,0,0,28.461966,0
1,2018,6,25,10,3,0,0,30.347745,0
1,2018,6,25,11,0,0,0,21.205174,0
1,2018,6,25,11,1,0,0,31.816725,0
1,2018,6,25,11,2,0,0,33.177315,0
1,2018,6,25,11,3,0,0,38.774648,0
1,2018,6,25,12,0,0,0,44.101836,0
1,2018,6,25,12,1,0,0,18.590003,0
1,2018,6,25,12,2,0,0,13.145689,0
1,2018,6,25,12,3,0,0,13.719332,0
1,2018,6,25,13,0,0,0,17.369007,0
1,2018,6,25,13,1,0,0,22.775262,0
1,2018,6,25,13,2,0,0,23.248014,0
1,2018,6,25,13,3,0,0,21.213715,0
1,2018,6,25,14,0,0,0,31.605766,0
1,2018,6,25,14,1,0,0,28.994693,0
1,2018,6,25,14,2,0,0,36.719974,0
1,2018,6,25,14,3,0,0,41.345536,0
1,2018,6,25,15,0,0,0,37.787583,0
1,2018,6,25,15,1,0,0,14.69738,0
1,2018,6,25,15,2,0,0,16.405544,0
1,2018,6,25,15,3,0,0,10.61577,0
1,2018,6,25,16,0,0,0,14.310668,0
1,2018,6,25,16,1,0,0,28.865976,0
1,2018,6,25,16,2,0,0,25.551277,0
1,2018,6,25,16,3,0,0,14.175348,0
1,2018,6,25,17,0,0,0,22.675683,0
1,2018,6,25,17,1,0,0,13.240894,0
1,2018,6,25,17,2,0,0,8.174281,0
1,2018,6,25,17,3,0,0,26.206097,0
1,2018,6,25,18,0,0,0,37.58823,0
1,2018,6,25,18,1,0,0,10.817093,0
1,2018,6,25,18,2,0,0,15.383334,0
1,2018,6,25,18,3,0,0,15.472569,0
1,2018,6,25,19,0,0,0,4.351155,0
1,2018,6,25,19,1,0,0,3.019255,0
1,2018,6,25,19,2,0,0,2.959769,0
1,2018,6,25,19,3,0,0,12.048426,0
1,2018,6,25,20,0,0,0,18.603932,0
1,2018,6,25,20,1,0,0,16.008165,0
1,2018,6,25,20,2,0,0,6.021899,0
1,2018,6,25,20,3,0,0,5.914065,0
1,2018,6,25,21,0,0,0,11.406784,0
1,2018,6,25,21,1,0,0,17.280791,0
1,2018,6,25,21,2,0,0,29.754498,0
1,2018,6,25,21,3,0,0,37.478877,0
1,2018,6,25,22,0,0,0,37.86508,0
1,2018,6,25,22,1,0,0,24.881272,0
1,2018,6,25,22,2,0,0,10.869902,0
1,2018,6,25,22,3,0,0,15.624452,0
1,2018,6,25,23,0,0,0,23.322715,0
1,2018,6,25,23,1,0,0,21.614275,0
1,2018,6,25,23,2,0,0,13.781908,0
1,2018,6,25,23,3,0,0,14.722371,0
1,2018,6,26,0,0,0,0,16.146046,0
1,2018,6,26,0,1,0,0,17.344144,0
1,2018,6,26,0,2,0,0,28.648674,0
1,2018,6,26,0,3,0,0,20.854326,0
1,2018,6,26,1,0,0,0,8.66779,0
1,2018,6,26,1,1,0,0,4.283121,0
1,2018,6,26,1,2,0,0,4.283121,0
1,2018,6,26,1,3,0,0,9.385343,0
1,2018,6,26,2,0,0,0,12.300899,0
1,2018,6,26,2,1,0,0,4.283121,0
1,2018,6,26,2,2,0,0,4.283121,0
1,2018,6,26,2,3,0,0,4.283121,0
1,2018,6,26,3,0,0,0,4.283121,0
1,2018,6,26,3,1,0,0,4.283121,0
1,2018,6,26,3,2,0,0,4.283121,0
1,2018,6,26,3,3,0,0,4.283121,0
1,2018,6,26,4,0,0,0,8.102496,0
1,2018,6,26,4,1,0,0,13.831558,0
1,2018,6,26,4,2,0,0,19.010775,0
1,2018,6,26,4,3,0,0,13.608058,0
1,2018,6,26,5,0,0,0,14.64671,0
1,2018,6,26,5,1,0,0,15.596007,0
1,2018,6,26,5,2,0,0,6.299182,0
1,2018,6,26,5,3,0,0,3.667972,0
1,2018,6,26,6,0,0,0,3.667972,0
1,2018,6,26,6,1,0,0,3.667972,0
1,2018,6,26,6,2,0,0,5.792235,0
1,2018,6,26,6,3,0,0,13.25518,0
1,2018,6,26,7,0,0,0,18.360713,0
1,2018,6,26,7,1,0,0,7.977903,0
1,2018,6,26,7,2,0,0,5.827484,0
1,2018,6,26,7,3,0,0,3.71851,0
1,2018,6,26,8,0,0,0,3.253216,0
1,2018,6,26,8,1,0,0,5.209978,0
1,2018,6,26,8,2,0,0,17.419982,0
1,2018,6,26,8,3,0,0,13.605083,0
1,2018,6,26,9,0,0,0,14.007056,0
1,2018,6,26,9,1,0,0,30.16918,0
1,2018,6,26,9,2,0,0,18.491664,0
1,2018,6,26,9,3,0,0,16.755745,0
1,2018,6,26,10,0,0,0,20.951308,0
1,2018,6,26,10,1,0,0,12.732032,0
1,2018,6,26,10,2,0,0,22.062688,0
1,2018,6,26,10,3,0,0,25.103785,0
1,2018,6,26,11,0,0,0,16.035526,0
1,2018,6,26,11,1,0,0,14.122225,0
1,2018,6,26,11,2,0,0,10.75889,0
1,2018,6,26,11,3,0,0,20.023437,0
1,2018,6,26,12,0,0,0,21.083759,0
1,2018,6,26,12,1,0,0,18.381814,0
1,2018,6,26,12,2,0,0,12.052476,0
1,2018,6,26,12,3,0,0,13.652705,0
1,2018,6,26,13,0,0,0,25.965875,0
1,2018,6,26,13,1,0,0,27.476064,0
1,2018,6,26,13,2,0,0,25.608241,0
1,2018,6,26,13,3,0,0,22.285269,0
1,2018,6,26,14,0,0,0,34.963146,0
1,2018,6,26,14,1,0,0,27.235794,0
1,2018,6,26,14,2,0,0,15.607164,0
1,2018,6,26,14,3,0,0,29.228471,0
1,2018,6,26,15,0,0,0,32.110613,0
1,2018,6,26,15,1,0,0,21.276905,0
1,2018,6,26,15,2,0,0,28.137013,0
1,2018,6,26,15,3,0,0,21.949705,0
1,2018,6,26,16,0,0,0,19.833583,0
1,2018,6,26,16,1,0,0,19.45257,0
1,2018,6,26,16,2,0,0,19.3627,0
1,2018,6,26,16,3,0,0,18.79721,0
1,2018,6,26,17,0,0,0,16.893258,0
1,2018,6,26,17,1,0,0,28.436832,0
1,2018,6,26,17,2,0,0,23.519696,0
1,2018,6,26,17,3,0,0,26.488584,0
1,2018,6,26,18,0,0,0,20.513271,0
1,2018,6,26,18,1,0,0,19.814027,0
1,2018,6,26,18,2,0,0,21.219813,0
1,2018,6,26,18,3,0,0,17.520295,0
1,2018,6,26,19,0,0,0,26.7656,0
1,2018,6,26,19,1,0,0,29.932211,0
1,2018,6,26,19,2,0,0,20.513946,0
1,2018,6,26,19,3,0,0,13.899088,0
1,2018,6,26,20,0,0,0,14.971374,0
1,2018,6,26,20,1,0,0,32.046219,0
1,2018,6,26,20,2,0,0,14.790289,0
1,2018,6,26,20,3,0,0,8.468183,0
1,2018,6,26,21,0,0,0,8.468183,0
1,2018,6,26,21,1,0,0,8.468183,0
1,2018,6,26,21,2,0,0,17.286236,0
1,2018,6,26,21,3,0,0,7.407746,0
1,2018,6,26,22,0,0,0,3.203889,0
1,2018,6,26,22,1,0,0,3.203889,0
1,2018,6,26,22,2,0,0,3.455555,0
1,2018,6,26,22,3,0,0,6.978889,0
1,2018,6,26,23,0,0,0,6.978889,0
1,2018,6,26,23,1,0,0,7.343815,0
1,2018,6,26,23,2,0,0,6.609017,0
1,2018,6,26,23,3,0,0,6.614746,0
1,2018,6,27,0,0,0,0,6.918485,0
1,2018,6,27,0,1,0,0,3.891165,0
1,2018,6,27,0,2,0,0,3.669504,0
1,2018,6,27,0,3,0,0,12.302028,0
1,2018,6,27,1,0,0,0,18.356263,0
1,2018,6,27,1,1,0,0,10.244286,0
1,2018,6,27,1,2,0,0,13.658073,0
1,2018,6,27,1,3,0,0,14.881058,0
1,2018,6,27,2,0,0,0,7.977316,0
1,2018,6,27,2,1,0,0,3.669504,0
1,2018,6,27,2,2,0,0,12.226069,0
1,2018,6,27,2,3,0,0,13.003939,0
1,2018,6,27,3,0,0,0,3.669504,0
1,2018,6,27,3,1,0,0,3.617369,0
1,2018,6,27,3,2,0,0,3.278489,0
1,2018,6,27,3,3,0,0,3.278489,0
1,2018,6,27,4,0,0,0,3.278489,0
1,2018,6,27,4,1,0,0,15.432721,0
1,2018,6,27,4,2,0,0,12.475157,0
1,2018,6,27,4,3,0,0,7.740382,0
1,2018,6,27,5,0,0,0,3.901697,0
1,2018,6,27,5,1,0,0,3.901697,0
1,2018,6,27,5,2,0,0,3.901697,0
1,2018,6,27,5,3,0,0,3.901697,0
1,2018,6,27,6,0,0,0,3.889534,0
1,2018,6,27,6,1,0,0,3.968826,0
1,2018,6,27,6,2,0,0,6.861756,0
1,2018,6,27,6,3,0,0,14.49104,0
1,2018,6,27,7,0,0,0,9.990417,0
1,2018,6,27,7,1,0,0,12.694675,0
1,2018,6,27,7,2,0,0,18.026065,0
1,2018,6,27,7,3,0,0,17.117195,0
1,2018,6,27,8,0,0,0,7.883318,0
1,2018,6,27,8,1,0,0,17.746273,0
1,2018,6,27,8,2,0,0,18.029176,0
1,2018,6,27,8,3,0,0,12.320705,0
1,2018,6,27,9,0,0,0,15.787662,0
1,2018,6,27,9,1,0,0,14.339619,0
1,2018,6,27,9,2,0,0,24.413069,0
1,2018,6,27,9,3,0,0,20.822603,0
1,2018,6,27,10,0,0,0,16.959625,0
1,2018,6,27,10,1,0,0,20.664717,0
1,2018,6,27,10,2,0,0,18.759849,0
1,2018,6,27,10,3,0,0,19.642238,0
1,2018,6,27,11,0,0,0,16.743474,0
1,2018,6,27,11,1,0,0,29.475428,0
1,2018,6,27,11,2,0,0,28.644271,0
1,2018,6,27,11,3,0,0,21.304166,0
1,2018,6,27,12,0,0,0,17.153082,0
1,2018,6,27,12,1,0,0,25.295324,0
1,2018,6,27,12,2,0,0,24.711139,0
1,2018,6,27,12,3,0,0,23.853653,0
1,2018,6,27,13,0,0,0,26.191238,0
1,2018,6,27,13,1,0,0,27.557474,0
1,2018,6,27,13,2,0,0,26.080314,0
1,2018,6,27,13,3,0,0,29.529423,0
1,2018,6,27,14,0,0,0,16.808862,0
1,2018,6,27,14,1,0,0,28.870846,0
1,2018,6,27,14,2,0,0,33.053893,0
1,2018,6,27,14,3,0,0,16.052277,0
1,2018,6,27,15,0,0,0,25.055776,0
1,2018,6,27,15,1,0,0,21.860848,0
1,2018,6,27,15,2,0,0,25.905866,0
1,2018,6,27,15,3,0,0,26.590166,0
1,2018,6,27,16,0,0,0,39.323853,0
1,2018,6,27,16,1,0,0,39.956144,0
1,2018,6,27,16,2,0,0,18.041022,0
1,2018,6,27,16,3,0,0,7.142261,0
1,2018,6,27,17,0,0,0,23.739349,0
1,2018,6,27,17,1,0,0,37.799641,0
1,2018,6,27,17,2,0,0,48.161531,0
1,2018,6,27,17,3,0,0,34.244909,0
1,2018,6,27,18,0,0,0,15.025967,0
1,2018,6,27,18,1,0,0,13.771928,0
1,2018,6,27,18,2,0,0,9.860182,0
1,2018,6,27,18,3,0,0,10.905211,0
1,2018,6,27,19,0,0,0,25.992423,0
1,2018,6,27,19,1,0,0,17.262843,0
1,2018,6,27,19,2,0,0,40.060773,0
1,2018,6,27,19,3,0,0,29.272323,0
1,2018,6,27,20,0,0,0,15.591419,0
1,2018,6,27,20,1,0,0,12.745512,0
1,2018,6,27,20,2,0,0,19.665154,0
1,2018,6,27,20,3,0,0,18.424266,0
1,2018,6,27,21,0,0,0,17.055893,0
1,2018,6,27,21,1,0,0,11.694321,0
1,2018,6,27,21,2,0,0,19.9698,0
1,2018,6,27,21,3,0,0,27.049545,0
1,2018,6,27,22,0,0,0,23.533749,0
1,2018,6,27,22,1,0,0,5.89577,0
1,2018,6,27,22,2,0,0,26.017259,0
1,2018,6,27,22,3,0,0,23.880258,0
1,2018,6,27,23,0,0,0,16.972751,0
1,2018,6,27,23,1,0,0,10.811862,0
1,2018,6,27,23,2,0,0,9.531133,0
1,2018,6,27,23,3,0,0,15.391234,0
1,2018,6,28,0,0,0,0,18.654222,0
1,2018,6,28,0,1,0,0,22.627258,0
1,2018,6,28,0,2,0,0,8.314752,0
1,2018,6,28,0,3,0,0,1.516217,0
1,2018,6,28,1,0,0,0,1.516217,0
1,2018,6,28,1,1,0,0,1.516217,0
1,2018,6,28,1,2,0,0,1.516217,0
1,2018,6,28,1,3,0,0,6.180291,0
1,2018,6,28,2,0,0,0,11.510661,0
1,2018,6,28,2,1,0,0,4.847698,0
1,2018,6,28,2,2,0,0,1.516217,0
1,2018,6,28,2,3,0,0,1.516217,0
1,2018,6,28,3,0,0,0,1.516217,0
1,2018,6,28,3,1,0,0,7.300883,0
1,2018,6,28,3,2,0,0,4.40855,0
1,2018,6,28,3,3,0,0,1.516217,0
1,2018,6,28,4,0,0,0,1.516217,0
1,2018,6,28,4,1,0,0,1.516217,0
1,2018,6,28,4,2,0,0,1.516217,0
1,2018,6,28,4,3,0,0,1.516217,0
1,2018,6,28,5,0,0,0,1.516217,0
1,2018,6,28,5,1,0,0,4.340427,0
1,2018,6,28,5,2,0,0,12.107006,0
1,2018,6,28,5,3,0,0,1.516217,0
1,2018,6,28,6,0,0,0,1.516217,0
1,2018,6,28,6,1,0,0,1.516217,0
1,2018,6,28,6,2,0,0,2.954883,0
1,2018,6,28,6,3,0,0,5.692192,0
1,2018,6,28,7,0,0,0,12.814479,0
1,2018,6,28,7,1,0,0,15.407738,0
1,2018,6,28,7,2,0,0,8.459364,0
1,2018,6,28,7,3,0,0,8.587975,0
1,2018,6,28,8,0,0,0,14.658321,0
1,2018,6,28,8,1,0,0,13.150675,0
1,2018,6,28,8,2,0,0,11.941976,0
1,2018,6,28,8,3,0,0,7.715825,0
1,2018,6,28,9,0,0,0,8.194659,0
1,2018,6,28,9,1,0,0,8.156786,0
1,2018,6,28,9,2,0,0,13.381939,0
1,2018,6,28,9,3,0,0,12.416048,0
1,2018,6,28,10,0,0,0,14.704482,0
1,2018,6,28,10,1,0,0,21.877538,0
1,2018,6,28,10,2,0,0,41.117812,0
1,2018,6,28,10,3,0,0,30.467657,0
1,2018,6,28,11,0,0,0,30.666028,0
1,2018,6,28,11,1,0,0,35.465565,0
1,2018,6,28,11,2,0,0,33.954065,0
1,2018,6,28,11,3,0,0,24.104142,0
1,2018,6,28,12,0,0,0,29.993339,0
1,2018,6,28,12,1,0,0,42.384005,0
1,2018,6,28,12,2,0,0,15.546979,0
1,2018,6,28,12,3,0,0,16.756733,0
1,2018,6,28,13,0,0,0,18.681367,0
1,2018,6,28,13,1,0,0,17.979386,0
1,2018,6,28,13,2,0,0,11.301639,0
1,2018,6,28,13,3,0,0,7.076413,0
1,2018,6,28,14,0,0,0,6.731432,0
1,2018,6,28,14,1,0,0,14.023022,0
1,2018,6,28,14,2,0,0,20.832709,0
1,2018,6,28,14,3,0,0,11.16738,0
1,2018,6,28,15,0,0,0,27.24863,0
1,2018,6,28,15,1,0,0,23.159066,0
1,2018,6,28,15,2,0,0,23.558649,0
1,2018,6,28,15,3,0,0,28.150454,0
1,2018,6,28,16,0,0,0,37.988112,0
1,2018,6,28,16,1,0,0,23.791676,0
1,2018,6,28,16,2,0,0,24.633838,0
1,2018,6,28,16,3,0,0,28.710706,0
1,2018,6,28,17,0,0,0,31.959697,0
1,2018,6,28,17,1,0,0,30.071984,0
1,2018,6,28,17,2,0,0,21.252358,0
1,2018,6,28,17,3,0,0,14.076477,0
1,2018,6,28,18,0,0,0,12.510092,0
1,2018,6,28,18,1,0,0,13.605571,0
1,2018,6,28,18,2,0,0,14.542712,0
1,2018,6,28,18,3,0,0,18.742687,0
1,2018,6,28,19,0,0,0,8.685187,0
1,2018,6,28,19,1,0,0,9.509946,0
1,2018,6,28,19,2,0,0,14.750354,0
1,2018,6,28,19,3,0,0,7.594076,0
1,2018,6,28,20,0,0,0,9.619994,0
1,2018,6,28,20,1,0,0,27.260505,0
1,2018,6,28,20,2,0,0,35.688376,0
1,2018,6,28,20,3,0,0,27.727947,0
1,2018,6,28,21,0,0,0,34.644539,0
1,2018,6,28,21,1,0,0,25.92058,0
1,2018,6,28,21,2,0,0,23.688745,0
1,2018,6,28,21,3,0,0,18.276796,0
1,2018,6,28,22,0,0,0,19.716113,0
1,2018,6,28,22,1,0,0,22.560082,0
1,2018,6,28,22,2,0,0,9.638992,0
1,2018,6,28,22,3,0,0,7.809248,0
1,2018,6,28,23,0,0,0,12.317522,0
1,2018,6,28,23,1,0,0,5.379916,0
1,2018,6,28,23,2,0,0,2.226232,0
1,2018,6,28,23,3,0,0,10.885217,0
1,2018,6,29,0,0,0,0,17.379451,0
1,2018,6,29,0,1,0,0,4.258618,0
1,2018,6,29,0,2,0,0,9.888618,0
1,2018,6,29,0,3,0,0,8.481118,0
1,2018,6,29,1,0,0,0,2.851118,0
1,2018,6,29,1,1,0,0,2.851118,0
1,2018,6,29,1,2,0,0,8.579118,0
1,2018,6,29,1,3,0,0,9.655073,0
1,2018,6,29,2,0,0,0,6.570163,0
1,2018,6,29,2,1,0,0,2.851118,0
1,2018,6,29,2,2,0,0,2.851118,0
1,2018,6,29,2,3,0,0,2.851118,0
1,2018,6,29,3,0,0,0,6.392161,0
1,2018,6,29,3,1,0,0,9.961074,0
1,2018,6,29,3,2,0,0,2.851118,0
1,2018,6,29,3,3,0,0,2.851118,0
1,2018,6,29,4,0,0,0,2.851118,0
1,2018,6,29,4,1,0,0,2.851118,0
1,2018,6,29,4,2,0,0,2.851118,0
1,2018,6,29,4,3,0,0,2.851118,0
1,2018,6,29,5,0,0,0,2.851118,0
1,2018,6,29,5,1,0,0,6.828643,0
1,2018,6,29,5,2,0,0,18.917213,0
1,2018,6,29,5,3,0,0,4.686497,0
1,2018,6,29,6,0,0,0,2.684495,0
1,2018,6,29,6,1,0,0,3.847699,0
1,2018,6,29,6,2,0,0,3.636562,0
1,2018,6,29,6,3,0,0,6.828603,0
1,2018,6,29,7,0,0,0,7.91583,0
1,2018,6,29,7,1,0,0,10.853975,0
1,2018,6,29,7,2,0,0,16.218529,0
1,2018,6,29,7,3,0,0,11.22467,0
1,2018,6,29,8,0,0,0,30.047748,0
1,2018,6,29,8,1,0,0,28.731096,0
1,2018,6,29,8,2,0,0,29.923001,0
1,2018,6,29,8,3,0,0,22.51391,0
1,2018,6,29,9,0,0,0,24.992535,0
1,2018,6,29,9,1,0,0,32.428052,0
1,2018,6,29,9,2,0,0,28.795117,0
1,2018,6,29,9,3,0,0,24.203323,0
1,2018,6,29,10,0,0,0,20.543738,0
1,2018,6,29,10,1,0,0,27.127115,0
1,2018,6,29,10,2,0,0,38.070315,0
1,2018,6,29,10,3,0,0,29.602687,0
1,2018,6,29,11,0,0,0,31.669916,0
1,2018,6,29,11,1,0,0,23.41629,0
1,2018,6,29,11,2,0,0,25.17011,0
1,2018,6,29,11,3,0,0,25.81419,0
1,2018,6,29,12,0,0,0,22.484247,0
1,2018,6,29,12,1,0,0,15.910441,0
1,2018,6,29,12,2,0,0,17.936217,0
1,2018,6,29,12,3,0,0,23.584771,0
1,2018,6,29,13,0,0,0,32.45006,0
1,2018,6,29,13,1,0,0,27.515389,0
1,2018,6,29,13,2,0,0,32.02748,0
1,2018,6,29,13,3,0,0,38.267519,0
1,2018,6,29,14,0,0,0,19.212676,0
1,2018,6,29,14,1,0,0,27.527656,0
1,2018,6,29,14,2,0,0,23.346679,0
1,2018,6,29,14,3,0,0,30.646518,0
1,2018,6,29,15,0,0,0,34.655173,0
1,2018,6,29,15,1,0,0,13.502672,0
1,2018,6,29,15,2,0,0,33.194653,0
1,2018,6,29,15,3,0,0,45.702104,0
1,2018,6,29,16,0,0,0,33.943852,0
1,2018,6,29,16,1,0,0,26.398856,0
1,2018,6,29,16,2,0,0,34.767985,0
1,2018,6,29,16,3,0,0,37.828492,0
1,2018,6,29,17,0,0,0,42.795126,0
1,2018,6,29,17,1,0,0,27.600152,0
1,2018,6,29,17,2,0,0,16.985138,0
1,2018,6,29,17,3,0,0,25.307883,0
1,2018,6,29,18,0,0,0,20.579643,0
1,2018,6,29,18,1,0,0,7.145037,0
1,2018,6,29,18,2,0,0,2.527195,0
1,2018,6,29,18,3,0,0,2.527195,0
1,2018,6,29,19,0,0,0,18.338404,0
1,2018,6,29,19,1,0,0,35.100574,0
1,2018,6,29,19,2,0,0,32.167318,0
1,2018,6,29,19,3,0,0,8.377426,0
1,2018,6,29,20,0,0,0,14.377915,0
1,2018,6,29,20,1,0,0,21.533005,0
1,2018,6,29,20,2,0,0,22.188155,0
1,2018,6,29,20,3,0,0,19.905687,0
1,2018,6,29,21,0,0,0,24.688881,0
1,2018,6,29,21,1,0,0,33.919897,0
1,2018,6,29,21,2,0,0,28.930111,0
1,2018,6,29,21,3,0,0,10.014101,0
1,2018,6,29,22,0,0,0,10.53751,0
1,2018,6,29,22,1,0,0,11.489116,0
1,2018,6,29,22,2,0,0,12.177787,0
1,2018,6,29,22,3,0,0,20.876096,0
1,2018,6,29,23,0,0,0,18.567522,0
1,2018,6,29,23,1,0,0,13.5261,0
1,2018,6,29,23,2,0,0,14.660033,0
1,2018,6,29,23,3,0,0,15.893848,0
1,2018,6,30,0,0,0,0,24.422648,0
1,2018,6,30,0,1,0,0,8.009832,0
1,2018,6,30,0,2,0,0,3.174538,0
1,2018,6,30,0,3,0,0,11.263985,0
1,2018,6,30,1,0,0,0,6.864558,0
1,2018,6,30,1,1,0,0,29.234875,0
1,2018,6,30,1,2,0,0,17.930416,0
1,2018,6,30,1,3,0,0,30.120314,0
1,2018,6,30,2,0,0,0,42.311322,0
1,2018,6,30,2,1,0,0,38.590373,0
1,2018,6,30,2,2,0,0,19.18317,0
1,2018,6,30,2,3,0,0,14.594782,0
1,2018,6,30,3,0,0,0,7.267659,0
1,2018,6,30,3,1,0,0,18.533685,0
1,2018,6,30,3,2,0,0,24.330564,0
1,2018,6,30,3,3,0,0,14.361873,0
1,2018,6,30,4,0,0,0,6.210254,0
1,2018,6,30,4,1,0,0,10.717139,0
1,2018,6,30,4,2,0,0,12.366265,0
1,2018,6,30,4,3,0,0,7.172312,0
1,2018,6,30,5,0,0,0,3.758993,0
1,2018,6,30,5,1,0,0,15.679589,0
1,2018,6,30,5,2,0,0,13.492391,0
1,2018,6,30,5,3,0,0,5.527759,0
1,2018,6,30,6,0,0,0,6.253766,0
1,2018,6,30,6,1,0,0,8.900247,0
1,2018,6,30,6,2,0,0,17.937583,0
1,2018,6,30,6,3,0,0,16.461848,0
1,2018,6,30,7,0,0,0,6.68209,0
1,2018,6,30,7,1,0,0,3.377527,0
1,2018,6,30,7,2,0,0,8.731869,0
1,2018,6,30,7,3,0,0,15.338753,0
1,2018,6,30,8,0,0,0,8.697392,0
1,2018,6,30,8,1,0,0,13.295457,0
1,2018,6,30,8,2,0,0,13.070812,0
1,2018,6,30,8,3,0,0,7.225974,0
1,2018,6,30,9,0,0,0,24.617342,0
1,2018,6,30,9,1,0,0,22.563611,0
1,2018,6,30,9,2,0,0,11.413265,0
1,2018,6,30,9,3,0,0,11.492309,0
1,2018,6,30,10,0,0,0,7.500052,0
1,2018,6,30,10,1,0,0,17.994338,0
1,2018,6,30,10,2,0,0,26.050686,0
1,2018,6,30,10,3,0,0,9.461128,0
1,2018,6,30,11,0,0,0,7.912232,0
1,2018,6,30,11,1,0,0,17.603996,0
1,2018,6,30,11,2,0,0,15.528448,0
1,2018,6,30,11,3,0,0,17.417664,0
1,2018,6,30,12,0,0,0,19.553728,0
1,2018,6,30,12,1,0,0,35.202757,0
1,2018,6,30,12,2,0,0,46.274802,0
1,2018,6,30,12,3,0,0,36.665663,0
1,2018,6,30,13,0,0,0,27.469095,0
1,2018,6,30,13,1,0,0,21.157281,0
1,2018,6,30,13,2,0,0,16.675954,0
1,2018,6,30,13,3,0,0,27.064674,0
1,2018,6,30,14,0,0,0,13.375183,0
1,2018,6,30,14,1,0,0,16.32776,0
1,2018,6,30,14,2,0,0,33.053112,0
1,2018,6,30,14,3,0,0,30.17412,0
1,2018,6,30,15,0,0,0,14.294653,0
1,2018,6,30,15,1,0,0,28.245732,0
1,2018,6,30,15,2,0,0,40.041971,0
1,2018,6,30,15,3,0,0,34.465469,0
1,2018,6,30,16,0,0,0,25.33808,0
1,2018,6,30,16,1,0,0,23.280448,0
1,2018,6,30,16,2,0,0,24.224099,0
1,2018,6,30,16,3,0,0,30.358019,0
1,2018,6,30,17,0,0,0,24.656199,0
1,2018,6,30,17,1,0,0,31.115991,0
1,2018,6,30,17,2,0,0,7.225142,0
1,2018,6,30,17,3,0,0,16.395769,0
1,2018,6,30,18,0,0,0,27.187611,0
1,2018,6,30,18,1,0,0,37.517978,0
1,2018,6,30,18,2,0,0,24.425883,0
1,2018,6,30,18,3,0,0,7.080987,0
1,2018,6,30,19,0,0,0,9.942985,0
1,2018,6,30,19,1,0,0,21.687523,0
1,2018,6,30,19,2,0,0,31.563785,0
1,2018,6,30,19,3,0,0,43.776351,0
1,2018,6,30,20,0,0,0,37.586478,0
1,2018,6,30,20,1,0,0,25.203296,0
1,2018,6,30,20,2,0,0,36.730987,0
1,2018,6,30,20,3,0,0,43.07215,0
1,2018,6,30,21,0,0,0,32.515157,0
1,2018,6,30,21,1,0,0,39.966756,0
1,2018,6,30,21,2,0,0,48.538567,0
1,2018,6,30,21,3,0,0,38.321725,0
1,2018,6,30,22,0,0,0,35.279991,0
1,2018,6,30,22,1,0,0,24.439754,0
1,2018,6,30,22,2,0,0,16.744077,0
1,2018,6,30,22,3,0,0,22.171686,0
1,2018,6,30,23,0,0,0,12.382693,0
1,2018,6,30,23,1,0,0,26.126989,0
1,2018,6,30,23,2,0,0,30.250568,0
1,2018,6,30,23,3,0,0,16.873948,0
1,2018,7,1,0,0,0,0,33.404173,0
1,2018,7,1,0,1,0,0,25.818009,0
1,2018,7,1,0,2,0,0,14.253853,0
1,2018,7,1,0,3,0,0,10.799639,0
1,2018,7,1,1,0,0,0,20.567027,0
1,2018,7,1,1,1,0,0,20.565966,0
1,2018,7,1,1,2,0,0,41.551412,0
1,2018,7,1,1,3,0,0,49.696956,0
1,2018,7,1,2,0,0,0,41.722974,0
1,2018,7,1,2,1,0,0,34.096875,0
1,2018,7,1,2,2,0,0,17.423086,0
1,2018,7,1,2,3,0,0,14.178349,0
1,2018,7,1,3,0,0,0,2.582442,0
1,2018,7,1,3,1,0,0,18.231442,0
1,2018,7,1,3,2,0,0,18.856534,0
1,2018,7,1,3,3,0,0,18.774447,0
1,2018,7,1,4,0,0,0,23.139242,0
1,2018,7,1,4,1,0,0,43.761182,0
1,2018,7,1,4,2,0,0,29.14351,0
1,2018,7,1,4,3,0,0,37.028768,0
1,2018,7,1,5,0,0,0,34.392839,0
1,2018,7,1,5,1,0,0,27.166949,0
1,2018,7,1,5,2,0,0,10.876561,0
1,2018,7,1,5,3,0,0,3.961692,0
1,2018,7,1,6,0,0,0,3.075929,0
1,2018,7,1,6,1,0,0,3.098432,0
1,2018,7,1,6,2,0,0,6.210537,0
1,2018,7,1,6,3,0,0,12.26482,0
1,2018,7,1,7,0,0,0,2.942982,0
1,2018,7,1,7,1,0,0,7.67051,0
1,2018,7,1,7,2,0,0,23.482285,0
1,2018,7,1,7,3,0,0,25.319134,0
1,2018,7,1,8,0,0,0,9.612369,0
1,2018,7,1,8,1,0,0,9.254591,0
1,2018,7,1,8,2,0,0,7.760146,0
1,2018,7,1,8,3,0,0,1.773707,0
1,2018,7,1,9,0,0,0,5.609686,0
1,2018,7,1,9,1,0,0,10.756086,0
1,2018,7,1,9,2,0,0,4.007243,0
1,2018,7,1,9,3,0,0,12.074452,0
1,2018,7,1,10,0,0,0,13.435457,0
1,2018,7,1,10,1,0,0,18.490452,0
1,2018,7,1,10,2,0,0,10.766661,0
1,2018,7,1,10,3,0,0,17.576089,0
1,2018,7,1,11,0,0,0,20.639479,0
1,2018,7,1,11,1,0,0,25.694328,0
1,2018,7,1,11,2,0,0,27.114051,0
1,2018,7,1,11,3,0,0,27.802656,0
1,2018,7,1,12,0,0,0,30.443872,0
1,2018,7,1,12,1,0,0,29.039757,0
1,2018,7,1,12,2,0,0,16.91286,0
1,2018,7,1,12,3,0,0,26.440944,0
1,2018,7,1,13,0,0,0,17.528937,0
1,2018,7,1,13,1,0,0,7.178095,0
1,2018,7,1,13,2,0,0,6.25376,0
1,2018,7,1,13,3,0,0,18.241108,0
1,2018,7,1,14,0,0,0,30.651695,0
1,2018,7,1,14,1,0,0,37.150023,0
1,2018,7,1,14,2,0,0,34.028271,0
1,2018,7,1,14,3,0,0,21.699643,0
1,2018,7,1,15,0,0,0,25.409253,0
1,2018,7,1,15,1,0,0,16.051662,0
1,2018,7,1,15,2,0,0,20.93446,0
1,2018,7,1,15,3,0,0,16.844307,0
1,2018,7,1,16,0,0,0,17.925958,0
1,2018,7,1,16,1,0,0,33.984686,0
1,2018,7,1,16,2,0,0,34.289319,0
1,2018,7,1,16,3,0,0,55.569566,0
1,2018,7,1,17,0,0,0,36.027085,0
1,2018,7,1,17,1,0,0,31.292343,0
1,2018,7,1,17,2,0,0,32.708539,0
1,2018,7,1,17,3,0,0,38.855366,0
1,2018,7,1,18,0,0,0,25.746794,0
1,2018,7,1,18,1,0,0,14.135573,0
1,2018,7,1,18,2,0,0,17.209167,0
1,2018,7,1,18,3,0,0,15.113503,0
1,2018,7,1,19,0,0,0,8.089545,0
1,2018,7,1,19,1,0,0,6.516819,0
1,2018,7,1,19,2,0,0,14.702678,0
1,2018,7,1,19,3,0,0,28.94879,0
1,2018,7,1,20,0,0,0,20.321925,0
1,2018,7,1,20,1,0,0,27.088652,0
1,2018,7,1,20,2,0,0,16.544066,0
1,2018,7,1,20,3,0,0,27.353143,0
1,2018,7,1,21,0,0,0,17.19052,0
1,2018,7,1,21,1,0,0,3.158259,0
1,2018,7,1,21,2,0,0,17.03155,0
1,2018,7,1,21,3,0,0,9.400909,0
1,2018,7,1,22,0,0,0,7.947335,0
1,2018,7,1,22,1,0,0,14.469811,0
1,2018,7,1,22,2,0,0,14.013406,0
1,2018,7,1,22,3,0,0,20.808047,0
1,2018,7,1,23,0,0,0,24.543911,0
1,2018,7,1,23,1,0,0,29.228037,0
1,2018,7,1,23,2,0,0,26.181283,0
1,2018,7,1,23,3,0,0,11.986574,0
1,2018,7,2,0,0,0,0,7.253528,0
1,2018,7,2,0,1,0,0,13.951583,0
1,2018,7,2,0,2,0,0,8.244472,0
1,2018,7,2,0,3,0,0,5.577297,0
1,2018,7,2,1,0,0,0,20.239946,0
1,2018,7,2,1,1,0,0,7.076913,0
1,2018,7,2,1,2,0,0,4.013511,0
1,2018,7,2,1,3,0,0,6.193711,0
1,2018,7,2,2,0,0,0,9.117241,0
1,2018,7,2,2,1,0,0,2.550316,0
1,2018,7,2,2,2,0,0,12.300625,0
1,2018,7,2,2,3,0,0,6.516625,0
1,2018,7,2,3,0,0,0,2.178625,0
1,2018,7,2,3,1,0,0,2.953364,0
1,2018,7,2,3,2,0,0,8.273743,0
1,2018,7,2,3,3,0,0,22.262154,0
1,2018,7,2,4,0,0,0,17.586261,0
1,2018,7,2,4,1,0,0,3.844761,0
1,2018,7,2,4,2,0,0,8.785376,0
1,2018,7,2,4,3,0,0,22.397297,0
1,2018,7,2,5,0,0,0,9.360452,0
1,2018,7,2,5,1,0,0,7.296777,0
1,2018,7,2,5,2,0,0,3.142726,0
1,2018,7,2,5,3,0,0,3.142726,0
1,2018,7,2,6,0,0,0,3.142726,0
1,2018,7,2,6,1,0,0,5.480693,0
1,2018,7,2,6,2,0,0,14.832564,0
1,2018,7,2,6,3,0,0,17.424272,0
1,2018,7,2,7,0,0,0,8.26327,0
1,2018,7,2,7,1,0,0,4.382404,0
1,2018,7,2,7,2,0,0,9.625998,0
1,2018,7,2,7,3,0,0,12.665236,0
1,2018,7,2,8,0,0,0,5.604698,0
1,2018,7,2,8,1,0,0,11.242491,0
1,2018,7,2,8,2,0,0,15.331049,0
1,2018,7,2,8,3,0,0,13.755993,0
1,2018,7,2,9,0,0,0,12.036427,0
1,2018,7,2,9,1,0,0,11.438598,0
1,2018,7,2,9,2,0,0,15.329063,0
1,2018,7,2,9,3,0,0,20.298461,0
1,2018,7,2,10,0,0,0,25.520003,0
1,2018,7,2,10,1,0,0,26.31591,0
1,2018,7,2,10,2,0,0,19.032762,0
1,2018,7,2,10,3,0,0,19.616869,0
1,2018,7,2,11,0,0,0,11.0852,0
1,2018,7,2,11,1,0,0,14.662808,0
1,2018,7,2,11,2,0,0,6.685352,0
1,2018,7,2,11,3,0,0,11.38705,0
1,2018,7,2,12,0,0,0,29.53854,0
1,2018,7,2,12,1,0,0,32.527573,0
1,2018,7,2,12,2,0,0,28.333436,0
1,2018,7,2,12,3,0,0,22.441168,0
1,2018,7,2,13,0,0,0,16.354201,0
1,2018,7,2,13,1,0,0,16.45465,0
1,2018,7,2,13,2,0,0,34.708044,0
1,2018,7,2,13,3,0,0,42.042306,0
1,2018,7,2,14,0,0,0,29.585388,0
1,2018,7,2,14,1,0,0,28.127387,0
1,2018,7,2,14,2,0,0,25.794966,0
1,2018,7,2,14,3,0,0,16.931811,0
1,2018,7,2,15,0,0,0,21.29384,0
1,2018,7,2,15,1,0,0,28.816525,0
1,2018,7,2,15,2,0,0,20.105185,0
1,2018,7,2,15,3,0,0,14.446537,0
1,2018,7,2,16,0,0,0,10.464025,0
1,2018,7,2,16,1,0,0,20.407199,0
1,2018,7,2,16,2,0,0,13.678297,0
1,2018,7,2,16,3,0,0,5.222166,0
1,2018,7,2,17,0,0,0,25.807313,0
1,2018,7,2,17,1,0,0,32.886903,0
1,2018,7,2,17,2,0,0,22.125231,0
1,2018,7,2,17,3,0,0,9.249059,0
1,2018,7,2,18,0,0,0,10.546402,0
1,2018,7,2,18,1,0,0,16.879242,0
1,2018,7,2,18,2,0,0,7.27567,0
1,2018,7,2,18,3,0,0,7.936974,0
1,2018,7,2,19,0,0,0,14.35814,0
1,2018,7,2,19,1,0,0,33.443276,0
1,2018,7,2,19,2,0,0,23.256072,0
1,2018,7,2,19,3,0,0,14.523618,0
1,2018,7,2,20,0,0,0,8.969641,0
1,2018,7,2,20,1,0,0,6.991388,0
1,2018,7,2,20,2,0,0,13.582344,0
1,2018,7,2,20,3,0,0,14.67122,0
1,2018,7,2,21,0,0,0,6.45054,0
1,2018,7,2,21,1,0,0,12.603638,0
1,2018,7,2,21,2,0,0,17.806164,0
1,2018,7,2,21,3,0,0,3.515828,0
1,2018,7,2,22,0,0,0,1.848253,0
1,2018,7,2,22,1,0,0,1.848253,0
1,2018,7,2,22,2,0,0,5.668853,0
1,2018,7,2,22,3,0,0,10.035253,0
1,2018,7,2,23,0,0,0,13.407253,0
1,2018,7,2,23,1,0,0,26.695248,0
1,2018,7,2,23,2,0,0,21.969401,0
1,2018,7,2,23,3,0,0,7.971058,0
1,2018,7,3,0,0,0,0,7.025582,0
1,2018,7,3,0,1,0,0,2.100582,0
1,2018,7,3,0,2,0,0,2.100582,0
1,2018,7,3,0,3,0,0,6.406513,0
1,2018,7,3,1,0,0,0,7.972306,0
1,2018,7,3,1,1,0,0,3.274927,0
1,2018,7,3,1,2,0,0,2.100582,0
1,2018,7,3,1,3,0,0,3.660465,0
1,2018,7,3,2,0,0,0,22.263384,0
1,2018,7,3,2,1,0,0,6.006898,0
1,2018,7,3,2,2,0,0,2.100582,0
1,2018,7,3,2,3,0,0,5.262582,0
1,2018,7,3,3,0,0,0,10.005582,0
1,2018,7,3,3,1,0,0,10.005582,0
1,2018,7,3,3,2,0,0,10.005582,0
1,2018,7,3,3,3,0,0,6.843582,0
1,2018,7,3,4,0,0,0,2.100582,0
1,2018,7,3,4,1,0,0,2.100582,0
1,2018,7,3,4,2,0,0,2.100582,0
1,2018,7,3,4,3,0,0,2.100582,0
1,2018,7,3,5,0,0,0,2.100582,0
1,2018,7,3,5,1,0,0,2.100582,0
1,2018,7,3,5,2,0,0,2.100582,0
1,2018,7,3,5,3,0,0,2.100582,0
1,2018,7,3,6,0,0,0,2.100582,0
1,2018,7,3,6,1,0,0,11.297951,0
1,2018,7,3,6,2,0,0,9.733431,0
1,2018,7,3,6,3,0,0,7.935525,0
1,2018,7,3,7,0,0,0,8.033064,0
1,2018,7,3,7,1,0,0,3.942656,0
1,2018,7,3,7,2,0,0,7.829307,0
1,2018,7,3,7,3,0,0,13.76192,0
1,2018,7,3,8,0,0,0,13.009413,0
1,2018,7,3,8,1,0,0,15.542174,0
1,2018,7,3,8,2,0,0,6.16383,0
1,2018,7,3,8,3,0,0,13.870667,0
1,2018,7,3,9,0,0,0,17.354789,0
1,2018,7,3,9,1,0,0,21.748308,0
1,2018,7,3,9,2,0,0,21.970083,0
1,2018,7,3,9,3,0,0,14.703228,0
1,2018,7,3,10,0,0,0,11.473564,0
1,2018,7,3,10,1,0,0,16.77026,0
1,2018,7,3,10,2,0,0,14.76417,0
1,2018,7,3,10,3,0,0,18.437588,0
1,2018,7,3,11,0,0,0,14.808821,0
1,2018,7,3,11,1,0,0,21.577197,0
1,2018,7,3,11,2,0,0,13.156818,0
1,2018,7,3,11,3,0,0,27.823321,0
1,2018,7,3,12,0,0,0,36.504076,0
1,2018,7,3,12,1,0,0,24.879198,0
1,2018,7,3,12,2,0,0,42.772884,0
1,2018,7,3,12,3,0,0,38.314288,0
1,2018,7,3,13,0,0,0,29.877792,0
1,2018,7,3,13,1,0,0,26.669813,0
1,2018,7,3,13,2,0,0,20.827005,0
1,2018,7,3,13,3,0,0,28.261813,0
1,2018,7,3,14,0,0,0,41.512105,0
1,2018,7,3,14,1,0,0,35.488716,0
1,2018,7,3,14,2,0,0,29.868991,0
1,2018,7,3,14,3,0,0,21.177995,0
1,2018,7,3,15,0,0,0,38.168153,0
1,2018,7,3,15,1,0,0,39.637269,0
1,2018,7,3,15,2,0,0,24.124804,0
1,2018,7,3,15,3,0,0,37.217462,0
1,2018,7,3,16,0,0,0,21.085971,0
1,2018,7,3,16,1,0,0,26.156649,0
1,2018,7,3,16,2,0,0,30.315742,0
1,2018,7,3,16,3,0,0,41.159526,0
1,2018,7,3,17,0,0,0,27.842822,0
1,2018,7,3,17,1,0,0,4.832308,0
1,2018,7,3,17,2,0,0,17.047323,0
1,2018,7,3,17,3,0,0,15.680156,0
1,2018,7,3,18,0,0,0,10.268728,0
1,2018,7,3,18,1,0,0,11.240585,0
1,2018,7,3,18,2,0,0,11.030915,0
1,2018,7,3,18,3,0,0,16.483515,0
1,2018,7,3,19,0,0,0,18.18988,0
1,2018,7,3,19,1,0,0,6.944122,0
1,2018,7,3,19,2,0,0,11.753929,0
1,2018,7,3,19,3,0,0,12.114013,0
1,2018,7,3,20,0,0,0,11.681791,0
1,2018,7,3,20,1,0,0,12.626609,0
1,2018,7,3,20,2,0,0,11.069109,0
1,2018,7,3,20,3,0,0,21.050276,0
1,2018,7,3,21,0,0,0,29.921984,0
1,2018,7,3,21,1,0,0,22.843722,0
1,2018,7,3,21,2,0,0,19.565375,0
1,2018,7,3,21,3,0,0,22.595061,0
1,2018,7,3,22,0,0,0,7.011695,0
1,2018,7,3,22,1,0,0,6.582003,0
1,2018,7,3,22,2,0,0,3.795274,0
1,2018,7,3,22,3,0,0,3.596222,0
1,2018,7,3,23,0,0,0,4.802889,0
1,2018,7,3,23,1,0,0,10.026737,0
1,2018,7,3,23,2,0,0,6.92604,0
1,2018,7,3,23,3,0,0,3.596222,0
1,2018,7,4,0,0,0,0,11.602702,0
1,2018,7,4,0,1,0,0,13.377838,0
1,2018,7,4,0,2,0,0,6.256741,0
1,2018,7,4,0,3,0,0,11.907267,0
1,2018,7,4,1,0,0,0,3.970236,0
1,2018,7,4,1,1,0,0,3.854352,0
1,2018,7,4,1,2,0,0,9.271852,0
1,2018,7,4,1,3,0,0,15.669832,0
1,2018,7,4,2,0,0,0,15.33714,0
1,2018,7,4,2,1,0,0,8.563582,0
1,2018,7,4,2,2,0,0,3.854352,0
1,2018,7,4,2,3,0,0,3.854352,0
1,2018,7,4,3,0,0,0,3.854352,0
1,2018,7,4,3,1,0,0,3.854352,0
1,2018,7,4,3,2,0,0,3.854352,0
1,2018,7,4,3,3,0,0,7.770852,0
1,2018,7,4,4,0,0,0,11.316312,0
1,2018,7,4,4,1,0,0,11.656116,0
1,2018,7,4,4,2,0,0,14.914639,0
1,2018,7,4,4,3,0,0,21.057912,0
1,2018,7,4,5,0,0,0,7.82583,0
1,2018,7,4,5,1,0,0,6.222165,0
1,2018,7,4,5,2,0,0,6.222165,0
1,2018,7,4,5,3,0,0,14.720988,0
1,2018,7,4,6,0,0,0,15.385114,0
1,2018,7,4,6,1,0,0,9.851879,0
1,2018,7,4,6,2,0,0,7.274245,0
1,2018,7,4,6,3,0,0,7.130141,0
1,2018,7,4,7,0,0,0,6.975696,0
1,2018,7,4,7,1,0,0,12.361042,0
1,2018,7,4,7,2,0,0,10.775155,0
1,2018,7,4,7,3,0,0,22.899415,0
1,2018,7,4,8,0,0,0,12.992313,0
1,2018,7,4,8,1,0,0,5.671448,0
1,2018,7,4,8,2,0,0,5.963151,0
1,2018,7,4,8,3,0,0,6.742413,0
1,2018,7,4,9,0,0,0,15.26739,0
1,2018,7,4,9,1,0,0,13.712959,0
1,2018,7,4,9,2,0,0,11.515673,0
1,2018,7,4,9,3,0,0,13.090035,0
1,2018,7,4,10,0,0,0,19.134543,0
1,2018,7,4,10,1,0,0,23.662367,0
1,2018,7,4,10,2,0,0,29.955891,0
1,2018,7,4,10,3,0,0,9.966244,0
1,2018,7,4,11,0,0,0,22.536233,0
1,2018,7,4,11,1,0,0,20.333553,0
1,2018,7,4,11,2,0,0,14.895065,0
1,2018,7,4,11,3,0,0,12.275822,0
1,2018,7,4,12,0,0,0,6.436226,0
1,2018,7,4,12,1,0,0,9.514382,0
1,2018,7,4,12,2,0,0,36.559228,0
1,2018,7,4,12,3,0,0,37.640267,0
1,2018,7,4,13,0,0,0,39.231443,0
1,2018,7,4,13,1,0,0,38.845566,0
1,2018,7,4,13,2,0,0,36.447952,0
1,2018,7,4,13,3,0,0,31.767633,0
1,2018,7,4,14,0,0,0,28.981265,0
1,2018,7,4,14,1,0,0,15.644983,0
1,2018,7,4,14,2,0,0,27.645016,0
1,2018,7,4,14,3,0,0,39.018922,0
1,2018,7,4,15,0,0,0,34.035205,0
1,2018,7,4,15,1,0,0,31.916432,0
1,2018,7,4,15,2,0,0,22.164938,0
1,2018,7,4,15,3,0,0,17.320246,0
1,2018,7,4,16,0,0,0,10.423432,0
1,2018,7,4,16,1,0,0,13.648003,0
1,2018,7,4,16,2,0,0,5.056687,0
1,2018,7,4,16,3,0,0,18.226697,0
1,2018,7,4,17,0,0,0,17.189986,0
1,2018,7,4,17,1,0,0,14.23481,0
1,2018,7,4,17,2,0,0,22.453561,0
1,2018,7,4,17,3,0,0,30.166005,0
1,2018,7,4,18,0,0,0,18.63649,0
1,2018,7,4,18,1,0,0,22.184244,0
1,2018,7,4,18,2,0,0,10.65249,0
1,2018,7,4,18,3,0,0,8.594315,0
1,2018,7,4,19,0,0,0,4.127064,0
1,2018,7,4,19,1,0,0,15.709564,0
1,2018,7,4,19,2,0,0,16.935814,0
1,2018,7,4,19,3,0,0,10.89751,0
1,2018,7,4,20,0,0,0,18.320052,0
1,2018,7,4,20,1,0,0,17.745693,0
1,2018,7,4,20,2,0,0,7.431254,0
1,2018,7,4,20,3,0,0,28.253875,0
1,2018,7,4,21,0,0,0,27.444618,0
1,2018,7,4,21,1,0,0,24.808203,0
1,2018,7,4,21,2,0,0,19.70957,0
1,2018,7,4,21,3,0,0,8.821078,0
1,2018,7,4,22,0,0,0,3.462541,0
1,2018,7,4,22,1,0,0,2.638151,0
1,2018,7,4,22,2,0,0,7.841289,0
1,2018,7,4,22,3,0,0,14.284846,0
1,2018,7,4,23,0,0,0,3.995454,0
1,2018,7,4,23,1,0,0,3.260498,0
1,2018,7,4,23,2,0,0,4.653421,0
1,2018,7,4,23,3,0,0,7.026935,0
1,2018,7,5,0,0,0,0,2.383859,0
1,2018,7,5,0,1,0,0,2.383859,0
1,2018,7,5,0,2,0,0,2.383859,0
1,2018,7,5,0,3,0,0,2.383859,0
1,2018,7,5,1,0,0,0,2.383859,0
1,2018,7,5,1,1,0,0,2.383859,0
1,2018,7,5,1,2,0,0,2.383859,0
1,2018,7,5,1,3,0,0,2.383859,0
1,2018,7,5,2,0,0,0,2.547958,0
1,2018,7,5,2,1,0,0,9.451321,0
1,2018,7,5,2,2,0,0,11.402756,0
1,2018,7,5,2,3,0,0,2.946538,0
1,2018,7,5,3,0,0,0,2.946538,0
1,2018,7,5,3,1,0,0,2.946538,0
1,2018,7,5,3,2,0,0,2.946538,0
1,2018,7,5,3,3,0,0,2.946538,0
1,2018,7,5,4,0,0,0,2.946538,0
1,2018,7,5,4,1,0,0,2.946538,0
1,2018,7,5,4,2,0,0,5.663205,0
1,2018,7,5,4,3,0,0,10.009872,0
1,2018,7,5,5,0,0,0,2.946538,0
1,2018,7,5,5,1,0,0,4.493084,0
1,2018,7,5,5,2,0,0,5.652993,0
1,2018,7,5,5,3,0,0,2.946538,0
1,2018,7,5,6,0,0,0,4.826253,0
1,2018,7,5,6,1,0,0,6.027396,0
1,2018,7,5,6,2,0,0,8.077396,0
1,2018,7,5,6,3,0,0,7.287237,0
1,2018,7,5,7,0,0,0,6.975829,0
1,2018,7,5,7,1,0,0,20.087731,0
1,2018,7,5,7,2,0,0,8.709492,0
1,2018,7,5,7,3,0,0,18.531292,0
1,2018,7,5,8,0,0,0,8.598165,0
1,2018,7,5,8,1,0,0,4.850022,0
1,2018,7,5,8,2,0,0,13.230419,0
1,2018,7,5,8,3,0,0,17.311371,0
1,2018,7,5,9,0,0,0,18.919212,0
1,2018,7,5,9,1,0,0,22.744053,0
1,2018,7,5,9,2,0,0,15.532861,0
1,2018,7,5,9,3,0,0,18.511417,0
1,2018,7,5,10,0,0,0,36.749845,0
1,2018,7,5,10,1,0,0,34.845336,0
1,2018,7,5,10,2,0,0,32.299885,0
1,2018,7,5,10,3,0,0,16.013169,0
1,2018,7,5,11,0,0,0,23.881047,0
1,2018,7,5,11,1,0,0,27.020921,0
1,2018,7,5,11,2,0,0,21.477207,0
1,2018,7,5,11,3,0,0,27.687252,0
1,2018,7,5,12,0,0,0,29.788239,0
1,2018,7,5,12,1,0,0,26.514172,0
1,2018,7,5,12,2,0,0,30.486063,0
1,2018,7,5,12,3,0,0,25.305744,0
1,2018,7,5,13,0,0,0,32.398062,0
1,2018,7,5,13,1,0,0,38.052029,0
1,2018,7,5,13,2,0,0,26.668711,0
1,2018,7,5,13,3,0,0,11.384067,0
1,2018,7,5,14,0,0,0,15.047572,0
1,2018,7,5,14,1,0,0,24.30208,0
1,2018,7,5,14,2,0,0,27.560268,0
1,2018,7,5,14,3,0,0,30.393169,0
1,2018,7,5,15,0,0,0,15.439344,0
1,2018,7,5,15,1,0,0,8.672868,0
1,2018,7,5,15,2,0,0,26.167466,0
1,2018,7,5,15,3,0,0,15.3478,0
1,2018,7,5,16,0,0,0,5.417923,0
1,2018,7,5,16,1,0,0,24.354209,0
1,2018,7,5,16,2,0,0,22.276683,0
1,2018,7,5,16,3,0,0,14.045678,0
1,2018,7,5,17,0,0,0,5.391842,0
1,2018,7,5,17,1,0,0,12.794504,0
1,2018,7,5,17,2,0,0,28.968101,0
1,2018,7,5,17,3,0,0,21.914791,0
1,2018,7,5,18,0,0,0,30.948117,0
1,2018,7,5,18,1,0,0,30.125635,0
1,2018,7,5,18,2,0,0,21.610647,0
1,2018,7,5,18,3,0,0,7.056728,0
1,2018,7,5,19,0,0,0,11.18049,0
1,2018,7,5,19,1,0,0,20.782762,0
1,2018,7,5,19,2,0,0,26.145461,0
1,2018,7,5,19,3,0,0,13.481547,0
1,2018,7,5,20,0,0,0,7.230445,0
1,2018,7,5,20,1,0,0,24.280757,0
1,2018,7,5,20,2,0,0,16.454378,0
1,2018,7,5,20,3,0,0,28.928667,0
1,2018,7,5,21,0,0,0,15.580316,0
1,2018,7,5,21,1,0,0,6.139709,0
1,2018,7,5,21,2,0,0,2.985912,0
1,2018,7,5,21,3,0,0,5.794564,0
1,2018,7,5,22,0,0,0,5.339073,0
1,2018,7,5,22,1,0,0,10.65053,0
1,2018,7,5,22,2,0,0,8.198863,0
1,2018,7,5,22,3,0,0,8.198863,0
1,2018,7,5,23,0,0,0,9.703008,0
1,2018,7,5,23,1,0,0,24.829845,0
1,2018,7,5,23,2,0,0,13.263939,0
1,2018,7,5,23,3,0,0,28.268875,0
1,2018,7,6,0,0,0,0,19.397862,0
1,2018,7,6,0,1,0,0,13.009905,0
1,2018,7,6,0,2,0,0,13.009905,0
1,2018,7,6,0,3,0,0,9.474641,0
1,2018,7,6,1,0,0,0,3.381888,0
1,2018,7,6,1,1,0,0,8.809128,0
1,2018,7,6,1,2,0,0,10.997712,0
1,2018,7,6,1,3,0,0,12.204983,0
1,2018,7,6,2,0,0,0,2.546928,0
1,2018,7,6,2,1,0,0,2.546928,0
1,2018,7,6,2,2,0,0,2.546928,0
1,2018,7,6,2,3,0,0,2.546928,0
1,2018,7,6,3,0,0,0,5.695594,0
1,2018,7,6,3,1,0,0,4.121261,0
1,2018,7,6,3,2,0,0,4.246928,0
1,2018,7,6,3,3,0,0,4.246928,0
1,2018,7,6,4,0,0,0,2.546928,0
1,2018,7,6,4,1,0,0,2.546928,0
1,2018,7,6,4,2,0,0,2.546928,0
1,2018,7,6,4,3,0,0,2.546928,0
1,2018,7,6,5,0,0,0,6.44054,0
1,2018,7,6,5,1,0,0,12.28096,0
1,2018,7,6,5,2,0,0,9.036282,0
1,2018,7,6,5,3,0,0,2.546928,0
1,2018,7,6,6,0,0,0,2.398028,0
1,2018,7,6,6,1,0,0,2.100229,0
1,2018,7,6,6,2,0,0,2.100229,0
1,2018,7,6,6,3,0,0,2.645344,0
1,2018,7,6,7,0,0,0,4.728433,0
1,2018,7,6,7,1,0,0,11.541858,0
1,2018,7,6,7,2,0,0,13.585117,0
1,2018,7,6,7,3,0,0,5.929275,0
1,2018,7,6,8,0,0,0,2.323893,0
1,2018,7,6,8,1,0,0,7.064678,0
1,2018,7,6,8,2,0,0,11.509855,0
1,2018,7,6,8,3,0,0,6.319004,0
1,2018,7,6,9,0,0,0,7.720521,0
1,2018,7,6,9,1,0,0,16.946114,0
1,2018,7,6,9,2,0,0,14.219521,0
1,2018,7,6,9,3,0,0,11.257938,0
1,2018,7,6,10,0,0,0,21.80862,0
1,2018,7,6,10,1,0,0,19.687968,0
1,2018,7,6,10,2,0,0,10.465241,0
1,2018,7,6,10,3,0,0,25.055827,0
1,2018,7,6,11,0,0,0,16.869768,0
1,2018,7,6,11,1,0,0,28.503887,0
1,2018,7,6,11,2,0,0,31.820082,0
1,2018,7,6,11,3,0,0,18.263191,0
1,2018,7,6,12,0,0,0,9.627257,0
1,2018,7,6,12,1,0,0,20.36338,0
1,2018,7,6,12,2,0,0,24.403584,0
1,2018,7,6,12,3,0,0,19.797125,0
1,2018,7,6,13,0,0,0,27.717753,0
1,2018,7,6,13,1,0,0,22.936829,0
1,2018,7,6,13,2,0,0,29.508954,0
1,2018,7,6,13,3,0,0,39.183566,0
1,2018,7,6,14,0,0,0,38.107336,0
1,2018,7,6,14,1,0,0,20.41503,0
1,2018,7,6,14,2,0,0,27.627636,0
1,2018,7,6,14,3,0,0,26.451286,0
1,2018,7,6,15,0,0,0,40.54949,0
1,2018,7,6,15,1,0,0,35.004269,0
1,2018,7,6,15,2,0,0,22.729827,0
1,2018,7,6,15,3,0,0,17.970515,0
1,2018,7,6,16,0,0,0,7.13699,0
1,2018,7,6,16,1,0,0,9.676007,0
1,2018,7,6,16,2,0,0,10.103202,0
1,2018,7,6,16,3,0,0,11.961125,0
1,2018,7,6,17,0,0,0,15.962407,0
1,2018,7,6,17,1,0,0,33.134473,0
1,2018,7,6,17,2,0,0,30.372355,0
1,2018,7,6,17,3,0,0,23.174607,0
1,2018,7,6,18,0,0,0,24.8621,0
1,2018,7,6,18,1,0,0,25.19671,0
1,2018,7,6,18,2,0,0,22.085891,0
1,2018,7,6,18,3,0,0,20.494499,0
1,2018,7,6,19,0,0,0,18.213656,0
1,2018,7,6,19,1,0,0,19.148171,0
1,2018,7,6,19,2,0,0,26.146846,0
1,2018,7,6,19,3,0,0,29.416385,0
1,2018,7,6,20,0,0,0,9.140256,0
1,2018,7,6,20,1,0,0,9.013397,0
1,2018,7,6,20,2,0,0,9.409373,0
1,2018,7,6,20,3,0,0,10.696777,0
1,2018,7,6,21,0,0,0,15.060688,0
1,2018,7,6,21,1,0,0,13.416238,0
1,2018,7,6,21,2,0,0,15.2485,0
1,2018,7,6,21,3,0,0,9.409746,0
1,2018,7,6,22,0,0,0,14.408842,0
1,2018,7,6,22,1,0,0,15.557391,0
1,2018,7,6,22,2,0,0,9.2963,0
1,2018,7,6,22,3,0,0,11.55456,0
1,2018,7,6,23,0,0,0,15.540928,0
1,2018,7,6,23,1,0,0,8.834698,0
1,2018,7,6,23,2,0,0,3.159868,0
1,2018,7,6,23,3,0,0,4.567243,0
1,2018,7,7,0,0,0,0,10.704448,0
1,2018,7,7,0,1,0,0,15.834231,0
1,2018,7,7,0,2,0,0,6.762777,0
1,2018,7,7,0,3,0,0,4.131661,0
1,2018,7,7,1,0,0,0,15.174911,0
1,2018,7,7,1,1,0,0,17.338236,0
1,2018,7,7,1,2,0,0,21.790779,0
1,2018,7,7,1,3,0,0,14.375352,0
1,2018,7,7,2,0,0,0,2.585602,0
1,2018,7,7,2,1,0,0,10.159677,0
1,2018,7,7,2,2,0,0,16.475165,0
1,2018,7,7,2,3,0,0,12.621141,0
1,2018,7,7,3,0,0,0,15.018555,0
1,2018,7,7,3,1,0,0,14.027033,0
1,2018,7,7,3,2,0,0,2.998292,0
1,2018,7,7,3,3,0,0,1.743477,0
1,2018,7,7,4,0,0,0,2.033153,0
1,2018,7,7,4,1,0,0,2.467666,0
1,2018,7,7,4,2,0,0,4.568221,0
1,2018,7,7,4,3,0,0,14.067787,0
1,2018,7,7,5,0,0,0,20.60912,0
1,2018,7,7,5,1,0,0,4.441143,0
1,2018,7,7,5,2,0,0,2.658498,0
1,2018,7,7,5,3,0,0,2.658498,0
1,2018,7,7,6,0,0,0,2.658498,0
1,2018,7,7,6,1,0,0,2.658498,0
1,2018,7,7,6,2,0,0,2.658498,0
1,2018,7,7,6,3,0,0,2.603284,0
1,2018,7,7,7,0,0,0,2.485247,0
1,2018,7,7,7,1,0,0,2.455709,0
1,2018,7,7,7,2,0,0,2.455709,0
1,2018,7,7,7,3,0,0,3.330894,0
1,2018,7,7,8,0,0,0,7.096293,0
1,2018,7,7,8,1,0,0,9.531718,0
1,2018,7,7,8,2,0,0,13.211315,0
1,2018,7,7,8,3,0,0,18.298681,0
1,2018,7,7,9,0,0,0,21.016909,0
1,2018,7,7,9,1,0,0,12.815248,0
1,2018,7,7,9,2,0,0,5.493853,0
1,2018,7,7,9,3,0,0,12.264879,0
1,2018,7,7,10,0,0,0,18.64167,0
1,2018,7,7,10,1,0,0,18.323018,0
1,2018,7,7,10,2,0,0,9.253867,0
1,2018,7,7,10,3,0,0,15.201999,0
1,2018,7,7,11,0,0,0,26.509641,0
1,2018,7,7,11,1,0,0,23.785672,0
1,2018,7,7,11,2,0,0,15.780124,0
1,2018,7,7,11,3,0,0,20.705977,0
1,2018,7,7,12,0,0,0,27.753775,0
1,2018,7,7,12,1,0,0,15.135752,0
1,2018,7,7,12,2,0,0,22.583895,0
1,2018,7,7,12,3,0,0,33.979916,0
1,2018,7,7,13,0,0,0,15.93171,0
1,2018,7,7,13,1,0,0,12.3839,0
1,2018,7,7,13,2,0,0,13.701499,0
1,2018,7,7,13,3,0,0,17.396908,0
1,2018,7,7,14,0,0,0,31.877205,0
1,2018,7,7,14,1,0,0,28.303551,0
1,2018,7,7,14,2,0,0,24.652195,0
1,2018,7,7,14,3,0,0,22.788144,0
1,2018,7,7,15,0,0,0,24.27899,0
1,2018,7,7,15,1,0,0,21.680499,0
1,2018,7,7,15,2,0,0,15.600528,0
1,2018,7,7,15,3,0,0,12.834505,0
1,2018,7,7,16,0,0,0,21.304952,0
1,2018,7,7,16,1,0,0,30.255854,0
1,2018,7,7,16,2,0,0,23.990523,0
1,2018,7,7,16,3,0,0,14.339879,0
1,2018,7,7,17,0,0,0,14.431733,0
1,2018,7,7,17,1,0,0,20.940441,0
1,2018,7,7,17,2,0,0,36.597057,0
1,2018,7,7,17,3,0,0,24.751712,0
1,2018,7,7,18,0,0,0,20.606272,0
1,2018,7,7,18,1,0,0,26.712417,0
1,2018,7,7,18,2,0,0,24.664886,0
1,2018,7,7,18,3,0,0,26.594479,0
1,2018,7,7,19,0,0,0,32.80219,0
1,2018,7,7,19,1,0,0,35.014353,0
1,2018,7,7,19,2,0,0,31.399138,0
1,2018,7,7,19,3,0,0,19.712249,0
1,2018,7,7,20,0,0,0,19.076503,0
1,2018,7,7,20,1,0,0,37.260618,0
1,2018,7,7,20,2,0,0,31.559554,0
1,2018,7,7,20,3,0,0,21.706732,0
1,2018,7,7,21,0,0,0,11.128009,0
1,2018,7,7,21,1,0,0,26.979227,0
1,2018,7,7,21,2,0,0,26.646216,0
1,2018,7,7,21,3,0,0,37.937502,0
1,2018,7,7,22,0,0,0,37.244118,0
1,2018,7,7,22,1,0,0,36.316791,0
1,2018,7,7,22,2,0,0,22.093548,0
1,2018,7,7,22,3,0,0,19.919081,0
1,2018,7,7,23,0,0,0,6.81966,0
1,2018,7,7,23,1,0,0,6.793297,0
1,2018,7,7,23,2,0,0,16.758302,0
1,2018,7,7,23,3,0,0,12.879495,0
1,2018,7,8,0,0,0,0,6.256225,0
1,2018,7,8,0,1,0,0,9.019559,0
1,2018,7,8,0,2,0,0,3.492892,0
1,2018,7,8,0,3,0,0,5.716342,0
1,2018,7,8,1,0,0,0,27.830682,0
1,2018,7,8,1,1,0,0,36.765009,0
1,2018,7,8,1,2,0,0,28.953506,0
1,2018,7,8,1,3,0,0,20.95027,0
1,2018,7,8,2,0,0,0,15.175656,0
1,2018,7,8,2,1,0,0,26.462992,0
1,2018,7,8,2,2,0,0,25.93853,0
1,2018,7,8,2,3,0,0,21.540195,0
1,2018,7,8,3,0,0,0,22.269859,0
1,2018,7,8,3,1,0,0,21.840336,0
1,2018,7,8,3,2,0,0,21.793059,0
1,2018,7,8,3,3,0,0,5.091718,0
1,2018,7,8,4,0,0,0,14.268446,0
1,2018,7,8,4,1,0,0,13.931066,0
1,2018,7,8,4,2,0,0,3.428688,0
1,2018,7,8,4,3,0,0,2.080191,0
1,2018,7,8,5,0,0,0,17.151292,0
1,2018,7,8,5,1,0,0,22.663854,0
1,2018,7,8,5,2,0,0,23.844434,0
1,2018,7,8,5,3,0,0,12.270545,0
1,2018,7,8,6,0,0,0,6.881741,0
1,2018,7,8,6,1,0,0,12.69848,0
1,2018,7,8,6,2,0,0,21.976709,0
1,2018,7,8,6,3,0,0,17.429152,0
1,2018,7,8,7,0,0,0,7.777872,0
1,2018,7,8,7,1,0,0,3.488023,0
1,2018,7,8,7,2,0,0,7.553507,0
1,2018,7,8,7,3,0,0,13.651733,0
1,2018,7,8,8,0,0,0,15.578043,0
1,2018,7,8,8,1,0,0,23.898136,0
1,2018,7,8,8,2,0,0,4.848697,0
1,2018,7,8,8,3,0,0,4.367168,0
1,2018,7,8,9,0,0,0,12.567124,0
1,2018,7,8,9,1,0,0,7.413791,0
1,2018,7,8,9,2,0,0,13.511707,0
1,2018,7,8,9,3,0,0,22.328632,0
1,2018,7,8,10,0,0,0,13.391762,0
1,2018,7,8,10,1,0,0,11.963962,0
1,2018,7,8,10,2,0,0,18.996333,0
1,2018,7,8,10,3,0,0,18.850642,0
1,2018,7,8,11,0,0,0,22.074081,0
1,2018,7,8,11,1,0,0,3.8767,0
1,2018,7,8,11,2,0,0,13.443521,0
1,2018,7,8,11,3,0,0,28.894799,0
1,2018,7,8,12,0,0,0,24.437845,0
1,2018,7,8,12,1,0,0,23.230167,0
1,2018,7,8,12,2,0,0,24.602686,0
1,2018,7,8,12,3,0,0,28.696645,0
1,2018,7,8,13,0,0,0,23.73348,0
1,2018,7,8,13,1,0,0,14.560324,0
1,2018,7,8,13,2,0,0,15.598823,0
1,2018,7,8,13,3,0,0,31.469638,0
1,2018,7,8,14,0,0,0,38.060569,0
1,2018,7,8,14,1,0,0,16.789951,0
1,2018,7,8,14,2,0,0,16.732744,0
1,2018,7,8,14,3,0,0,13.560329,0
1,2018,7,8,15,0,0,0,7.84327,0
1,2018,7,8,15,1,0,0,16.184831,0
1,2018,7,8,15,2,0,0,23.648572,0
1,2018,7,8,15,3,0,0,11.540806,0
1,2018,7,8,16,0,0,0,20.728036,0
1,2018,7,8,16,1,0,0,32.673489,0
1,2018,7,8,16,2,0,0,33.391512,0
1,2018,7,8,16,3,0,0,35.283763,0
1,2018,7,8,17,0,0,0,15.812019,0
1,2018,7,8,17,1,0,0,16.408377,0
1,2018,7,8,17,2,0,0,20.916083,0
1,2018,7,8,17,3,0,0,30.290651,0
1,2018,7,8,18,0,0,0,44.134736,0
1,2018,7,8,18,1,0,0,30.437194,0
1,2018,7,8,18,2,0,0,29.701146,0
1,2018,7,8,18,3,0,0,38.544569,0
1,2018,7,8,19,0,0,0,30.194413,0
1,2018,7,8,19,1,0,0,19.693717,0
1,2018,7,8,19,2,0,0,13.780232,0
1,2018,7,8,19,3,0,0,7.079377,0
1,2018,7,8,20,0,0,0,16.209152,0
1,2018,7,8,20,1,0,0,15.261284,0
1,2018,7,8,20,2,0,0,10.9894,0
1,2018,7,8,20,3,0,0,29.779415,0
1,2018,7,8,21,0,0,0,31.069926,0
1,2018,7,8,21,1,0,0,16.877904,0
1,2018,7,8,21,2,0,0,25.376809,0
1,2018,7,8,21,3,0,0,8.412536,0
1,2018,7,8,22,0,0,0,14.152235,0
1,2018,7,8,22,1,0,0,4.530793,0
1,2018,7,8,22,2,0,0,9.882967,0
1,2018,7,8,22,3,0,0,11.876789,0
1,2018,7,8,23,0,0,0,15.187789,0
1,2018,7,8,23,1,0,0,15.271323,0
1,2018,7,8,23,2,0,0,4.389807,0
1,2018,7,8,23,3,0,0,3.25082,0
1,2018,7,9,0,0,0,0,7.407729,0
1,2018,7,9,0,1,0,0,10.179002,0
1,2018,7,9,0,2,0,0,7.407729,0
1,2018,7,9,0,3,0,0,3.610385,0
1,2018,7,9,1,0,0,0,3.81395,0
1,2018,7,9,1,1,0,0,3.845268,0
1,2018,7,9,1,2,0,0,10.275446,0
1,2018,7,9,1,3,0,0,15.188996,0
1,2018,7,9,2,0,0,0,11.714686,0
1,2018,7,9,2,1,0,0,11.714686,0
1,2018,7,9,2,2,0,0,4.894524,0
1,2018,7,9,2,3,0,0,3.845268,0
1,2018,7,9,3,0,0,0,3.639924,0
1,2018,7,9,3,1,0,0,4.213398,0
1,2018,7,9,3,2,0,0,4.267195,0
1,2018,7,9,3,3,0,0,4.267195,0
1,2018,7,9,4,0,0,0,5.578945,0
1,2018,7,9,4,1,0,0,14.10532,0
1,2018,7,9,4,2,0,0,14.10532,0
1,2018,7,9,4,3,0,0,4.267195,0
1,2018,7,9,5,0,0,0,4.267195,0
1,2018,7,9,5,1,0,0,4.267195,0
1,2018,7,9,5,2,0,0,9.171269,0
1,2018,7,9,5,3,0,0,11.623306,0
1,2018,7,9,6,0,0,0,5.24801,0
1,2018,7,9,6,1,0,0,13.229369,0
1,2018,7,9,6,2,0,0,23.18645,0
1,2018,7,9,6,3,0,0,16.255318,0
1,2018,7,9,7,0,0,0,7.625822,0
1,2018,7,9,7,1,0,0,3.207567,0
1,2018,7,9,7,2,0,0,4.140679,0
1,2018,7,9,7,3,0,0,7.567661,0
1,2018,7,9,8,0,0,0,5.301408,0
1,2018,7,9,8,1,0,0,4.065668,0
1,2018,7,9,8,2,0,0,9.825876,0
1,2018,7,9,8,3,0,0,10.65876,0
1,2018,7,9,9,0,0,0,8.914925,0
1,2018,7,9,9,1,0,0,11.436092,0
1,2018,7,9,9,2,0,0,12.90383,0
1,2018,7,9,9,3,0,0,12.480683,0
1,2018,7,9,10,0,0,0,19.972635,0
1,2018,7,9,10,1,0,0,20.769757,0
1,2018,7,9,10,2,0,0,26.531509,0
1,2018,7,9,10,3,0,0,24.329638,0
1,2018,7,9,11,0,0,0,16.412565,0
1,2018,7,9,11,1,0,0,7.025589,0
1,2018,7,9,11,2,0,0,11.912581,0
1,2018,7,9,11,3,0,0,23.082762,0
1,2018,7,9,12,0,0,0,19.220888,0
1,2018,7,9,12,1,0,0,10.002492,0
1,2018,7,9,12,2,0,0,9.977592,0
1,2018,7,9,12,3,0,0,27.930951,0
1,2018,7,9,13,0,0,0,27.020064,0
1,2018,7,9,13,1,0,0,19.574009,0
1,2018,7,9,13,2,0,0,11.416595,0
1,2018,7,9,13,3,0,0,18.516256,0
1,2018,7,9,14,0,0,0,16.230742,0
1,2018,7,9,14,1,0,0,23.824125,0
1,2018,7,9,14,2,0,0,29.578994,0
1,2018,7,9,14,3,0,0,39.497965,0
1,2018,7,9,15,0,0,0,41.628292,0
1,2018,7,9,15,1,0,0,24.457179,0
1,2018,7,9,15,2,0,0,27.464399,0
1,2018,7,9,15,3,0,0,32.618032,0
1,2018,7,9,16,0,0,0,33.485744,0
1,2018,7,9,16,1,0,0,21.418408,0
1,2018,7,9,16,2,0,0,15.610245,0
1,2018,7,9,16,3,0,0,13.376336,0
1,2018,7,9,17,0,0,0,33.896336,0
1,2018,7,9,17,1,0,0,16.301291,0
1,2018,7,9,17,2,0,0,12.275614,0
1,2018,7,9,17,3,0,0,10.994822,0
1,2018,7,9,18,0,0,0,14.307742,0
1,2018,7,9,18,1,0,0,8.929733,0
1,2018,7,9,18,2,0,0,10.280324,0
1,2018,7,9,18,3,0,0,10.18904,0
1,2018,7,9,19,0,0,0,8.893194,0
1,2018,7,9,19,1,0,0,6.275043,0
1,2018,7,9,19,2,0,0,4.266076,0
1,2018,7,9,19,3,0,0,8.64127,0
1,2018,7,9,20,0,0,0,6.208416,0
1,2018,7,9,20,1,0,0,9.471773,0
1,2018,7,9,20,2,0,0,22.185239,0
1,2018,7,9,20,3,0,0,7.552459,0
1,2018,7,9,21,0,0,0,19.423943,0
1,2018,7,9,21,1,0,0,26.357902,0
1,2018,7,9,21,2,0,0,17.317784,0
1,2018,7,9,21,3,0,0,17.026347,0
1,2018,7,9,22,0,0,0,7.530287,0
1,2018,7,9,22,1,0,0,20.106131,0
1,2018,7,9,22,2,0,0,20.374556,0
1,2018,7,9,22,3,0,0,17.3676,0
1,2018,7,9,23,0,0,0,17.087625,0
1,2018,7,9,23,1,0,0,22.064594,0
1,2018,7,9,23,2,0,0,17.115706,0
1,2018,7,9,23,3,0,0,9.033716,0
1,2018,7,10,0,0,0,0,12.630529,0
1,2018,7,10,0,1,0,0,12.630529,0
1,2018,7,10,0,2,0,0,11.412333,0
1,2018,7,10,0,3,0,0,8.737419,0
1,2018,7,10,1,0,0,0,14.191086,0
1,2018,7,10,1,1,0,0,6.806324,0
1,2018,7,10,1,2,0,0,3.085158,0
1,2018,7,10,1,3,0,0,2.682162,0
1,2018,7,10,2,0,0,0,2.682162,0
1,2018,7,10,2,1,0,0,2.682162,0
1,2018,7,10,2,2,0,0,2.682162,0
1,2018,7,10,2,3,0,0,2.682162,0
1,2018,7,10,3,0,0,0,2.682162,0
1,2018,7,10,3,1,0,0,2.682162,0
1,2018,7,10,3,2,0,0,2.682162,0
1,2018,7,10,3,3,0,0,2.682162,0
1,2018,7,10,4,0,0,0,2.682162,0
1,2018,7,10,4,1,0,0,2.682162,0
1,2018,7,10,4,2,0,0,11.225576,0
1,2018,7,10,4,3,0,0,16.39382,0
1,2018,7,10,5,0,0,0,10.005089,0
1,2018,7,10,5,1,0,0,2.682162,0
1,2018,7,10,5,2,0,0,2.682162,0
1,2018,7,10,5,3,0,0,2.682162,0
1,2018,7,10,6,0,0,0,2.682162,0
1,2018,7,10,6,1,0,0,2.392107,0
1,2018,7,10,6,2,0,0,2.319594,0
1,2018,7,10,6,3,0,0,2.319594,0
1,2018,7,10,7,0,0,0,2.287294,0
1,2018,7,10,7,1,0,0,3.347439,0
1,2018,7,10,7,2,0,0,11.494927,0
1,2018,7,10,7,3,0,0,32.38469,0
1,2018,7,10,8,0,0,0,31.092257,0
1,2018,7,10,8,1,0,0,17.373859,0
1,2018,7,10,8,2,0,0,7.710341,0
1,2018,7,10,8,3,0,0,9.552616,0
1,2018,7,10,9,0,0,0,16.592386,0
1,2018,7,10,9,1,0,0,10.115123,0
1,2018,7,10,9,2,0,0,6.971446,0
1,2018,7,10,9,3,0,0,6.41233,0
1,2018,7,10,10,0,0,0,11.843199,0
1,2018,7,10,10,1,0,0,21.76435,0
1,2018,7,10,10,2,0,0,35.420524,0
1,2018,7,10,10,3,0,0,28.88982,0
1,2018,7,10,11,0,0,0,13.737086,0
1,2018,7,10,11,1,0,0,18.06464,0
1,2018,7,10,11,2,0,0,13.899837,0
1,2018,7,10,11,3,0,0,13.573167,0
1,2018,7,10,12,0,0,0,23.158647,0
1,2018,7,10,12,1,0,0,34.537151,0
1,2018,7,10,12,2,0,0,24.275644,0
1,2018,7,10,12,3,0,0,32.568115,0
1,2018,7,10,13,0,0,0,28.635343,0
1,2018,7,10,13,1,0,0,14.88208,0
1,2018,7,10,13,2,0,0,21.925967,0
1,2018,7,10,13,3,0,0,22.044379,0
1,2018,7,10,14,0,0,0,20.999487,0
1,2018,7,10,14,1,0,0,17.262329,0
1,2018,7,10,14,2,0,0,26.149486,0
1,2018,7,10,14,3,0,0,23.945844,0
1,2018,7,10,15,0,0,0,13.073268,0
1,2018,7,10,15,1,0,0,34.784258,0
1,2018,7,10,15,2,0,0,49.186041,0
1,2018,7,10,15,3,0,0,45.555109,0
1,2018,7,10,16,0,0,0,24.927014,0
1,2018,7,10,16,1,0,0,28.593251,0
1,2018,7,10,16,2,0,0,24.218378,0
1,2018,7,10,16,3,0,0,23.769491,0
1,2018,7,10,17,0,0,0,21.808786,0
1,2018,7,10,17,1,0,0,30.148447,0
1,2018,7,10,17,2,0,0,22.702183,0
1,2018,7,10,17,3,0,0,29.672562,0
1,2018,7,10,18,0,0,0,33.931686,0
1,2018,7,10,18,1,0,0,34.053916,0
1,2018,7,10,18,2,0,0,27.126492,0
1,2018,7,10,18,3,0,0,21.116186,0
1,2018,7,10,19,0,0,0,21.412059,0
1,2018,7,10,19,1,0,0,10.676503,0
1,2018,7,10,19,2,0,0,4.603895,0
1,2018,7,10,19,3,0,0,4.761059,0
1,2018,7,10,20,0,0,0,4.761059,0
1,2018,7,10,20,1,0,0,8.741309,0
1,2018,7,10,20,2,0,0,10.888693,0
1,2018,7,10,20,3,0,0,11.903134,0
1,2018,7,10,21,0,0,0,17.114573,0
1,2018,7,10,21,1,0,0,11.054921,0
1,2018,7,10,21,2,0,0,24.161817,0
1,2018,7,10,21,3,0,0,23.363511,0
1,2018,7,10,22,0,0,0,5.430053,0
1,2018,7,10,22,1,0,0,3.431005,0
1,2018,7,10,22,2,0,0,15.678079,0
1,2018,7,10,22,3,0,0,11.692294,0
1,2018,7,10,23,0,0,0,12.578334,0
1,2018,7,10,23,1,0,0,24.068392,0
1,2018,7,10,23,2,0,0,11.710678,0
1,2018,7,10,23,3,0,0,19.145933,0
1,2018,7,11,0,0,0,0,16.74186,0
1,2018,7,11,0,1,0,0,7.158379,0
1,2018,7,11,0,2,0,0,2.953833,0
1,2018,7,11,0,3,0,0,2.953833,0
1,2018,7,11,1,0,0,0,2.953833,0
1,2018,7,11,1,1,0,0,5.775553,0
1,2018,7,11,1,2,0,0,6.545113,0
1,2018,7,11,1,3,0,0,4.638278,0
1,2018,7,11,2,0,0,0,13.167782,0
1,2018,7,11,2,1,0,0,25.368008,0
1,2018,7,11,2,2,0,0,20.651564,0
1,2018,7,11,2,3,0,0,4.623535,0
1,2018,7,11,3,0,0,0,2.953833,0
1,2018,7,11,3,1,0,0,2.953833,0
1,2018,7,11,3,2,0,0,2.896452,0
1,2018,7,11,3,3,0,0,2.523476,0
1,2018,7,11,4,0,0,0,2.523476,0
1,2018,7,11,4,1,0,0,2.631692,0
1,2018,7,11,4,2,0,0,10.012791,0
1,2018,7,11,4,3,0,0,13.923505,0
1,2018,7,11,5,0,0,0,5.779916,0
1,2018,7,11,5,1,0,0,2.610061,0
1,2018,7,11,5,2,0,0,2.783231,0
1,2018,7,11,5,3,0,0,3.267239,0
1,2018,7,11,6,0,0,0,4.421667,0
1,2018,7,11,6,1,0,0,4.421667,0
1,2018,7,11,6,2,0,0,9.797667,0
1,2018,7,11,6,3,0,0,5.153188,0
1,2018,7,11,7,0,0,0,4.237362,0
1,2018,7,11,7,1,0,0,6.787233,0
1,2018,7,11,7,2,0,0,11.596571,0
1,2018,7,11,7,3,0,0,16.163456,0
1,2018,7,11,8,0,0,0,11.780554,0
1,2018,7,11,8,1,0,0,13.953439,0
1,2018,7,11,8,2,0,0,19.16151,0
1,2018,7,11,8,3,0,0,18.977725,0
1,2018,7,11,9,0,0,0,23.928371,0
1,2018,7,11,9,1,0,0,22.251962,0
1,2018,7,11,9,2,0,0,23.766947,0
1,2018,7,11,9,3,0,0,21.566852,0
1,2018,7,11,10,0,0,0,17.599405,0
1,2018,7,11,10,1,0,0,21.463573,0
1,2018,7,11,10,2,0,0,20.548397,0
1,2018,7,11,10,3,0,0,16.130973,0
1,2018,7,11,11,0,0,0,9.77115,0
1,2018,7,11,11,1,0,0,14.933209,0
1,2018,7,11,11,2,0,0,8.315454,0
1,2018,7,11,11,3,0,0,10.432307,0
1,2018,7,11,12,0,0,0,16.952131,0
1,2018,7,11,12,1,0,0,16.858171,0
1,2018,7,11,12,2,0,0,25.045143,0
1,2018,7,11,12,3,0,0,41.060401,0
1,2018,7,11,13,0,0,0,32.09491,0
1,2018,7,11,13,1,0,0,16.20818,0
1,2018,7,11,13,2,0,0,22.314864,0
1,2018,7,11,13,3,0,0,35.144119,0
1,2018,7,11,14,0,0,0,37.889074,0
1,2018,7,11,14,1,0,0,31.486626,0
1,2018,7,11,14,2,0,0,21.153924,0
1,2018,7,11,14,3,0,0,12.671498,0
1,2018,7,11,15,0,0,0,23.263531,0
1,2018,7,11,15,1,0,0,42.987655,0
1,2018,7,11,15,2,0,0,23.636589,0
1,2018,7,11,15,3,0,0,25.280412,0
1,2018,7,11,16,0,0,0,21.74504,0
1,2018,7,11,16,1,0,0,15.24008,0
1,2018,7,11,16,2,0,0,12.102423,0
1,2018,7,11,16,3,0,0,4.593633,0
1,2018,7,11,17,0,0,0,20.409405,0
1,2018,7,11,17,1,0,0,35.69054,0
1,2018,7,11,17,2,0,0,20.664699,0
1,2018,7,11,17,3,0,0,33.007596,0
1,2018,7,11,18,0,0,0,27.565363,0
1,2018,7,11,18,1,0,0,20.781739,0
1,2018,7,11,18,2,0,0,11.192116,0
1,2018,7,11,18,3,0,0,11.745125,0
1,2018,7,11,19,0,0,0,11.197365,0
1,2018,7,11,19,1,0,0,7.41132,0
1,2018,7,11,19,2,0,0,9.650267,0
1,2018,7,11,19,3,0,0,1.911737,0
1,2018,7,11,20,0,0,0,2.323813,0
1,2018,7,11,20,1,0,0,12.995776,0
1,2018,7,11,20,2,0,0,15.927336,0
1,2018,7,11,20,3,0,0,13.27727,0
1,2018,7,11,21,0,0,0,8.657979,0
1,2018,7,11,21,1,0,0,8.46326,0
1,2018,7,11,21,2,0,0,2.638341,0
1,2018,7,11,21,3,0,0,3.744453,0
1,2018,7,11,22,0,0,0,6.475564,0
1,2018,7,11,22,1,0,0,9.387247,0
1,2018,7,11,22,2,0,0,9.212421,0
1,2018,7,11,22,3,0,0,16.432247,0
1,2018,7,11,23,0,0,0,3.864453,0
1,2018,7,11,23,1,0,0,9.303559,0
1,2018,7,11,23,2,0,0,15.454174,0
1,2018,7,11,23,3,0,0,9.62796,0
1,2018,7,12,0,0,0,0,2.378898,0
1,2018,7,12,0,1,0,0,2.378898,0
1,2018,7,12,0,2,0,0,12.814612,0
1,2018,7,12,0,3,0,0,11.423184,0
1,2018,7,12,1,0,0,0,2.378898,0
1,2018,7,12,1,1,0,0,2.59514,0
1,2018,7,12,1,2,0,0,2.6492,0
1,2018,7,12,1,3,0,0,9.03695,0
1,2018,7,12,2,0,0,0,13.29545,0
1,2018,7,12,2,1,0,0,2.6492,0
1,2018,7,12,2,2,0,0,2.6492,0
1,2018,7,12,2,3,0,0,5.98045,0
1,2018,7,12,3,0,0,0,12.64295,0
1,2018,7,12,3,1,0,0,5.3142,0
1,2018,7,12,3,2,0,0,2.6492,0
1,2018,7,12,3,3,0,0,2.6492,0
1,2018,7,12,4,0,0,0,2.6492,0
1,2018,7,12,4,1,0,0,2.6492,0
1,2018,7,12,4,2,0,0,2.6492,0
1,2018,7,12,4,3,0,0,2.6492,0
1,2018,7,12,5,0,0,0,2.6492,0
1,2018,7,12,5,1,0,0,3.256978,0
1,2018,7,12,5,2,0,0,11.765867,0
1,2018,7,12,5,3,0,0,3.790194,0
1,2018,7,12,6,0,0,0,2.369594,0
1,2018,7,12,6,1,0,0,15.170359,0
1,2018,7,12,6,2,0,0,16.67283,0
1,2018,7,12,6,3,0,0,2.238344,0
1,2018,7,12,7,0,0,0,2.172719,0
1,2018,7,12,7,1,0,0,2.5672,0
1,2018,7,12,7,2,0,0,8.141694,0
1,2018,7,12,7,3,0,0,9.308629,0
1,2018,7,12,8,0,0,0,6.004376,0
1,2018,7,12,8,1,0,0,7.425304,0
1,2018,7,12,8,2,0,0,18.481145,0
1,2018,7,12,8,3,0,0,11.65268,0
1,2018,7,12,9,0,0,0,10.162738,0
1,2018,7,12,9,1,0,0,18.610446,0
1,2018,7,12,9,2,0,0,21.27111,0
1,2018,7,12,9,3,0,0,21.193493,0
1,2018,7,12,10,0,0,0,16.161354,0
1,2018,7,12,10,1,0,0,21.42464,0
1,2018,7,12,10,2,0,0,30.866449,0
1,2018,7,12,10,3,0,0,29.293581,0
1,2018,7,12,11,0,0,0,32.23002,0
1,2018,7,12,11,1,0,0,22.195254,0
1,2018,7,12,11,2,0,0,15.352759,0
1,2018,7,12,11,3,0,0,35.253966,0
1,2018,7,12,12,0,0,0,37.09099,0
1,2018,7,12,12,1,0,0,26.477197,0
1,2018,7,12,12,2,0,0,20.265301,0
1,2018,7,12,12,3,0,0,20.412765,0
1,2018,7,12,13,0,0,0,31.554978,0
1,2018,7,12,13,1,0,0,33.391774,0
1,2018,7,12,13,2,0,0,32.875572,0
1,2018,7,12,13,3,0,0,32.826882,0
1,2018,7,12,14,0,0,0,37.85877,0
1,2018,7,12,14,1,0,0,39.12447,0
1,2018,7,12,14,2,0,0,45.29445,0
1,2018,7,12,14,3,0,0,39.298882,0
1,2018,7,12,15,0,0,0,38.532462,0
1,2018,7,12,15,1,0,0,31.680283,0
1,2018,7,12,15,2,0,0,32.036201,0
1,2018,7,12,15,3,0,0,12.575505,0
1,2018,7,12,16,0,0,0,8.331432,0
1,2018,7,12,16,1,0,0,13.62642,0
1,2018,7,12,16,2,0,0,17.226534,0
1,2018,7,12,16,3,0,0,9.260145,0
1,2018,7,12,17,0,0,0,16.063497,0
1,2018,7,12,17,1,0,0,21.563853,0
1,2018,7,12,17,2,0,0,29.876534,0
1,2018,7,12,17,3,0,0,18.664806,0
1,2018,7,12,18,0,0,0,9.858093,0
1,2018,7,12,18,1,0,0,17.081077,0
1,2018,7,12,18,2,0,0,18.143795,0
1,2018,7,12,18,3,0,0,18.300596,0
1,2018,7,12,19,0,0,0,13.86844,0
1,2018,7,12,19,1,0,0,5.409128,0
1,2018,7,12,19,2,0,0,4.601525,0
1,2018,7,12,19,3,0,0,18.25932,0
1,2018,7,12,20,0,0,0,32.478219,0
1,2018,7,12,20,1,0,0,24.360637,0
1,2018,7,12,20,2,0,0,23.07529,0
1,2018,7,12,20,3,0,0,27.900878,0
1,2018,7,12,21,0,0,0,26.223031,0
1,2018,7,12,21,1,0,0,20.486677,0
1,2018,7,12,21,2,0,0,31.174332,0
1,2018,7,12,21,3,0,0,36.311803,0
1,2018,7,12,22,0,0,0,29.97336,0
1,2018,7,12,22,1,0,0,16.394516,0
1,2018,7,12,22,2,0,0,6.160755,0
1,2018,7,12,22,3,0,0,16.648805,0
1,2018,7,12,23,0,0,0,21.04813,0
1,2018,7,12,23,1,0,0,2.951387,0
1,2018,7,12,23,2,0,0,1.846107,0
1,2018,7,12,23,3,0,0,7.302835,0
1,2018,7,13,0,0,0,0,3.89238,0
1,2018,7,13,0,1,0,0,1.846107,0
1,2018,7,13,0,2,0,0,6.449441,0
1,2018,7,13,0,3,0,0,6.449441,0
1,2018,7,13,1,0,0,0,3.877321,0
1,2018,7,13,1,1,0,0,2.035987,0
1,2018,7,13,1,2,0,0,2.035987,0
1,2018,7,13,1,3,0,0,16.555821,0
1,2018,7,13,2,0,0,0,12.050154,0
1,2018,7,13,2,1,0,0,2.035987,0
1,2018,7,13,2,2,0,0,2.035987,0
1,2018,7,13,2,3,0,0,2.035987,0
1,2018,7,13,3,0,0,0,2.035987,0
1,2018,7,13,3,1,0,0,2.035987,0
1,2018,7,13,3,2,0,0,2.343561,0
1,2018,7,13,3,3,0,0,2.455407,0
1,2018,7,13,4,0,0,0,2.455407,0
1,2018,7,13,4,1,0,0,6.060657,0
1,2018,7,13,4,2,0,0,10.180942,0
1,2018,7,13,4,3,0,0,5.545621,0
1,2018,7,13,5,0,0,0,2.455407,0
1,2018,7,13,5,1,0,0,2.455407,0
1,2018,7,13,5,2,0,0,2.455407,0
1,2018,7,13,5,3,0,0,6.06767,0
1,2018,7,13,6,0,0,0,20.151281,0
1,2018,7,13,6,1,0,0,13.434294,0
1,2018,7,13,6,2,0,0,4.083457,0
1,2018,7,13,6,3,0,0,5.223409,0
1,2018,7,13,7,0,0,0,1.833814,0
1,2018,7,13,7,1,0,0,1.802201,0
1,2018,7,13,7,2,0,0,2.079952,0
1,2018,7,13,7,3,0,0,5.176983,0
1,2018,7,13,8,0,0,0,12.871394,0
1,2018,7,13,8,1,0,0,17.346523,0
1,2018,7,13,8,2,0,0,21.877993,0
1,2018,7,13,8,3,0,0,10.483923,0
1,2018,7,13,9,0,0,0,8.007219,0
1,2018,7,13,9,1,0,0,18.517677,0
1,2018,7,13,9,2,0,0,29.275484,0
1,2018,7,13,9,3,0,0,27.526772,0
1,2018,7,13,10,0,0,0,20.32463,0
1,2018,7,13,10,1,0,0,9.892065,0
1,2018,7,13,10,2,0,0,13.789731,0
1,2018,7,13,10,3,0,0,11.579463,0
1,2018,7,13,11,0,0,0,25.483391,0
1,2018,7,13,11,1,0,0,32.093964,0
1,2018,7,13,11,2,0,0,40.123897,0
1,2018,7,13,11,3,0,0,33.135529,0
1,2018,7,13,12,0,0,0,20.821126,0
1,2018,7,13,12,1,0,0,25.149163,0
1,2018,7,13,12,2,0,0,36.999873,0
1,2018,7,13,12,3,0,0,64.383366,0
1,2018,7,13,13,0,0,0,51.841008,0
1,2018,7,13,13,1,0,0,25.885503,0
1,2018,7,13,13,2,0,0,26.033332,0
1,2018,7,13,13,3,0,0,18.738446,0
1,2018,7,13,14,0,0,0,15.375529,0
1,2018,7,13,14,1,0,0,17.435299,0
1,2018,7,13,14,2,0,0,8.1131,0
1,2018,7,13,14,3,0,0,16.377131,0
1,2018,7,13,15,0,0,0,26.95299,0
1,2018,7,13,15,1,0,0,30.46495,0
1,2018,7,13,15,2,0,0,36.066952,0
1,2018,7,13,15,3,0,0,20.10936,0
1,2018,7,13,16,0,0,0,15.48142,0
1,2018,7,13,16,1,0,0,26.267854,0
1,2018,7,13,16,2,0,0,37.379539,0
1,2018,7,13,16,3,0,0,29.478054,0
1,2018,7,13,17,0,0,0,39.235651,0
1,2018,7,13,17,1,0,0,36.14422,0
1,2018,7,13,17,2,0,0,31.885745,0
1,2018,7,13,17,3,0,0,22.861641,0
1,2018,7,13,18,0,0,0,22.106112,0
1,2018,7,13,18,1,0,0,25.532204,0
1,2018,7,13,18,2,0,0,34.344866,0
1,2018,7,13,18,3,0,0,25.380352,0
1,2018,7,13,19,0,0,0,11.998282,0
1,2018,7,13,19,1,0,0,13.837323,0
1,2018,7,13,19,2,0,0,10.651595,0
1,2018,7,13,19,3,0,0,10.814626,0
1,2018,7,13,20,0,0,0,12.601118,0
1,2018,7,13,20,1,0,0,32.332312,0
1,2018,7,13,20,2,0,0,38.154163,0
1,2018,7,13,20,3,0,0,43.808451,0
1,2018,7,13,21,0,0,0,27.350143,0
1,2018,7,13,21,1,0,0,37.283884,0
1,2018,7,13,21,2,0,0,20.370995,0
1,2018,7,13,21,3,0,0,10.224061,0
1,2018,7,13,22,0,0,0,8.148018,0
1,2018,7,13,22,1,0,0,22.808509,0
1,2018,7,13,22,2,0,0,24.585488,0
1,2018,7,13,22,3,0,0,12.193031,0
1,2018,7,13,23,0,0,0,28.437992,0
1,2018,7,13,23,1,0,0,44.36721,0
1,2018,7,13,23,2,0,0,31.498862,0
1,2018,7,13,23,3,0,0,14.817127,0
1,2018,7,14,0,0,0,0,2.503654,0
1,2018,7,14,0,1,0,0,6.206942,0
1,2018,7,14,0,2,0,0,5.487124,0
1,2018,7,14,0,3,0,0,12.32639,0
1,2018,7,14,1,0,0,0,10.095624,0
1,2018,7,14,1,1,0,0,11.971706,0
1,2018,7,14,1,2,0,0,34.757735,0
1,2018,7,14,1,3,0,0,24.586786,0
1,2018,7,14,2,0,0,0,21.848645,0
1,2018,7,14,2,1,0,0,9.561229,0
1,2018,7,14,2,2,0,0,2.456858,0
1,2018,7,14,2,3,0,0,2.456858,0
1,2018,7,14,3,0,0,0,2.476839,0
1,2018,7,14,3,1,0,0,2.606716,0
1,2018,7,14,3,2,0,0,2.606716,0
1,2018,7,14,3,3,0,0,12.859723,0
1,2018,7,14,4,0,0,0,14.221281,0
1,2018,7,14,4,1,0,0,5.550957,0
1,2018,7,14,4,2,0,0,2.022075,0
1,2018,7,14,4,3,0,0,2.022075,0
1,2018,7,14,5,0,0,0,2.478429,0
1,2018,7,14,5,1,0,0,2.644375,0
1,2018,7,14,5,2,0,0,13.041709,0
1,2018,7,14,5,3,0,0,14.12227,0
1,2018,7,14,6,0,0,0,3.80941,0
1,2018,7,14,6,1,0,0,3.066744,0
1,2018,7,14,6,2,0,0,3.507285,0
1,2018,7,14,6,3,0,0,16.805477,0
1,2018,7,14,7,0,0,0,26.189662,0
1,2018,7,14,7,1,0,0,18.167063,0
1,2018,7,14,7,2,0,0,17.658664,0
1,2018,7,14,7,3,0,0,16.700882,0
1,2018,7,14,8,0,0,0,23.58309,0
1,2018,7,14,8,1,0,0,8.055972,0
1,2018,7,14,8,2,0,0,2.636837,0
1,2018,7,14,8,3,0,0,3.031237,0
1,2018,7,14,9,0,0,0,8.108147,0
1,2018,7,14,9,1,0,0,16.855466,0
1,2018,7,14,9,2,0,0,6.385563,0
1,2018,7,14,9,3,0,0,9.613534,0
1,2018,7,14,10,0,0,0,13.019108,0
1,2018,7,14,10,1,0,0,28.85972,0
1,2018,7,14,10,2,0,0,23.166855,0
1,2018,7,14,10,3,0,0,23.947813,0
1,2018,7,14,11,0,0,0,23.693962,0
1,2018,7,14,11,1,0,0,27.291865,0
1,2018,7,14,11,2,0,0,25.935571,0
1,2018,7,14,11,3,0,0,29.075613,0
1,2018,7,14,12,0,0,0,14.390616,0
1,2018,7,14,12,1,0,0,18.609229,0
1,2018,7,14,12,2,0,0,14.560027,0
1,2018,7,14,12,3,0,0,19.665549,0
1,2018,7,14,13,0,0,0,24.735695,0
1,2018,7,14,13,1,0,0,17.085251,0
1,2018,7,14,13,2,0,0,11.941897,0
1,2018,7,14,13,3,0,0,27.547117,0
1,2018,7,14,14,0,0,0,21.725152,0
1,2018,7,14,14,1,0,0,11.704346,0
1,2018,7,14,14,2,0,0,20.620122,0
1,2018,7,14,14,3,0,0,13.518474,0
1,2018,7,14,15,0,0,0,21.500742,0
1,2018,7,14,15,1,0,0,25.95614,0
1,2018,7,14,15,2,0,0,21.463419,0
1,2018,7,14,15,3,0,0,7.425957,0
1,2018,7,14,16,0,0,0,5.907816,0
1,2018,7,14,16,1,0,0,10.499011,0
1,2018,7,14,16,2,0,0,22.790032,0
1,2018,7,14,16,3,0,0,29.495687,0
1,2018,7,14,17,0,0,0,42.251032,0
1,2018,7,14,17,1,0,0,39.527191,0
1,2018,7,14,17,2,0,0,32.295102,0
1,2018,7,14,17,3,0,0,27.404277,0
1,2018,7,14,18,0,0,0,25.901703,0
1,2018,7,14,18,1,0,0,37.921383,0
1,2018,7,14,18,2,0,0,29.5462,0
1,2018,7,14,18,3,0,0,25.755558,0
1,2018,7,14,19,0,0,0,16.407134,0
1,2018,7,14,19,1,0,0,19.017724,0
1,2018,7,14,19,2,0,0,35.547817,0
1,2018,7,14,19,3,0,0,23.900849,0
1,2018,7,14,20,0,0,0,23.09678,0
1,2018,7,14,20,1,0,0,29.095774,0
1,2018,7,14,20,2,0,0,28.408968,0
1,2018,7,14,20,3,0,0,10.913721,0
1,2018,7,14,21,0,0,0,11.815427,0
1,2018,7,14,21,1,0,0,23.074188,0
1,2018,7,14,21,2,0,0,20.498451,0
1,2018,7,14,21,3,0,0,21.52542,0
1,2018,7,14,22,0,0,0,30.236684,0
1,2018,7,14,22,1,0,0,27.243388,0
1,2018,7,14,22,2,0,0,18.302551,0
1,2018,7,14,22,3,0,0,15.124847,0
1,2018,7,14,23,0,0,0,36.772425,0
1,2018,7,14,23,1,0,0,32.24675,0
1,2018,7,14,23,2,0,0,25.245459,0
1,2018,7,14,23,3,0,0,24.705028,0
1,2018,7,15,0,0,0,0,35.399985,0
1,2018,7,15,0,1,0,0,49.291335,0
1,2018,7,15,0,2,0,0,20.224986,0
1,2018,7,15,0,3,0,0,1.258915,0
1,2018,7,15,1,0,0,0,8.318782,0
1,2018,7,15,1,1,0,0,9.404915,0
1,2018,7,15,1,2,0,0,12.378692,0
1,2018,7,15,1,3,0,0,36.56673,0
1,2018,7,15,2,0,0,0,37.887425,0
1,2018,7,15,2,1,0,0,12.783432,0
1,2018,7,15,2,2,0,0,15.938094,0
1,2018,7,15,2,3,0,0,37.537908,0
1,2018,7,15,3,0,0,0,26.173545,0
1,2018,7,15,3,1,0,0,26.921704,0
1,2018,7,15,3,2,0,0,4.986365,0
1,2018,7,15,3,3,0,0,15.23724,0
1,2018,7,15,4,0,0,0,3.486848,0
1,2018,7,15,4,1,0,0,1.714759,0
1,2018,7,15,4,2,0,0,1.714759,0
1,2018,7,15,4,3,0,0,1.765224,0
1,2018,7,15,5,0,0,0,5.056021,0
1,2018,7,15,5,1,0,0,7.648444,0
1,2018,7,15,5,2,0,0,3.20429,0
1,2018,7,15,5,3,0,0,8.846212,0
1,2018,7,15,6,0,0,0,9.485183,0
1,2018,7,15,6,1,0,0,7.318383,0
1,2018,7,15,6,2,0,0,12.050747,0
1,2018,7,15,6,3,0,0,25.274475,0
1,2018,7,15,7,0,0,0,20.090878,0
1,2018,7,15,7,1,0,0,5.015355,0
1,2018,7,15,7,2,0,0,10.977472,0
1,2018,7,15,7,3,0,0,2.665361,0
1,2018,7,15,8,0,0,0,2.665361,0
1,2018,7,15,8,1,0,0,12.90749,0
1,2018,7,15,8,2,0,0,16.96907,0
1,2018,7,15,8,3,0,0,13.685994,0
1,2018,7,15,9,0,0,0,11.271069,0
1,2018,7,15,9,1,0,0,12.913738,0
1,2018,7,15,9,2,0,0,16.209544,0
1,2018,7,15,9,3,0,0,22.126932,0
1,2018,7,15,10,0,0,0,35.338562,0
1,2018,7,15,10,1,0,0,15.517816,0
1,2018,7,15,10,2,0,0,6.342438,0
1,2018,7,15,10,3,0,0,7.436341,0
1,2018,7,15,11,0,0,0,11.64983,0
1,2018,7,15,11,1,0,0,27.105681,0
1,2018,7,15,11,2,0,0,25.094419,0
1,2018,7,15,11,3,0,0,9.462588,0
1,2018,7,15,12,0,0,0,7.261012,0
1,2018,7,15,12,1,0,0,9.813732,0
1,2018,7,15,12,2,0,0,13.354283,0
1,2018,7,15,12,3,0,0,24.465891,0
1,2018,7,15,13,0,0,0,45.009826,0
1,2018,7,15,13,1,0,0,46.859072,0
1,2018,7,15,13,2,0,0,40.473757,0
1,2018,7,15,13,3,0,0,12.792695,0
1,2018,7,15,14,0,0,0,3.643727,0
1,2018,7,15,14,1,0,0,5.499896,0
1,2018,7,15,14,2,0,0,17.930107,0
1,2018,7,15,14,3,0,0,21.904761,0
1,2018,7,15,15,0,0,0,30.630563,0
1,2018,7,15,15,1,0,0,45.197255,0
1,2018,7,15,15,2,0,0,34.712411,0
1,2018,7,15,15,3,0,0,23.935576,0
1,2018,7,15,16,0,0,0,31.505132,0
1,2018,7,15,16,1,0,0,30.815189,0
1,2018,7,15,16,2,0,0,35.677578,0
1,2018,7,15,16,3,0,0,29.151799,0
1,2018,7,15,17,0,0,0,17.385583,0
1,2018,7,15,17,1,0,0,22.131401,0
1,2018,7,15,17,2,0,0,20.677339,0
1,2018,7,15,17,3,0,0,13.775385,0
1,2018,7,15,18,0,0,0,22.220196,0
1,2018,7,15,18,1,0,0,13.053534,0
1,2018,7,15,18,2,0,0,28.535231,0
1,2018,7,15,18,3,0,0,23.562664,0
1,2018,7,15,19,0,0,0,23.397075,0
1,2018,7,15,19,1,0,0,19.992552,0
1,2018,7,15,19,2,0,0,6.369864,0
1,2018,7,15,19,3,0,0,3.636289,0
1,2018,7,15,20,0,0,0,12.22981,0
1,2018,7,15,20,1,0,0,3.293011,0
1,2018,7,15,20,2,0,0,5.068798,0
1,2018,7,15,20,3,0,0,20.673092,0
1,2018,7,15,21,0,0,0,6.3318,0
1,2018,7,15,21,1,0,0,19.192785,0
1,2018,7,15,21,2,0,0,26.169977,0
1,2018,7,15,21,3,0,0,35.475362,0
1,2018,7,15,22,0,0,0,22.252714,0
1,2018,7,15,22,1,0,0,3.272053,0
1,2018,7,15,22,2,0,0,13.698467,0
1,2018,7,15,22,3,0,0,22.151209,0
1,2018,7,15,23,0,0,0,22.925898,0
1,2018,7,15,23,1,0,0,21.925121,0
1,2018,7,15,23,2,0,0,15.670486,0
1,2018,7,15,23,3,0,0,17.032192,0
1,2018,7,16,0,0,0,0,9.11578,0
1,2018,7,16,0,1,0,0,12.476169,0
1,2018,7,16,0,2,0,0,9.981218,0
1,2018,7,16,0,3,0,0,12.097205,0
1,2018,7,16,1,0,0,0,7.210134,0
1,2018,7,16,1,1,0,0,9.052992,0
1,2018,7,16,1,2,0,0,12.349267,0
1,2018,7,16,1,3,0,0,12.352843,0
1,2018,7,16,2,0,0,0,5.514972,0
1,2018,7,16,2,1,0,0,4.664507,0
1,2018,7,16,2,2,0,0,8.521771,0
1,2018,7,16,2,3,0,0,4.487639,0
1,2018,7,16,3,0,0,0,2.046639,0
1,2018,7,16,3,1,0,0,2.046639,0
1,2018,7,16,3,2,0,0,2.046639,0
1,2018,7,16,3,3,0,0,2.046639,0
1,2018,7,16,4,0,0,0,2.046639,0
1,2018,7,16,4,1,0,0,2.046639,0
1,2018,7,16,4,2,0,0,2.046639,0
1,2018,7,16,4,3,0,0,2.046639,0
1,2018,7,16,5,0,0,0,9.957734,0
1,2018,7,16,5,1,0,0,15.530196,0
1,2018,7,16,5,2,0,0,7.813987,0
1,2018,7,16,5,3,0,0,3.272889,0
1,2018,7,16,6,0,0,0,5.725389,0
1,2018,7,16,6,1,0,0,10.457025,0
1,2018,7,16,6,2,0,0,15.10198,0
1,2018,7,16,6,3,0,0,11.507444,0
1,2018,7,16,7,0,0,0,2.123147,0
1,2018,7,16,7,1,0,0,9.772834,0
1,2018,7,16,7,2,0,0,15.53573,0
1,2018,7,16,7,3,0,0,17.879619,0
1,2018,7,16,8,0,0,0,13.084569,0
1,2018,7,16,8,1,0,0,2.941051,0
1,2018,7,16,8,2,0,0,5.358408,0
1,2018,7,16,8,3,0,0,9.052848,0
1,2018,7,16,9,0,0,0,12.627276,0
1,2018,7,16,9,1,0,0,15.090839,0
1,2018,7,16,9,2,0,0,36.392721,0
1,2018,7,16,9,3,0,0,41.392417,0
1,2018,7,16,10,0,0,0,19.054625,0
1,2018,7,16,10,1,0,0,16.115974,0
1,2018,7,16,10,2,0,0,34.096203,0
1,2018,7,16,10,3,0,0,28.437148,0
1,2018,7,16,11,0,0,0,22.577025,0
1,2018,7,16,11,1,0,0,24.475405,0
1,2018,7,16,11,2,0,0,28.438588,0
1,2018,7,16,11,3,0,0,28.052971,0
1,2018,7,16,12,0,0,0,23.995381,0
1,2018,7,16,12,1,0,0,19.191501,0
1,2018,7,16,12,2,0,0,29.324845,0
1,2018,7,16,12,3,0,0,37.618127,0
1,2018,7,16,13,0,0,0,22.358364,0
1,2018,7,16,13,1,0,0,20.571505,0
1,2018,7,16,13,2,0,0,27.131749,0
1,2018,7,16,13,3,0,0,30.115307,0
1,2018,7,16,14,0,0,0,30.847397,0
1,2018,7,16,14,1,0,0,23.318411,0
1,2018,7,16,14,2,0,0,28.75346,0
1,2018,7,16,14,3,0,0,19.04926,0
1,2018,7,16,15,0,0,0,25.092673,0
1,2018,7,16,15,1,0,0,18.313934,0
1,2018,7,16,15,2,0,0,22.232886,0
1,2018,7,16,15,3,0,0,53.919864,0
1,2018,7,16,16,0,0,0,47.173309,0
1,2018,7,16,16,1,0,0,53.8351,0
1,2018,7,16,16,2,0,0,42.867581,0
1,2018,7,16,16,3,0,0,27.505869,0
1,2018,7,16,17,0,0,0,24.281549,0
1,2018,7,16,17,1,0,0,19.087326,0
1,2018,7,16,17,2,0,0,31.837665,0
1,2018,7,16,17,3,0,0,33.963953,0
1,2018,7,16,18,0,0,0,40.754604,0
1,2018,7,16,18,1,0,0,27.592831,0
1,2018,7,16,18,2,0,0,29.360099,0
1,2018,7,16,18,3,0,0,33.784134,0
1,2018,7,16,19,0,0,0,23.884389,0
1,2018,7,16,19,1,0,0,25.0683,0
1,2018,7,16,19,2,0,0,34.770247,0
1,2018,7,16,19,3,0,0,31.840627,0
1,2018,7,16,20,0,0,0,28.331913,0
1,2018,7,16,20,1,0,0,14.649681,0
1,2018,7,16,20,2,0,0,9.686149,0
1,2018,7,16,20,3,0,0,13.576249,0
1,2018,7,16,21,0,0,0,12.487947,0
1,2018,7,16,21,1,0,0,14.654434,0
1,2018,7,16,21,2,0,0,12.382943,0
1,2018,7,16,21,3,0,0,20.258625,0
1,2018,7,16,22,0,0,0,22.724671,0
1,2018,7,16,22,1,0,0,20.400885,0
1,2018,7,16,22,2,0,0,22.839381,0
1,2018,7,16,22,3,0,0,5.579417,0
1,2018,7,16,23,0,0,0,2.660538,0
1,2018,7,16,23,1,0,0,4.268999,0
1,2018,7,16,23,2,0,0,8.022076,0
1,2018,7,16,23,3,0,0,3.946486,0
1,2018,7,17,0,0,0,0,29.614767,0
1,2018,7,17,0,1,0,0,12.903204,0
1,2018,7,17,0,2,0,0,9.835693,0
1,2018,7,17,0,3,0,0,8.907253,0
1,2018,7,17,1,0,0,0,6.229082,0
1,2018,7,17,1,1,0,0,8.422971,0
1,2018,7,17,1,2,0,0,3.542193,0
1,2018,7,17,1,3,0,0,2.791304,0
1,2018,7,17,2,0,0,0,7.515032,0
1,2018,7,17,2,1,0,0,5.490577,0
1,2018,7,17,2,2,0,0,2.791304,0
1,2018,7,17,2,3,0,0,2.791304,0
1,2018,7,17,3,0,0,0,2.791304,0
1,2018,7,17,3,1,0,0,2.791304,0
1,2018,7,17,3,2,0,0,2.791304,0
1,2018,7,17,3,3,0,0,2.791304,0
1,2018,7,17,4,0,0,0,2.791304,0
1,2018,7,17,4,1,0,0,2.791304,0
1,2018,7,17,4,2,0,0,2.791304,0
1,2018,7,17,4,3,0,0,2.791304,0
1,2018,7,17,5,0,0,0,4.373304,0
1,2018,7,17,5,1,0,0,4.373304,0
1,2018,7,17,5,2,0,0,2.791304,0
1,2018,7,17,5,3,0,0,2.791304,0
1,2018,7,17,6,0,0,0,2.791304,0
1,2018,7,17,6,1,0,0,2.882792,0
1,2018,7,17,6,2,0,0,3.134384,0
1,2018,7,17,6,3,0,0,3.092394,0
1,2018,7,17,7,0,0,0,3.05341,0
1,2018,7,17,7,1,0,0,8.463015,0
1,2018,7,17,7,2,0,0,3.463576,0
1,2018,7,17,7,3,0,0,5.124851,0
1,2018,7,17,8,0,0,0,13.366559,0
1,2018,7,17,8,1,0,0,11.318267,0
1,2018,7,17,8,2,0,0,5.75413,0
1,2018,7,17,8,3,0,0,15.618159,0
1,2018,7,17,9,0,0,0,16.841912,0
1,2018,7,17,9,1,0,0,15.809259,0
1,2018,7,17,9,2,0,0,11.843935,0
1,2018,7,17,9,3,0,0,14.444706,0
1,2018,7,17,10,0,0,0,22.268971,0
1,2018,7,17,10,1,0,0,22.36981,0
1,2018,7,17,10,2,0,0,22.473559,0
1,2018,7,17,10,3,0,0,26.70353,0
1,2018,7,17,11,0,0,0,26.781305,0
1,2018,7,17,11,1,0,0,22.003185,0
1,2018,7,17,11,2,0,0,24.210229,0
1,2018,7,17,11,3,0,0,19.505024,0
1,2018,7,17,12,0,0,0,16.954396,0
1,2018,7,17,12,1,0,0,12.835246,0
1,2018,7,17,12,2,0,0,25.09197,0
1,2018,7,17,12,3,0,0,19.088383,0
1,2018,7,17,13,0,0,0,30.712024,0
1,2018,7,17,13,1,0,0,37.652455,0
1,2018,7,17,13,2,0,0,37.239893,0
1,2018,7,17,13,3,0,0,23.106902,0
1,2018,7,17,14,0,0,0,26.850082,0
1,2018,7,17,14,1,0,0,23.643487,0
1,2018,7,17,14,2,0,0,47.268943,0
1,2018,7,17,14,3,0,0,27.154379,0
1,2018,7,17,15,0,0,0,20.280437,0
1,2018,7,17,15,1,0,0,26.841245,0
1,2018,7,17,15,2,0,0,37.583843,0
1,2018,7,17,15,3,0,0,32.30233,0
1,2018,7,17,16,0,0,0,27.140369,0
1,2018,7,17,16,1,0,0,32.839758,0
1,2018,7,17,16,2,0,0,33.828942,0
1,2018,7,17,16,3,0,0,26.2614,0
1,2018,7,17,17,0,0,0,13.323189,0
1,2018,7,17,17,1,0,0,25.797926,0
1,2018,7,17,17,2,0,0,37.956089,0
1,2018,7,17,17,3,0,0,26.357845,0
1,2018,7,17,18,0,0,0,35.141653,0
1,2018,7,17,18,1,0,0,24.291436,0
1,2018,7,17,18,2,0,0,16.785873,0
1,2018,7,17,18,3,0,0,16.427117,0
1,2018,7,17,19,0,0,0,28.685054,0
1,2018,7,17,19,1,0,0,36.125368,0
1,2018,7,17,19,2,0,0,23.867094,0
1,2018,7,17,19,3,0,0,6.456665,0
1,2018,7,17,20,0,0,0,5.677305,0
1,2018,7,17,20,1,0,0,12.809828,0
1,2018,7,17,20,2,0,0,12.605152,0
1,2018,7,17,20,3,0,0,17.286968,0
1,2018,7,17,21,0,0,0,21.006631,0
1,2018,7,17,21,1,0,0,20.586453,0
1,2018,7,17,21,2,0,0,12.103933,0
1,2018,7,17,21,3,0,0,8.504763,0
1,2018,7,17,22,0,0,0,21.931636,0
1,2018,7,17,22,1,0,0,24.144106,0
1,2018,7,17,22,2,0,0,11.834425,0
1,2018,7,17,22,3,0,0,14.142622,0
1,2018,7,17,23,0,0,0,17.47832,0
1,2018,7,17,23,1,0,0,18.653191,0
1,2018,7,17,23,2,0,0,18.819375,0
1,2018,7,17,23,3,0,0,8.482157,0
1,2018,7,18,0,0,0,0,8.164651,0
1,2018,7,18,0,1,0,0,11.123564,0
1,2018,7,18,0,2,0,0,2.838607,0
1,2018,7,18,0,3,0,0,2.838607,0
1,2018,7,18,1,0,0,0,8.843928,0
1,2018,7,18,1,1,0,0,12.725234,0
1,2018,7,18,1,2,0,0,7.720814,0
1,2018,7,18,1,3,0,0,16.677036,0
1,2018,7,18,2,0,0,0,21.653801,0
1,2018,7,18,2,1,0,0,12.24283,0
1,2018,7,18,2,2,0,0,2.838607,0
1,2018,7,18,2,3,0,0,2.838607,0
1,2018,7,18,3,0,0,0,2.838607,0
1,2018,7,18,3,1,0,0,2.838607,0
1,2018,7,18,3,2,0,0,3.06575,0
1,2018,7,18,3,3,0,0,3.167739,0
1,2018,7,18,4,0,0,0,3.063696,0
1,2018,7,18,4,1,0,0,3.421888,0
1,2018,7,18,4,2,0,0,3.421888,0
1,2018,7,18,4,3,0,0,3.421888,0
1,2018,7,18,5,0,0,0,3.421888,0
1,2018,7,18,5,1,0,0,9.250459,0
1,2018,7,18,5,2,0,0,9.672441,0
1,2018,7,18,5,3,0,0,13.415001,0
1,2018,7,18,6,0,0,0,8.972602,0
1,2018,7,18,6,1,0,0,8.735498,0
1,2018,7,18,6,2,0,0,9.038525,0
1,2018,7,18,6,3,0,0,5.955788,0
1,2018,7,18,7,0,0,0,7.474688,0
1,2018,7,18,7,1,0,0,7.594187,0
1,2018,7,18,7,2,0,0,15.583711,0
1,2018,7,18,7,3,0,0,20.702982,0
1,2018,7,18,8,0,0,0,9.556759,0
1,2018,7,18,8,1,0,0,15.438879,0
1,2018,7,18,8,2,0,0,15.774977,0
1,2018,7,18,8,3,0,0,6.49215,0
1,2018,7,18,9,0,0,0,21.243687,0
1,2018,7,18,9,1,0,0,32.842578,0
1,2018,7,18,9,2,0,0,19.354901,0
1,2018,7,18,9,3,0,0,20.147441,0
1,2018,7,18,10,0,0,0,8.028093,0
1,2018,7,18,10,1,0,0,9.231985,0
1,2018,7,18,10,2,0,0,7.400617,0
1,2018,7,18,10,3,0,0,7.498756,0
1,2018,7,18,11,0,0,0,7.593095,0
1,2018,7,18,11,1,0,0,12.934015,0
1,2018,7,18,11,2,0,0,32.125175,0
1,2018,7,18,11,3,0,0,27.204853,0
1,2018,7,18,12,0,0,0,27.533988,0
1,2018,7,18,12,1,0,0,18.024665,0
1,2018,7,18,12,2,0,0,17.300748,0
1,2018,7,18,12,3,0,0,40.159235,0
1,2018,7,18,13,0,0,0,31.496868,0
1,2018,7,18,13,1,0,0,31.856515,0
1,2018,7,18,13,2,0,0,49.940109,0
1,2018,7,18,13,3,0,0,36.822114,0
1,2018,7,18,14,0,0,0,NaN,0
1,2018,7,18,14,1,0,0,14.270107,0
1,2018,7,18,14,2,0,0,31.923851,0
1,2018,7,18,14,3,0,0,33.721008,0
1,2018,7,18,15,0,0,0,16.103776,0
1,2018,7,18,15,1,0,0,30.615432,0
1,2018,7,18,15,2,0,0,42.696195,0
1,2018,7,18,15,3,0,0,55.556867,0
1,2018,7,18,16,0,0,0,44.462564,0
1,2018,7,18,16,1,0,0,48.877398,0
1,2018,7,18,16,2,0,0,28.951276,0
1,2018,7,18,16,3,0,0,23.012467,0
1,2018,7,18,17,0,0,0,33.873017,0
1,2018,7,18,17,1,0,0,35.327509,0
1,2018,7,18,17,2,0,0,29.383176,0
1,2018,7,18,17,3,0,0,19.336828,0
1,2018,7,18,18,0,0,0,24.251513,0
1,2018,7,18,18,1,0,0,18.745088,0
1,2018,7,18,18,2,0,0,7.420139,0
1,2018,7,18,18,3,0,0,10.337141,0
1,2018,7,18,19,0,0,0,17.452778,0
1,2018,7,18,19,1,0,0,29.037317,0
1,2018,7,18,19,2,0,0,18.092973,0
1,2018,7,18,19,3,0,0,21.704482,0
1,2018,7,18,20,0,0,0,28.149695,0
1,2018,7,18,20,1,0,0,23.963727,0
1,2018,7,18,20,2,0,0,12.224257,0
1,2018,7,18,20,3,0,0,8.484913,0
1,2018,7,18,21,0,0,0,12.154026,0
1,2018,7,18,21,1,0,0,20.832446,0
1,2018,7,18,21,2,0,0,24.05911,0
1,2018,7,18,21,3,0,0,7.679357,0
1,2018,7,18,22,0,0,0,6.401299,0
1,2018,7,18,22,1,0,0,11.274811,0
1,2018,7,18,22,2,0,0,8.176254,0
1,2018,7,18,22,3,0,0,3.215999,0
1,2018,7,18,23,0,0,0,7.225682,0
1,2018,7,18,23,1,0,0,10.851162,0
1,2018,7,18,23,2,0,0,15.469916,0
1,2018,7,18,23,3,0,0,9.5363,0
1,2018,7,19,0,0,0,0,9.395214,0
1,2018,7,19,0,1,0,0,4.864214,0
1,2018,7,19,0,2,0,0,2.598714,0
1,2018,7,19,0,3,0,0,2.649584,0
1,2018,7,19,1,0,0,0,16.904053,0
1,2018,7,19,1,1,0,0,25.462571,0
1,2018,7,19,1,2,0,0,16.118095,0
1,2018,7,19,1,3,0,0,8.348546,0
1,2018,7,19,2,0,0,0,11.067066,0
1,2018,7,19,2,1,0,0,4.277963,0
1,2018,7,19,2,2,0,0,13.539791,0
1,2018,7,19,2,3,0,0,11.402446,0
1,2018,7,19,3,0,0,0,2.853066,0
1,2018,7,19,3,1,0,0,2.853066,0
1,2018,7,19,3,2,0,0,2.853066,0
1,2018,7,19,3,3,0,0,2.853066,0
1,2018,7,19,4,0,0,0,2.853066,0
1,2018,7,19,4,1,0,0,2.853066,0
1,2018,7,19,4,2,0,0,2.853066,0
1,2018,7,19,4,3,0,0,6.912203,0
1,2018,7,19,5,0,0,0,19.24773,0
1,2018,7,19,5,1,0,0,12.852932,0
1,2018,7,19,5,2,0,0,7.194004,0
1,2018,7,19,5,3,0,0,3.142462,0
1,2018,7,19,6,0,0,0,2.853066,0
1,2018,7,19,6,1,0,0,2.853066,0
1,2018,7,19,6,2,0,0,2.853066,0
1,2018,7,19,6,3,0,0,2.771611,0
1,2018,7,19,7,0,0,0,6.940585,0
1,2018,7,19,7,1,0,0,15.023545,0
1,2018,7,19,7,2,0,0,22.206272,0
1,2018,7,19,7,3,0,0,7.837299,0
1,2018,7,19,8,0,0,0,8.937406,0
1,2018,7,19,8,1,0,0,15.068918,0
1,2018,7,19,8,2,0,0,11.121123,0
1,2018,7,19,8,3,0,0,15.115981,0
1,2018,7,19,9,0,0,0,12.139597,0
1,2018,7,19,9,1,0,0,11.82947,0
1,2018,7,19,9,2,0,0,13.394237,0
1,2018,7,19,9,3,0,0,17.770463,0
1,2018,7,19,10,0,0,0,22.428729,0
1,2018,7,19,10,1,0,0,34.738388,0
1,2018,7,19,10,2,0,0,21.009189,0
1,2018,7,19,10,3,0,0,19.034408,0
1,2018,7,19,11,0,0,0,27.061414,0
1,2018,7,19,11,1,0,0,41.229318,0
1,2018,7,19,11,2,0,0,32.697761,0
1,2018,7,19,11,3,0,0,29.39537,0
1,2018,7,19,12,0,0,0,21.213844,0
1,2018,7,19,12,1,0,0,24.305842,0
1,2018,7,19,12,2,0,0,31.221963,0
1,2018,7,19,12,3,0,0,29.566181,0
1,2018,7,19,13,0,0,0,33.572765,0
1,2018,7,19,13,1,0,0,42.717848,0
1,2018,7,19,13,2,0,0,43.803962,0
1,2018,7,19,13,3,0,0,36.170755,0
1,2018,7,19,14,0,0,0,27.093145,0
1,2018,7,19,14,1,0,0,21.372722,0
1,2018,7,19,14,2,0,0,28.27808,0
1,2018,7,19,14,3,0,0,40.639266,0
1,2018,7,19,15,0,0,0,25.306952,0
1,2018,7,19,15,1,0,0,20.87775,0
1,2018,7,19,15,2,0,0,25.552057,0
1,2018,7,19,15,3,0,0,35.944221,0
1,2018,7,19,16,0,0,0,34.135643,0
1,2018,7,19,16,1,0,0,25.290085,0
1,2018,7,19,16,2,0,0,29.858452,0
1,2018,7,19,16,3,0,0,33.532361,0
1,2018,7,19,17,0,0,0,28.33822,0
1,2018,7,19,17,1,0,0,30.962481,0
1,2018,7,19,17,2,0,0,19.712073,0
1,2018,7,19,17,3,0,0,14.543152,0
1,2018,7,19,18,0,0,0,13.829654,0
1,2018,7,19,18,1,0,0,15.77423,0
1,2018,7,19,18,2,0,0,23.72284,0
1,2018,7,19,18,3,0,0,29.114152,0
1,2018,7,19,19,0,0,0,38.765677,0
1,2018,7,19,19,1,0,0,17.742832,0
1,2018,7,19,19,2,0,0,8.492583,0
1,2018,7,19,19,3,0,0,19.900789,0
1,2018,7,19,20,0,0,0,14.835972,0
1,2018,7,19,20,1,0,0,15.820909,0
1,2018,7,19,20,2,0,0,15.677226,0
1,2018,7,19,20,3,0,0,32.199103,0
1,2018,7,19,21,0,0,0,36.844925,0
1,2018,7,19,21,1,0,0,24.428596,0
1,2018,7,19,21,2,0,0,29.129974,0
1,2018,7,19,21,3,0,0,25.094296,0
1,2018,7,19,22,0,0,0,9.805686,0
1,2018,7,19,22,1,0,0,4.391487,0
1,2018,7,19,22,2,0,0,22.603754,0
1,2018,7,19,22,3,0,0,45.994102,0
1,2018,7,19,23,0,0,0,32.371315,0
1,2018,7,19,23,1,0,0,10.893794,0
1,2018,7,19,23,2,0,0,9.649587,0
1,2018,7,19,23,3,0,0,15.425101,0
1,2018,7,20,0,0,0,0,13.756151,0
1,2018,7,20,0,1,0,0,3.848054,0
1,2018,7,20,0,2,0,0,2.323732,0
1,2018,7,20,0,3,0,0,2.323732,0
1,2018,7,20,1,0,0,0,2.323732,0
1,2018,7,20,1,1,0,0,6.232857,0
1,2018,7,20,1,2,0,0,11.606732,0
1,2018,7,20,1,3,0,0,11.463007,0
1,2018,7,20,2,0,0,0,13.292311,0
1,2018,7,20,2,1,0,0,20.027818,0
1,2018,7,20,2,2,0,0,2.657269,0
1,2018,7,20,2,3,0,0,2.657269,0
1,2018,7,20,3,0,0,0,2.657269,0
1,2018,7,20,3,1,0,0,2.657269,0
1,2018,7,20,3,2,0,0,2.657269,0
1,2018,7,20,3,3,0,0,2.657269,0
1,2018,7,20,4,0,0,0,6.828519,0
1,2018,7,20,4,1,0,0,6.828519,0
1,2018,7,20,4,2,0,0,6.828519,0
1,2018,7,20,4,3,0,0,6.828519,0
1,2018,7,20,5,0,0,0,2.657269,0
1,2018,7,20,5,1,0,0,2.657269,0
1,2018,7,20,5,2,0,0,5.741078,0
1,2018,7,20,5,3,0,0,9.378459,0
1,2018,7,20,6,0,0,0,2.657269,0
1,2018,7,20,6,1,0,0,2.657269,0
1,2018,7,20,6,2,0,0,4.556269,0
1,2018,7,20,6,3,0,0,15.819743,0
1,2018,7,20,7,0,0,0,22.203078,0
1,2018,7,20,7,1,0,0,7.924051,0
1,2018,7,20,7,2,0,0,3.020814,0
1,2018,7,20,7,3,0,0,4.80841,0
1,2018,7,20,8,0,0,0,2.536522,0
1,2018,7,20,8,1,0,0,3.478824,0
1,2018,7,20,8,2,0,0,12.107947,0
1,2018,7,20,8,3,0,0,15.526787,0
1,2018,7,20,9,0,0,0,19.746653,0
1,2018,7,20,9,1,0,0,32.501989,0
1,2018,7,20,9,2,0,0,34.158271,0
1,2018,7,20,9,3,0,0,43.305087,0
1,2018,7,20,10,0,0,0,14.983482,0
1,2018,7,20,10,1,0,0,9.687163,0
1,2018,7,20,10,2,0,0,14.802214,0
1,2018,7,20,10,3,0,0,16.285657,0
1,2018,7,20,11,0,0,0,21.78556,0
1,2018,7,20,11,1,0,0,33.003481,0
1,2018,7,20,11,2,0,0,28.596568,0
1,2018,7,20,11,3,0,0,21.385988,0
1,2018,7,20,12,0,0,0,18.601716,0
1,2018,7,20,12,1,0,0,11.915989,0
1,2018,7,20,12,2,0,0,21.953508,0
1,2018,7,20,12,3,0,0,40.759919,0
1,2018,7,20,13,0,0,0,38.711641,0
1,2018,7,20,13,1,0,0,48.096097,0
1,2018,7,20,13,2,0,0,56.092892,0
1,2018,7,20,13,3,0,0,35.392695,0
1,2018,7,20,14,0,0,0,44.415701,0
1,2018,7,20,14,1,0,0,63.956597,0
1,2018,7,20,14,2,0,0,35.703489,0
1,2018,7,20,14,3,0,0,29.46437,0
1,2018,7,20,15,0,0,0,22.406228,0
1,2018,7,20,15,1,0,0,22.386206,0
1,2018,7,20,15,2,0,0,26.632976,0
1,2018,7,20,15,3,0,0,36.869641,0
1,2018,7,20,16,0,0,0,46.072491,0
1,2018,7,20,16,1,0,0,35.118603,0
1,2018,7,20,16,2,0,0,24.743778,0
1,2018,7,20,16,3,0,0,25.439007,0
1,2018,7,20,17,0,0,0,38.097258,0
1,2018,7,20,17,1,0,0,28.07509,0
1,2018,7,20,17,2,0,0,24.919738,0
1,2018,7,20,17,3,0,0,20.197003,0
1,2018,7,20,18,0,0,0,21.564685,0
1,2018,7,20,18,1,0,0,8.671175,0
1,2018,7,20,18,2,0,0,5.830257,0
1,2018,7,20,18,3,0,0,15.297724,0
1,2018,7,20,19,0,0,0,18.288081,0
1,2018,7,20,19,1,0,0,33.418603,0
1,2018,7,20,19,2,0,0,21.54828,0
1,2018,7,20,19,3,0,0,16.751384,0
1,2018,7,20,20,0,0,0,24.379452,0
1,2018,7,20,20,1,0,0,36.976861,0
1,2018,7,20,20,2,0,0,26.469712,0
1,2018,7,20,20,3,0,0,20.187487,0
1,2018,7,20,21,0,0,0,30.165962,0
1,2018,7,20,21,1,0,0,40.862984,0
1,2018,7,20,21,2,0,0,24.025619,0
1,2018,7,20,21,3,0,0,13.422412,0
1,2018,7,20,22,0,0,0,28.384649,0
1,2018,7,20,22,1,0,0,21.230742,0
1,2018,7,20,22,2,0,0,12.486748,0
1,2018,7,20,22,3,0,0,2.43033,0
1,2018,7,20,23,0,0,0,3.712944,0
1,2018,7,20,23,1,0,0,21.16454,0
1,2018,7,20,23,2,0,0,26.854327,0
1,2018,7,20,23,3,0,0,19.644738,0
1,2018,7,21,0,0,0,0,19.175195,0
1,2018,7,21,0,1,0,0,14.522639,0
1,2018,7,21,0,2,0,0,21.189017,0
1,2018,7,21,0,3,0,0,20.132327,0
1,2018,7,21,1,0,0,0,26.746845,0
1,2018,7,21,1,1,0,0,25.401834,0
1,2018,7,21,1,2,0,0,26.604775,0
1,2018,7,21,1,3,0,0,15.482447,0
1,2018,7,21,2,0,0,0,12.466604,0
1,2018,7,21,2,1,0,0,12.031965,0
1,2018,7,21,2,2,0,0,27.647814,0
1,2018,7,21,2,3,0,0,19.176731,0
1,2018,7,21,3,0,0,0,8.394991,0
1,2018,7,21,3,1,0,0,5.318743,0
1,2018,7,21,3,2,0,0,1.757472,0
1,2018,7,21,3,3,0,0,1.757472,0
1,2018,7,21,4,0,0,0,1.757472,0
1,2018,7,21,4,1,0,0,13.593992,0
1,2018,7,21,4,2,0,0,12.00773,0
1,2018,7,21,4,3,0,0,8.541794,0
1,2018,7,21,5,0,0,0,2.050139,0
1,2018,7,21,5,1,0,0,1.548458,0
1,2018,7,21,5,2,0,0,1.909097,0
1,2018,7,21,5,3,0,0,1.909097,0
1,2018,7,21,6,0,0,0,1.909097,0
1,2018,7,21,6,1,0,0,2.504556,0
1,2018,7,21,6,2,0,0,20.111375,0
1,2018,7,21,6,3,0,0,17.504726,0
1,2018,7,21,7,0,0,0,5.434996,0
1,2018,7,21,7,1,0,0,9.319064,0
1,2018,7,21,7,2,0,0,3.39827,0
1,2018,7,21,7,3,0,0,8.043061,0
1,2018,7,21,8,0,0,0,10.280078,0
1,2018,7,21,8,1,0,0,7.681758,0
1,2018,7,21,8,2,0,0,4.181993,0
1,2018,7,21,8,3,0,0,4.545353,0
1,2018,7,21,9,0,0,0,9.289358,0
1,2018,7,21,9,1,0,0,13.277726,0
1,2018,7,21,9,2,0,0,21.546713,0
1,2018,7,21,9,3,0,0,20.619101,0
1,2018,7,21,10,0,0,0,15.211395,0
1,2018,7,21,10,1,0,0,16.020264,0
1,2018,7,21,10,2,0,0,16.892128,0
1,2018,7,21,10,3,0,0,21.163965,0
1,2018,7,21,11,0,0,0,26.347875,0
1,2018,7,21,11,1,0,0,18.638444,0
1,2018,7,21,11,2,0,0,32.876486,0
1,2018,7,21,11,3,0,0,20.180175,0
1,2018,7,21,12,0,0,0,9.757034,0
1,2018,7,21,12,1,0,0,15.828022,0
1,2018,7,21,12,2,0,0,14.045639,0
1,2018,7,21,12,3,0,0,14.251133,0
1,2018,7,21,13,0,0,0,27.858768,0
1,2018,7,21,13,1,0,0,22.591298,0
1,2018,7,21,13,2,0,0,34.181438,0
1,2018,7,21,13,3,0,0,50.115714,0
1,2018,7,21,14,0,0,0,26.327831,0
1,2018,7,21,14,1,0,0,32.1812,0
1,2018,7,21,14,2,0,0,33.12277,0
1,2018,7,21,14,3,0,0,20.775724,0
1,2018,7,21,15,0,0,0,20.754537,0
1,2018,7,21,15,1,0,0,23.413091,0
1,2018,7,21,15,2,0,0,21.550162,0
1,2018,7,21,15,3,0,0,25.293736,0
1,2018,7,21,16,0,0,0,21.626155,0
1,2018,7,21,16,1,0,0,24.246463,0
1,2018,7,21,16,2,0,0,5.327251,0
1,2018,7,21,16,3,0,0,4.878898,0
1,2018,7,21,17,0,0,0,25.163304,0
1,2018,7,21,17,1,0,0,31.724748,0
1,2018,7,21,17,2,0,0,22.13375,0
1,2018,7,21,17,3,0,0,14.973794,0
1,2018,7,21,18,0,0,0,28.528682,0
1,2018,7,21,18,1,0,0,20.199009,0
1,2018,7,21,18,2,0,0,20.762589,0
1,2018,7,21,18,3,0,0,16.544396,0
1,2018,7,21,19,0,0,0,16.67813,0
1,2018,7,21,19,1,0,0,16.658546,0
1,2018,7,21,19,2,0,0,10.812731,0
1,2018,7,21,19,3,0,0,16.044459,0
1,2018,7,21,20,0,0,0,30.660886,0
1,2018,7,21,20,1,0,0,20.182841,0
1,2018,7,21,20,2,0,0,38.943544,0
1,2018,7,21,20,3,0,0,27.022618,0
1,2018,7,21,21,0,0,0,41.78984,0
1,2018,7,21,21,1,0,0,49.610964,0
1,2018,7,21,21,2,0,0,30.481218,0
1,2018,7,21,21,3,0,0,5.16067,0
1,2018,7,21,22,0,0,0,34.072717,0
1,2018,7,21,22,1,0,0,32.70036,0
1,2018,7,21,22,2,0,0,14.898532,0
1,2018,7,21,22,3,0,0,20.356016,0
1,2018,7,21,23,0,0,0,36.763692,0
1,2018,7,21,23,1,0,0,23.233283,0
1,2018,7,21,23,2,0,0,29.007691,0
1,2018,7,21,23,3,0,0,19.439907,0
1,2018,7,22,0,0,0,0,28.034285,0
1,2018,7,22,0,1,0,0,10.70396,0
1,2018,7,22,0,2,0,0,15.906006,0
1,2018,7,22,0,3,0,0,25.975187,0
1,2018,7,22,1,0,0,0,9.315205,0
1,2018,7,22,1,1,0,0,1.501842,0
1,2018,7,22,1,2,0,0,20.762391,0
1,2018,7,22,1,3,0,0,31.634796,0
1,2018,7,22,2,0,0,0,29.599067,0
1,2018,7,22,2,1,0,0,43.858565,0
1,2018,7,22,2,2,0,0,33.678124,0
1,2018,7,22,2,3,0,0,14.291445,0
1,2018,7,22,3,0,0,0,11.892867,0
1,2018,7,22,3,1,0,0,6.977177,0
1,2018,7,22,3,2,0,0,6.765274,0
1,2018,7,22,3,3,0,0,17.888248,0
1,2018,7,22,4,0,0,0,19.755581,0
1,2018,7,22,4,1,0,0,16.25346,0
1,2018,7,22,4,2,0,0,21.143566,0
1,2018,7,22,4,3,0,0,26.47776,0
1,2018,7,22,5,0,0,0,22.484496,0
1,2018,7,22,5,1,0,0,23.154048,0
1,2018,7,22,5,2,0,0,14.738909,0
1,2018,7,22,5,3,0,0,5.948553,0
1,2018,7,22,6,0,0,0,10.42157,0
1,2018,7,22,6,1,0,0,2.600505,0
1,2018,7,22,6,2,0,0,3.937342,0
1,2018,7,22,6,3,0,0,7.607836,0
1,2018,7,22,7,0,0,0,26.235057,0
1,2018,7,22,7,1,0,0,14.173472,0
1,2018,7,22,7,2,0,0,4.63072,0
1,2018,7,22,7,3,0,0,9.777663,0
1,2018,7,22,8,0,0,0,17.497136,0
1,2018,7,22,8,1,0,0,13.455034,0
1,2018,7,22,8,2,0,0,9.618265,0
1,2018,7,22,8,3,0,0,10.754265,0
1,2018,7,22,9,0,0,0,8.861065,0
1,2018,7,22,9,1,0,0,15.48537,0
1,2018,7,22,9,2,0,0,16.714142,0
1,2018,7,22,9,3,0,0,4.252655,0
1,2018,7,22,10,0,0,0,9.057746,0
1,2018,7,22,10,1,0,0,2.632587,0
1,2018,7,22,10,2,0,0,2.632587,0
1,2018,7,22,10,3,0,0,9.356298,0
1,2018,7,22,11,0,0,0,15.653912,0
1,2018,7,22,11,1,0,0,24.276044,0
1,2018,7,22,11,2,0,0,33.353644,0
1,2018,7,22,11,3,0,0,22.656099,0
1,2018,7,22,12,0,0,0,15.265106,0
1,2018,7,22,12,1,0,0,23.270084,0
1,2018,7,22,12,2,0,0,26.445976,0
1,2018,7,22,12,3,0,0,32.278034,0
1,2018,7,22,13,0,0,0,37.350191,0
1,2018,7,22,13,1,0,0,26.762699,0
1,2018,7,22,13,2,0,0,19.767061,0
1,2018,7,22,13,3,0,0,22.250224,0
1,2018,7,22,14,0,0,0,33.679534,0
1,2018,7,22,14,1,0,0,33.851711,0
1,2018,7,22,14,2,0,0,42.719541,0
1,2018,7,22,14,3,0,0,30.475574,0
1,2018,7,22,15,0,0,0,24.896437,0
1,2018,7,22,15,1,0,0,16.829762,0
1,2018,7,22,15,2,0,0,41.264132,0
1,2018,7,22,15,3,0,0,34.349347,0
1,2018,7,22,16,0,0,0,13.657303,0
1,2018,7,22,16,1,0,0,15.886781,0
1,2018,7,22,16,2,0,0,22.462794,0
1,2018,7,22,16,3,0,0,31.167998,0
1,2018,7,22,17,0,0,0,21.458796,0
1,2018,7,22,17,1,0,0,41.153188,0
1,2018,7,22,17,2,0,0,36.279111,0
1,2018,7,22,17,3,0,0,19.277119,0
1,2018,7,22,18,0,0,0,17.445303,0
1,2018,7,22,18,1,0,0,30.293101,0
1,2018,7,22,18,2,0,0,25.195674,0
1,2018,7,22,18,3,0,0,23.284391,0
1,2018,7,22,19,0,0,0,29.035738,0
1,2018,7,22,19,1,0,0,12.31636,0
1,2018,7,22,19,2,0,0,20.09203,0
1,2018,7,22,19,3,0,0,26.217691,0
1,2018,7,22,20,0,0,0,31.818827,0
1,2018,7,22,20,1,0,0,31.288145,0
1,2018,7,22,20,2,0,0,26.011202,0
1,2018,7,22,20,3,0,0,20.610748,0
1,2018,7,22,21,0,0,0,13.64373,0
1,2018,7,22,21,1,0,0,6.699477,0
1,2018,7,22,21,2,0,0,11.631429,0
1,2018,7,22,21,3,0,0,26.062401,0
1,2018,7,22,22,0,0,0,7.052927,0
1,2018,7,22,22,1,0,0,5.803415,0
1,2018,7,22,22,2,0,0,7.579779,0
1,2018,7,22,22,3,0,0,6.631931,0
1,2018,7,22,23,0,0,0,11.083336,0
1,2018,7,22,23,1,0,0,5.017311,0
1,2018,7,22,23,2,0,0,12.884186,0
1,2018,7,22,23,3,0,0,20.123602,0
1,2018,7,23,0,0,0,0,21.579769,0
1,2018,7,23,0,1,0,0,7.939599,0
1,2018,7,23,0,2,0,0,13.689125,0
1,2018,7,23,0,3,0,0,11.143832,0
1,2018,7,23,1,0,0,0,7.338328,0
1,2018,7,23,1,1,0,0,15.960584,0
1,2018,7,23,1,2,0,0,24.130183,0
1,2018,7,23,1,3,0,0,21.268886,0
1,2018,7,23,2,0,0,0,24.340407,0
1,2018,7,23,2,1,0,0,15.062175,0
1,2018,7,23,2,2,0,0,21.970986,0
1,2018,7,23,2,3,0,0,18.955936,0
1,2018,7,23,3,0,0,0,2.253819,0
1,2018,7,23,3,1,0,0,3.256785,0
1,2018,7,23,3,2,0,0,3.286946,0
1,2018,7,23,3,3,0,0,3.448699,0
1,2018,7,23,4,0,0,0,10.1078,0
1,2018,7,23,4,1,0,0,12.65534,0
1,2018,7,23,4,2,0,0,3.687068,0
1,2018,7,23,4,3,0,0,3.046477,0
1,2018,7,23,5,0,0,0,3.046477,0
1,2018,7,23,5,1,0,0,3.046477,0
1,2018,7,23,5,2,0,0,3.046477,0
1,2018,7,23,5,3,0,0,4.579366,0
1,2018,7,23,6,0,0,0,4.962588,0
1,2018,7,23,6,1,0,0,6.239477,0
1,2018,7,23,6,2,0,0,15.020227,0
1,2018,7,23,6,3,0,0,20.266216,0
1,2018,7,23,7,0,0,0,9.423852,0
1,2018,7,23,7,1,0,0,5.532147,0
1,2018,7,23,7,2,0,0,17.645349,0
1,2018,7,23,7,3,0,0,22.144307,0
1,2018,7,23,8,0,0,0,22.933003,0
1,2018,7,23,8,1,0,0,17.078049,0
1,2018,7,23,8,2,0,0,7.472947,0
1,2018,7,23,8,3,0,0,15.614982,0
1,2018,7,23,9,0,0,0,24.038231,0
1,2018,7,23,9,1,0,0,17.280431,0
1,2018,7,23,9,2,0,0,18.182414,0
1,2018,7,23,9,3,0,0,20.868307,0
1,2018,7,23,10,0,0,0,12.546017,0
1,2018,7,23,10,1,0,0,20.936602,0
1,2018,7,23,10,2,0,0,31.69895,0
1,2018,7,23,10,3,0,0,20.060973,0
1,2018,7,23,11,0,0,0,36.327181,0
1,2018,7,23,11,1,0,0,20.572584,0
1,2018,7,23,11,2,0,0,23.629364,0
1,2018,7,23,11,3,0,0,33.010924,0
1,2018,7,23,12,0,0,0,45.685248,0
1,2018,7,23,12,1,0,0,37.402006,0
1,2018,7,23,12,2,0,0,32.963598,0
1,2018,7,23,12,3,0,0,22.203301,0
1,2018,7,23,13,0,0,0,27.125397,0
1,2018,7,23,13,1,0,0,32.665095,0
1,2018,7,23,13,2,0,0,38.075727,0
1,2018,7,23,13,3,0,0,23.122089,0
1,2018,7,23,14,0,0,0,25.464203,0
1,2018,7,23,14,1,0,0,32.412946,0
1,2018,7,23,14,2,0,0,32.188201,0
1,2018,7,23,14,3,0,0,38.67112,0
1,2018,7,23,15,0,0,0,28.291658,0
1,2018,7,23,15,1,0,0,35.155211,0
1,2018,7,23,15,2,0,0,49.266884,0
1,2018,7,23,15,3,0,0,43.882431,0
1,2018,7,23,16,0,0,0,40.768153,0
1,2018,7,23,16,1,0,0,43.168768,0
1,2018,7,23,16,2,0,0,50.34739,0
1,2018,7,23,16,3,0,0,51.242586,0
1,2018,7,23,17,0,0,0,38.640996,0
1,2018,7,23,17,1,0,0,18.343286,0
1,2018,7,23,17,2,0,0,7.139826,0
1,2018,7,23,17,3,0,0,8.036112,0
1,2018,7,23,18,0,0,0,11.384796,0
1,2018,7,23,18,1,0,0,23.213866,0
1,2018,7,23,18,2,0,0,16.52047,0
1,2018,7,23,18,3,0,0,25.037087,0
1,2018,7,23,19,0,0,0,17.720847,0
1,2018,7,23,19,1,0,0,23.381033,0
1,2018,7,23,19,2,0,0,8.289385,0
1,2018,7,23,19,3,0,0,14.850097,0
1,2018,7,23,20,0,0,0,11.47998,0
1,2018,7,23,20,1,0,0,4.994634,0
1,2018,7,23,20,2,0,0,8.04987,0
1,2018,7,23,20,3,0,0,26.911281,0
1,2018,7,23,21,0,0,0,22.996768,0
1,2018,7,23,21,1,0,0,16.225335,0
1,2018,7,23,21,2,0,0,10.44995,0
1,2018,7,23,21,3,0,0,7.493466,0
1,2018,7,23,22,0,0,0,11.089331,0
1,2018,7,23,22,1,0,0,23.058677,0
1,2018,7,23,22,2,0,0,23.816542,0
1,2018,7,23,22,3,0,0,12.710834,0
1,2018,7,23,23,0,0,0,3.963351,0
1,2018,7,23,23,1,0,0,2.544226,0
1,2018,7,23,23,2,0,0,2.544226,0
1,2018,7,23,23,3,0,0,8.087655,0
1,2018,7,24,0,0,0,0,12.938155,0
1,2018,7,24,0,1,0,0,6.050869,0
1,2018,7,24,0,2,0,0,2.701726,0
1,2018,7,24,0,3,0,0,2.706597,0
1,2018,7,24,1,0,0,0,2.774785,0
1,2018,7,24,1,1,0,0,2.774785,0
1,2018,7,24,1,2,0,0,2.774785,0
1,2018,7,24,1,3,0,0,2.347429,0
1,2018,7,24,2,0,0,0,2.316904,0
1,2018,7,24,2,1,0,0,2.316904,0
1,2018,7,24,2,2,0,0,2.316904,0
1,2018,7,24,2,3,0,0,2.316904,0
1,2018,7,24,3,0,0,0,2.316904,0
1,2018,7,24,3,1,0,0,2.316904,0
1,2018,7,24,3,2,0,0,2.316904,0
1,2018,7,24,3,3,0,0,2.316904,0
1,2018,7,24,4,0,0,0,7.748228,0
1,2018,7,24,4,1,0,0,9.723255,0
1,2018,7,24,4,2,0,0,7.748228,0
1,2018,7,24,4,3,0,0,2.316904,0
1,2018,7,24,5,0,0,0,2.316904,0
1,2018,7,24,5,1,0,0,4.682497,0
1,2018,7,24,5,2,0,0,12.60556,0
1,2018,7,24,5,3,0,0,10.765654,0
1,2018,7,24,6,0,0,0,8.351519,0
1,2018,7,24,6,1,0,0,6.879561,0
1,2018,7,24,6,2,0,0,2.728722,0
1,2018,7,24,6,3,0,0,3.215856,0
1,2018,7,24,7,0,0,0,4.427579,0
1,2018,7,24,7,1,0,0,4.902887,0
1,2018,7,24,7,2,0,0,8.470331,0
1,2018,7,24,7,3,0,0,18.959999,0
1,2018,7,24,8,0,0,0,27.188287,0
1,2018,7,24,8,1,0,0,14.121193,0
1,2018,7,24,8,2,0,0,5.866849,0
1,2018,7,24,8,3,0,0,8.965612,0
1,2018,7,24,9,0,0,0,7.718868,0
1,2018,7,24,9,1,0,0,4.12124,0
1,2018,7,24,9,2,0,0,5.124884,0
1,2018,7,24,9,3,0,0,6.550507,0
1,2018,7,24,10,0,0,0,17.051922,0
1,2018,7,24,10,1,0,0,22.011773,0
1,2018,7,24,10,2,0,0,17.746928,0
1,2018,7,24,10,3,0,0,44.090841,0
1,2018,7,24,11,0,0,0,31.21336,0
1,2018,7,24,11,1,0,0,16.786684,0
1,2018,7,24,11,2,0,0,15.53066,0
1,2018,7,24,11,3,0,0,24.284489,0
1,2018,7,24,12,0,0,0,44.666542,0
1,2018,7,24,12,1,0,0,22.747562,0
1,2018,7,24,12,2,0,0,32.910959,0
1,2018,7,24,12,3,0,0,59.370775,0
1,2018,7,24,13,0,0,0,47.986336,0
1,2018,7,24,13,1,0,0,19.335713,0
1,2018,7,24,13,2,0,0,28.978718,0
1,2018,7,24,13,3,0,0,30.444415,0
1,2018,7,24,14,0,0,0,31.650345,0
1,2018,7,24,14,1,0,0,35.052478,0
1,2018,7,24,14,2,0,0,25.829414,0
1,2018,7,24,14,3,0,0,29.908979,0
1,2018,7,24,15,0,0,0,41.385459,0
1,2018,7,24,15,1,0,0,29.683936,0
1,2018,7,24,15,2,0,0,44.006466,0
1,2018,7,24,15,3,0,0,43.628317,0
1,2018,7,24,16,0,0,0,32.788962,0
1,2018,7,24,16,1,0,0,28.277049,0
1,2018,7,24,16,2,0,0,34.688059,0
1,2018,7,24,16,3,0,0,28.656983,0
1,2018,7,24,17,0,0,0,32.972113,0
1,2018,7,24,17,1,0,0,26.302217,0
1,2018,7,24,17,2,0,0,10.543166,0
1,2018,7,24,17,3,0,0,10.955926,0
1,2018,7,24,18,0,0,0,13.876029,0
1,2018,7,24,18,1,0,0,19.274723,0
1,2018,7,24,18,2,0,0,19.083134,0
1,2018,7,24,18,3,0,0,28.660891,0
1,2018,7,24,19,0,0,0,24.253501,0
1,2018,7,24,19,1,0,0,12.198177,0
1,2018,7,24,19,2,0,0,7.509322,0
1,2018,7,24,19,3,0,0,12.883446,0
1,2018,7,24,20,0,0,0,14.304834,0
1,2018,7,24,20,1,0,0,24.186148,0
1,2018,7,24,20,2,0,0,34.053458,0
1,2018,7,24,20,3,0,0,23.507613,0
1,2018,7,24,21,0,0,0,19.643225,0
1,2018,7,24,21,1,0,0,24.156829,0
1,2018,7,24,21,2,0,0,21.717012,0
1,2018,7,24,21,3,0,0,30.682926,0
1,2018,7,24,22,0,0,0,16.94694,0
1,2018,7,24,22,1,0,0,8.322688,0
1,2018,7,24,22,2,0,0,10.35967,0
1,2018,7,24,22,3,0,0,15.079707,0
1,2018,7,24,23,0,0,0,3.320029,0
1,2018,7,24,23,1,0,0,1.983733,0
1,2018,7,24,23,2,0,0,18.972163,0
1,2018,7,24,23,3,0,0,14.644373,0
1,2018,7,25,0,0,0,0,3.263661,0
1,2018,7,25,0,1,0,0,1.983733,0
1,2018,7,25,0,2,0,0,11.178621,0
1,2018,7,25,0,3,0,0,4.610844,0
1,2018,7,25,1,0,0,0,1.983733,0
1,2018,7,25,1,1,0,0,1.983733,0
1,2018,7,25,1,2,0,0,11.092487,0
1,2018,7,25,1,3,0,0,7.53619,0
1,2018,7,25,2,0,0,0,9.596011,0
1,2018,7,25,2,1,0,0,15.51945,0
1,2018,7,25,2,2,0,0,12.999055,0
1,2018,7,25,2,3,0,0,11.530345,0
1,2018,7,25,3,0,0,0,1.983733,0
1,2018,7,25,3,1,0,0,4.122052,0
1,2018,7,25,3,2,0,0,10.891264,0
1,2018,7,25,3,3,0,0,2.335617,0
1,2018,7,25,4,0,0,0,2.465316,0
1,2018,7,25,4,1,0,0,3.904222,0
1,2018,7,25,4,2,0,0,18.259627,0
1,2018,7,25,4,3,0,0,16.83156,0
1,2018,7,25,5,0,0,0,2.578803,0
1,2018,7,25,5,1,0,0,2.578803,0
1,2018,7,25,5,2,0,0,2.578803,0
1,2018,7,25,5,3,0,0,2.578803,0
1,2018,7,25,6,0,0,0,2.578803,0
1,2018,7,25,6,1,0,0,2.725868,0
1,2018,7,25,6,2,0,0,14.004417,0
1,2018,7,25,6,3,0,0,15.416905,0
1,2018,7,25,7,0,0,0,8.774255,0
1,2018,7,25,7,1,0,0,4.173143,0
1,2018,7,25,7,2,0,0,4.299075,0
1,2018,7,25,7,3,0,0,4.269679,0
1,2018,7,25,8,0,0,0,4.476695,0
1,2018,7,25,8,1,0,0,4.725572,0
1,2018,7,25,8,2,0,0,4.597938,0
1,2018,7,25,8,3,0,0,5.500299,0
1,2018,7,25,9,0,0,0,9.723891,0
1,2018,7,25,9,1,0,0,14.624642,0
1,2018,7,25,9,2,0,0,19.760216,0
1,2018,7,25,9,3,0,0,28.12746,0
1,2018,7,25,10,0,0,0,8.936203,0
1,2018,7,25,10,1,0,0,9.180792,0
1,2018,7,25,10,2,0,0,20.798738,0
1,2018,7,25,10,3,0,0,26.532854,0
1,2018,7,25,11,0,0,0,33.131805,0
1,2018,7,25,11,1,0,0,48.894309,0
1,2018,7,25,11,2,0,0,47.05645,0
1,2018,7,25,11,3,0,0,32.602629,0
1,2018,7,25,12,0,0,0,40.6032,0
1,2018,7,25,12,1,0,0,45.80252,0
1,2018,7,25,12,2,0,0,38.39493,0
1,2018,7,25,12,3,0,0,26.069726,0
1,2018,7,25,13,0,0,0,41.908734,0
1,2018,7,25,13,1,0,0,57.774021,0
1,2018,7,25,13,2,0,0,46.099847,0
1,2018,7,25,13,3,0,0,41.179691,0
1,2018,7,25,14,0,0,0,42.612605,0
1,2018,7,25,14,1,0,0,52.279706,0
1,2018,7,25,14,2,0,0,42.869398,0
1,2018,7,25,14,3,0,0,41.186029,0
1,2018,7,25,15,0,0,0,21.983484,0
1,2018,7,25,15,1,0,0,18.248418,0
1,2018,7,25,15,2,0,0,25.050431,0
1,2018,7,25,15,3,0,0,19.670622,0
1,2018,7,25,16,0,0,0,20.363191,0
1,2018,7,25,16,1,0,0,15.866871,0
1,2018,7,25,16,2,0,0,9.080444,0
1,2018,7,25,16,3,0,0,17.195539,0
1,2018,7,25,17,0,0,0,23.660021,0
1,2018,7,25,17,1,0,0,33.290831,0
1,2018,7,25,17,2,0,0,26.805417,0
1,2018,7,25,17,3,0,0,29.271951,0
1,2018,7,25,18,0,0,0,20.331876,0
1,2018,7,25,18,1,0,0,12.678092,0
1,2018,7,25,18,2,0,0,12.686354,0
1,2018,7,25,18,3,0,0,20.846159,0
1,2018,7,25,19,0,0,0,25.820732,0
1,2018,7,25,19,1,0,0,22.770724,0
1,2018,7,25,19,2,0,0,24.576526,0
1,2018,7,25,19,3,0,0,25.796235,0
1,2018,7,25,20,0,0,0,20.270406,0
1,2018,7,25,20,1,0,0,5.866195,0
1,2018,7,25,20,2,0,0,18.021148,0
1,2018,7,25,20,3,0,0,28.190128,0
1,2018,7,25,21,0,0,0,25.659644,0
1,2018,7,25,21,1,0,0,8.08563,0
1,2018,7,25,21,2,0,0,6.990276,0
1,2018,7,25,21,3,0,0,7.882873,0
1,2018,7,25,22,0,0,0,12.234835,0
1,2018,7,25,22,1,0,0,19.943576,0
1,2018,7,25,22,2,0,0,28.7367,0
1,2018,7,25,22,3,0,0,27.468925,0
1,2018,7,25,23,0,0,0,12.228003,0
1,2018,7,25,23,1,0,0,2.734979,0
1,2018,7,25,23,2,0,0,15.633013,0
1,2018,7,25,23,3,0,0,23.335626,0
1,2018,7,26,0,0,0,0,10.284191,0
1,2018,7,26,0,1,0,0,5.153129,0
1,2018,7,26,0,2,0,0,2.900004,0
1,2018,7,26,0,3,0,0,2.900004,0
1,2018,7,26,1,0,0,0,9.031942,0
1,2018,7,26,1,1,0,0,14.835622,0
1,2018,7,26,1,2,0,0,11.316449,0
1,2018,7,26,1,3,0,0,2.900004,0
1,2018,7,26,2,0,0,0,3.478404,0
1,2018,7,26,2,1,0,0,5.213604,0
1,2018,7,26,2,2,0,0,2.900004,0
1,2018,7,26,2,3,0,0,2.900004,0
1,2018,7,26,3,0,0,0,2.900004,0
1,2018,7,26,3,1,0,0,2.900004,0
1,2018,7,26,3,2,0,0,2.900004,0
1,2018,7,26,3,3,0,0,3.229189,0
1,2018,7,26,4,0,0,0,9.074584,0
1,2018,7,26,4,1,0,0,11.809176,0
1,2018,7,26,4,2,0,0,11.809176,0
1,2018,7,26,4,3,0,0,10.746561,0
1,2018,7,26,5,0,0,0,22.328674,0
1,2018,7,26,5,1,0,0,19.996526,0
1,2018,7,26,5,2,0,0,14.808829,0
1,2018,7,26,5,3,0,0,12.216234,0
1,2018,7,26,6,0,0,0,8.197845,0
1,2018,7,26,6,1,0,0,3.605401,0
1,2018,7,26,6,2,0,0,3.907726,0
1,2018,7,26,6,3,0,0,11.046042,0
1,2018,7,26,7,0,0,0,10.997659,0
1,2018,7,26,7,1,0,0,11.591147,0
1,2018,7,26,7,2,0,0,12.651589,0
1,2018,7,26,7,3,0,0,6.264641,0
1,2018,7,26,8,0,0,0,9.374619,0
1,2018,7,26,8,1,0,0,14.436251,0
1,2018,7,26,8,2,0,0,18.722592,0
1,2018,7,26,8,3,0,0,19.850257,0
1,2018,7,26,9,0,0,0,16.172035,0
1,2018,7,26,9,1,0,0,24.228884,0
1,2018,7,26,9,2,0,0,19.997959,0
1,2018,7,26,9,3,0,0,19.551143,0
1,2018,7,26,10,0,0,0,18.088696,0
1,2018,7,26,10,1,0,0,39.720013,0
1,2018,7,26,10,2,0,0,45.057612,0
1,2018,7,26,10,3,0,0,34.266782,0
1,2018,7,26,11,0,0,0,26.484172,0
1,2018,7,26,11,1,0,0,35.560522,0
1,2018,7,26,11,2,0,0,32.924253,0
1,2018,7,26,11,3,0,0,31.713276,0
1,2018,7,26,12,0,0,0,38.744987,0
1,2018,7,26,12,1,0,0,39.479312,0
1,2018,7,26,12,2,0,0,40.680298,0
1,2018,7,26,12,3,0,0,29.142449,0
1,2018,7,26,13,0,0,0,22.583766,0
1,2018,7,26,13,1,0,0,24.126405,0
1,2018,7,26,13,2,0,0,23.476084,0
1,2018,7,26,13,3,0,0,27.714041,0
1,2018,7,26,14,0,0,0,32.960242,0
1,2018,7,26,14,1,0,0,37.577959,0
1,2018,7,26,14,2,0,0,46.600481,0
1,2018,7,26,14,3,0,0,52.740946,0
1,2018,7,26,15,0,0,0,26.745785,0
1,2018,7,26,15,1,0,0,35.773119,0
1,2018,7,26,15,2,0,0,45.233893,0
1,2018,7,26,15,3,0,0,47.538486,0
1,2018,7,26,16,0,0,0,34.251095,0
1,2018,7,26,16,1,0,0,15.846584,0
1,2018,7,26,16,2,0,0,23.657916,0
1,2018,7,26,16,3,0,0,42.052381,0
1,2018,7,26,17,0,0,0,33.868279,0
1,2018,7,26,17,1,0,0,21.675905,0
1,2018,7,26,17,2,0,0,29.703714,0
1,2018,7,26,17,3,0,0,31.737741,0
1,2018,7,26,18,0,0,0,12.911329,0
1,2018,7,26,18,1,0,0,15.770876,0
1,2018,7,26,18,2,0,0,22.893288,0
1,2018,7,26,18,3,0,0,16.336308,0
1,2018,7,26,19,0,0,0,29.652646,0
1,2018,7,26,19,1,0,0,28.685937,0
1,2018,7,26,19,2,0,0,33.723928,0
1,2018,7,26,19,3,0,0,33.420095,0
1,2018,7,26,20,0,0,0,16.724538,0
1,2018,7,26,20,1,0,0,6.525578,0
1,2018,7,26,20,2,0,0,21.569369,0
1,2018,7,26,20,3,0,0,34.712434,0
1,2018,7,26,21,0,0,0,29.272563,0
1,2018,7,26,21,1,0,0,30.309383,0
1,2018,7,26,21,2,0,0,9.847899,0
1,2018,7,26,21,3,0,0,2.513169,0
1,2018,7,26,22,0,0,0,12.164725,0
1,2018,7,26,22,1,0,0,18.978864,0
1,2018,7,26,22,2,0,0,10.569419,0
1,2018,7,26,22,3,0,0,5.735669,0
1,2018,7,26,23,0,0,0,21.649151,0
1,2018,7,26,23,1,0,0,20.281813,0
1,2018,7,26,23,2,0,0,15.565194,0
1,2018,7,26,23,3,0,0,28.440919,0
1,2018,7,27,0,0,0,0,18.088269,0
1,2018,7,27,0,1,0,0,8.27142,0
1,2018,7,27,0,2,0,0,25.56668,0
1,2018,7,27,0,3,0,0,15.867818,0
1,2018,7,27,1,0,0,0,2.668049,0
1,2018,7,27,1,1,0,0,2.668049,0
1,2018,7,27,1,2,0,0,14.436822,0
1,2018,7,27,1,3,0,0,23.277345,0
1,2018,7,27,2,0,0,0,6.890985,0
1,2018,7,27,2,1,0,0,4.99207,0
1,2018,7,27,2,2,0,0,11.885213,0
1,2018,7,27,2,3,0,0,13.90832,0
1,2018,7,27,3,0,0,0,4.542534,0
1,2018,7,27,3,1,0,0,3.268784,0
1,2018,7,27,3,2,0,0,3.268784,0
1,2018,7,27,3,3,0,0,3.268784,0
1,2018,7,27,4,0,0,0,4.155092,0
1,2018,7,27,4,1,0,0,17.933094,0
1,2018,7,27,4,2,0,0,21.849267,0
1,2018,7,27,4,3,0,0,12.734685,0
1,2018,7,27,5,0,0,0,3.268784,0
1,2018,7,27,5,1,0,0,5.140659,0
1,2018,7,27,5,2,0,0,7.386909,0
1,2018,7,27,5,3,0,0,3.268784,0
1,2018,7,27,6,0,0,0,3.268784,0
1,2018,7,27,6,1,0,0,2.937433,0
1,2018,7,27,6,2,0,0,6.100996,0
1,2018,7,27,6,3,0,0,12.281746,0
1,2018,7,27,7,0,0,0,12.947192,0
1,2018,7,27,7,1,0,0,13.718157,0
1,2018,7,27,7,2,0,0,12.987587,0
1,2018,7,27,7,3,0,0,16.414287,0
1,2018,7,27,8,0,0,0,6.811546,0
1,2018,7,27,8,1,0,0,6.9375,0
1,2018,7,27,8,2,0,0,12.01387,0
1,2018,7,27,8,3,0,0,28.114241,0
1,2018,7,27,9,0,0,0,25.32616,0
1,2018,7,27,9,1,0,0,15.237154,0
1,2018,7,27,9,2,0,0,23.178315,0
1,2018,7,27,9,3,0,0,21.223168,0
1,2018,7,27,10,0,0,0,18.818993,0
1,2018,7,27,10,1,0,0,22.158566,0
1,2018,7,27,10,2,0,0,21.068442,0
1,2018,7,27,10,3,0,0,15.823039,0
1,2018,7,27,11,0,0,0,17.006172,0
1,2018,7,27,11,1,0,0,38.507875,0
1,2018,7,27,11,2,0,0,32.389861,0
1,2018,7,27,11,3,0,0,16.637156,0
1,2018,7,27,12,0,0,0,21.046461,0
1,2018,7,27,12,1,0,0,29.861088,0
1,2018,7,27,12,2,0,0,27.708103,0
1,2018,7,27,12,3,0,0,33.775992,0
1,2018,7,27,13,0,0,0,46.77006,0
1,2018,7,27,13,1,0,0,50.754193,0
1,2018,7,27,13,2,0,0,34.654789,0
1,2018,7,27,13,3,0,0,29.035807,0
1,2018,7,27,14,0,0,0,29.448274,0
1,2018,7,27,14,1,0,0,42.242533,0
1,2018,7,27,14,2,0,0,31.016027,0
1,2018,7,27,14,3,0,0,41.331217,0
1,2018,7,27,15,0,0,0,34.074283,0
1,2018,7,27,15,1,0,0,25.691901,0
1,2018,7,27,15,2,0,0,16.833814,0
1,2018,7,27,15,3,0,0,20.58999,0
1,2018,7,27,16,0,0,0,27.803324,0
1,2018,7,27,16,1,0,0,20.635211,0
1,2018,7,27,16,2,0,0,35.565033,0
1,2018,7,27,16,3,0,0,30.692064,0
1,2018,7,27,17,0,0,0,18.382514,0
1,2018,7,27,17,1,0,0,25.208099,0
1,2018,7,27,17,2,0,0,29.323031,0
1,2018,7,27,17,3,0,0,20.443279,0
1,2018,7,27,18,0,0,0,17.448718,0
1,2018,7,27,18,1,0,0,31.591443,0
1,2018,7,27,18,2,0,0,29.307197,0
1,2018,7,27,18,3,0,0,10.786314,0
1,2018,7,27,19,0,0,0,13.125185,0
1,2018,7,27,19,1,0,0,19.113193,0
1,2018,7,27,19,2,0,0,27.028981,0
1,2018,7,27,19,3,0,0,37.494407,0
1,2018,7,27,20,0,0,0,29.082774,0
1,2018,7,27,20,1,0,0,43.9165,0
1,2018,7,27,20,2,0,0,30.369526,0
1,2018,7,27,20,3,0,0,31.965307,0
1,2018,7,27,21,0,0,0,29.064166,0
1,2018,7,27,21,1,0,0,22.212693,0
1,2018,7,27,21,2,0,0,31.499797,0
1,2018,7,27,21,3,0,0,37.035555,0
1,2018,7,27,22,0,0,0,17.511037,0
1,2018,7,27,22,1,0,0,17.474579,0
1,2018,7,27,22,2,0,0,19.194174,0
1,2018,7,27,22,3,0,0,25.498432,0
1,2018,7,27,23,0,0,0,29.585089,0
1,2018,7,27,23,1,0,0,21.819797,0
1,2018,7,27,23,2,0,0,32.677812,0
1,2018,7,27,23,3,0,0,28.139398,0
1,2018,7,28,0,0,0,0,4.016397,0
1,2018,7,28,0,1,0,0,13.134997,0
1,2018,7,28,0,2,0,0,3.195705,0
1,2018,7,28,0,3,0,0,9.208243,0
1,2018,7,28,1,0,0,0,15.63172,0
1,2018,7,28,1,1,0,0,16.424995,0
1,2018,7,28,1,2,0,0,32.592979,0
1,2018,7,28,1,3,0,0,39.983627,0
1,2018,7,28,2,0,0,0,23.833158,0
1,2018,7,28,2,1,0,0,35.860479,0
1,2018,7,28,2,2,0,0,22.400062,0
1,2018,7,28,2,3,0,0,10.962718,0
1,2018,7,28,3,0,0,0,13.180586,0
1,2018,7,28,3,1,0,0,11.621578,0
1,2018,7,28,3,2,0,0,15.766353,0
1,2018,7,28,3,3,0,0,28.045086,0
1,2018,7,28,4,0,0,0,22.042023,0
1,2018,7,28,4,1,0,0,10.192012,0
1,2018,7,28,4,2,0,0,11.321695,0
1,2018,7,28,4,3,0,0,4.761698,0
1,2018,7,28,5,0,0,0,2.740059,0
1,2018,7,28,5,1,0,0,2.740059,0
1,2018,7,28,5,2,0,0,3.774104,0
1,2018,7,28,5,3,0,0,12.642396,0
1,2018,7,28,6,0,0,0,16.791053,0
1,2018,7,28,6,1,0,0,13.507185,0
1,2018,7,28,6,2,0,0,15.57032,0
1,2018,7,28,6,3,0,0,3.829837,0
1,2018,7,28,7,0,0,0,4.735423,0
1,2018,7,28,7,1,0,0,6.897204,0
1,2018,7,28,7,2,0,0,8.822739,0
1,2018,7,28,7,3,0,0,6.194739,0
1,2018,7,28,8,0,0,0,3.566739,0
1,2018,7,28,8,1,0,0,10.256376,0
1,2018,7,28,8,2,0,0,17.77636,0
1,2018,7,28,8,3,0,0,9.649693,0
1,2018,7,28,9,0,0,0,6.911802,0
1,2018,7,28,9,1,0,0,8.161584,0
1,2018,7,28,9,2,0,0,8.940045,0
1,2018,7,28,9,3,0,0,14.672345,0
1,2018,7,28,10,0,0,0,8.096161,0
1,2018,7,28,10,1,0,0,7.085317,0
1,2018,7,28,10,2,0,0,12.121432,0
1,2018,7,28,10,3,0,0,28.216718,0
1,2018,7,28,11,0,0,0,23.37854,0
1,2018,7,28,11,1,0,0,21.208715,0
1,2018,7,28,11,2,0,0,27.480879,0
1,2018,7,28,11,3,0,0,20.779008,0
1,2018,7,28,12,0,0,0,18.956792,0
1,2018,7,28,12,1,0,0,44.355451,0
1,2018,7,28,12,2,0,0,50.387855,0
1,2018,7,28,12,3,0,0,48.588647,0
1,2018,7,28,13,0,0,0,47.795531,0
1,2018,7,28,13,1,0,0,59.443614,0
1,2018,7,28,13,2,0,0,66.986854,0
1,2018,7,28,13,3,0,0,56.268814,0
1,2018,7,28,14,0,0,0,39.926667,0
1,2018,7,28,14,1,0,0,35.672603,0
1,2018,7,28,14,2,0,0,37.147355,0
1,2018,7,28,14,3,0,0,31.080334,0
1,2018,7,28,15,0,0,0,37.984313,0
1,2018,7,28,15,1,0,0,47.979755,0
1,2018,7,28,15,2,0,0,36.720447,0
1,2018,7,28,15,3,0,0,60.78571,0
1,2018,7,28,16,0,0,0,54.764498,0
1,2018,7,28,16,1,0,0,29.435723,0
1,2018,7,28,16,2,0,0,26.192373,0
1,2018,7,28,16,3,0,0,42.798783,0
1,2018,7,28,17,0,0,0,49.712249,0
1,2018,7,28,17,1,0,0,28.286326,0
1,2018,7,28,17,2,0,0,10.125809,0
1,2018,7,28,17,3,0,0,30.328354,0
1,2018,7,28,18,0,0,0,42.486315,0
1,2018,7,28,18,1,0,0,50.443999,0
1,2018,7,28,18,2,0,0,49.933502,0
1,2018,7,28,18,3,0,0,44.261519,0
1,2018,7,28,19,0,0,0,42.795031,0
1,2018,7,28,19,1,0,0,51.416312,0
1,2018,7,28,19,2,0,0,77.990612,0
1,2018,7,28,19,3,0,0,63.979654,0
1,2018,7,28,20,0,0,0,36.937468,0
1,2018,7,28,20,1,0,0,44.423881,0
1,2018,7,28,20,2,0,0,43.063632,0
1,2018,7,28,20,3,0,0,32.420072,0
1,2018,7,28,21,0,0,0,24.633859,0
1,2018,7,28,21,1,0,0,31.518514,0
1,2018,7,28,21,2,0,0,55.626049,0
1,2018,7,28,21,3,0,0,59.730838,0
1,2018,7,28,22,0,0,0,38.234145,0
1,2018,7,28,22,1,0,0,33.730786,0
1,2018,7,28,22,2,0,0,15.540709,0
1,2018,7,28,22,3,0,0,23.163209,0
1,2018,7,28,23,0,0,0,41.14722,0
1,2018,7,28,23,1,0,0,36.861258,0
1,2018,7,28,23,2,0,0,28.997941,0
1,2018,7,28,23,3,0,0,30.856802,0
1,2018,7,29,0,0,0,0,24.555119,0
1,2018,7,29,0,1,0,0,26.459555,0
1,2018,7,29,0,2,0,0,41.358479,0
1,2018,7,29,0,3,0,0,41.947924,0
1,2018,7,29,1,0,0,0,68.403142,0
1,2018,7,29,1,1,0,0,66.690046,0
1,2018,7,29,1,2,0,0,49.234215,0
1,2018,7,29,1,3,0,0,22.153634,0
1,2018,7,29,2,0,0,0,31.293604,0
1,2018,7,29,2,1,0,0,57.98289,0
1,2018,7,29,2,2,0,0,62.253823,0
1,2018,7,29,2,3,0,0,42.405333,0
1,2018,7,29,3,0,0,0,31.032621,0
1,2018,7,29,3,1,0,0,26.978986,0
1,2018,7,29,3,2,0,0,28.097869,0
1,2018,7,29,3,3,0,0,21.729455,0
1,2018,7,29,4,0,0,0,11.333744,0
1,2018,7,29,4,1,0,0,31.288026,0
1,2018,7,29,4,2,0,0,42.676735,0
1,2018,7,29,4,3,0,0,18.700715,0
1,2018,7,29,5,0,0,0,13.637942,0
1,2018,7,29,5,1,0,0,12.320097,0
1,2018,7,29,5,2,0,0,28.15439,0
1,2018,7,29,5,3,0,0,41.460977,0
1,2018,7,29,6,0,0,0,51.147336,0
1,2018,7,29,6,1,0,0,25.22817,0
1,2018,7,29,6,2,0,0,25.407204,0
1,2018,7,29,6,3,0,0,15.120139,0
1,2018,7,29,7,0,0,0,3.548133,0
1,2018,7,29,7,1,0,0,5.469413,0
1,2018,7,29,7,2,0,0,12.383028,0
1,2018,7,29,7,3,0,0,6.004207,0
1,2018,7,29,8,0,0,0,5.313458,0
1,2018,7,29,8,1,0,0,9.158191,0
1,2018,7,29,8,2,0,0,12.092991,0
1,2018,7,29,8,3,0,0,15.341518,0
1,2018,7,29,9,0,0,0,7.001806,0
1,2018,7,29,9,1,0,0,4.575721,0
1,2018,7,29,9,2,0,0,17.852074,0
1,2018,7,29,9,3,0,0,36.082373,0
1,2018,7,29,10,0,0,0,28.576914,0
1,2018,7,29,10,1,0,0,12.782993,0
1,2018,7,29,10,2,0,0,14.57057,0
1,2018,7,29,10,3,0,0,21.880802,0
1,2018,7,29,11,0,0,0,29.182061,0
1,2018,7,29,11,1,0,0,20.585813,0
1,2018,7,29,11,2,0,0,41.033319,0
1,2018,7,29,11,3,0,0,40.311154,0
1,2018,7,29,12,0,0,0,27.818263,0
1,2018,7,29,12,1,0,0,26.098814,0
1,2018,7,29,12,2,0,0,30.262425,0
1,2018,7,29,12,3,0,0,24.116139,0
1,2018,7,29,13,0,0,0,30.09967,0
1,2018,7,29,13,1,0,0,35.371355,0
1,2018,7,29,13,2,0,0,46.120018,0
1,2018,7,29,13,3,0,0,35.862009,0
1,2018,7,29,14,0,0,0,16.521124,0
1,2018,7,29,14,1,0,0,23.499684,0
1,2018,7,29,14,2,0,0,8.262038,0
1,2018,7,29,14,3,0,0,34.313945,0
1,2018,7,29,15,0,0,0,51.966756,0
1,2018,7,29,15,1,0,0,28.451799,0
1,2018,7,29,15,2,0,0,22.503279,0
1,2018,7,29,15,3,0,0,24.207972,0
1,2018,7,29,16,0,0,0,17.608479,0
1,2018,7,29,16,1,0,0,9.123928,0
1,2018,7,29,16,2,0,0,12.669082,0
1,2018,7,29,16,3,0,0,18.420052,0
1,2018,7,29,17,0,0,0,14.94861,0
1,2018,7,29,17,1,0,0,5.604261,0
1,2018,7,29,17,2,0,0,7.577877,0
1,2018,7,29,17,3,0,0,16.549482,0
1,2018,7,29,18,0,0,0,18.81233,0
1,2018,7,29,18,1,0,0,28.480603,0
1,2018,7,29,18,2,0,0,24.516972,0
1,2018,7,29,18,3,0,0,19.868962,0
1,2018,7,29,19,0,0,0,32.335851,0
1,2018,7,29,19,1,0,0,34.48019,0
1,2018,7,29,19,2,0,0,28.691369,0
1,2018,7,29,19,3,0,0,17.86564,0
1,2018,7,29,20,0,0,0,16.68498,0
1,2018,7,29,20,1,0,0,39.442785,0
1,2018,7,29,20,2,0,0,19.341129,0
1,2018,7,29,20,3,0,0,8.077279,0
1,2018,7,29,21,0,0,0,18.267733,0
1,2018,7,29,21,1,0,0,35.067233,0
1,2018,7,29,21,2,0,0,28.526795,0
1,2018,7,29,21,3,0,0,21.869518,0
1,2018,7,29,22,0,0,0,22.754703,0
1,2018,7,29,22,1,0,0,11.301444,0
1,2018,7,29,22,2,0,0,5.890986,0
1,2018,7,29,22,3,0,0,14.830016,0
1,2018,7,29,23,0,0,0,35.260024,0
1,2018,7,29,23,1,0,0,19.933833,0
1,2018,7,29,23,2,0,0,6.887836,0
1,2018,7,29,23,3,0,0,9.220554,0
1,2018,7,30,0,0,0,0,17.78281,0
1,2018,7,30,0,1,0,0,21.8229,0
1,2018,7,30,0,2,0,0,19.718759,0
1,2018,7,30,0,3,0,0,16.023966,0
1,2018,7,30,1,0,0,0,15.092965,0
1,2018,7,30,1,1,0,0,26.509072,0
1,2018,7,30,1,2,0,0,16.346066,0
1,2018,7,30,1,3,0,0,6.649275,0
1,2018,7,30,2,0,0,0,4.194499,0
1,2018,7,30,2,1,0,0,13.743382,0
1,2018,7,30,2,2,0,0,8.83401,0
1,2018,7,30,2,3,0,0,15.263967,0
1,2018,7,30,3,0,0,0,27.517092,0
1,2018,7,30,3,1,0,0,29.543654,0
1,2018,7,30,3,2,0,0,30.544874,0
1,2018,7,30,3,3,0,0,26.646076,0
1,2018,7,30,4,0,0,0,16.249384,0
1,2018,7,30,4,1,0,0,4.764055,0
1,2018,7,30,4,2,0,0,6.325289,0
1,2018,7,30,4,3,0,0,10.16071,0
1,2018,7,30,5,0,0,0,4.194499,0
1,2018,7,30,5,1,0,0,7.156277,0
1,2018,7,30,5,2,0,0,14.560722,0
1,2018,7,30,5,3,0,0,4.194499,0
1,2018,7,30,6,0,0,0,4.194499,0
1,2018,7,30,6,1,0,0,4.194499,0
1,2018,7,30,6,2,0,0,4.088352,0
1,2018,7,30,6,3,0,0,11.663809,0
1,2018,7,30,7,0,0,0,13.346072,0
1,2018,7,30,7,1,0,0,16.251638,0
1,2018,7,30,7,2,0,0,15.57335,0
1,2018,7,30,7,3,0,0,12.008738,0
1,2018,7,30,8,0,0,0,15.868382,0
1,2018,7,30,8,1,0,0,17.728739,0
1,2018,7,30,8,2,0,0,11.184379,0
1,2018,7,30,8,3,0,0,17.88815,0
1,2018,7,30,9,0,0,0,19.314225,0
1,2018,7,30,9,1,0,0,6.863563,0
1,2018,7,30,9,2,0,0,14.727298,0
1,2018,7,30,9,3,0,0,24.397897,0
1,2018,7,30,10,0,0,0,22.378039,0
1,2018,7,30,10,1,0,0,16.249147,0
1,2018,7,30,10,2,0,0,24.523293,0
1,2018,7,30,10,3,0,0,17.140298,0
1,2018,7,30,11,0,0,0,7.16092,0
1,2018,7,30,11,1,0,0,20.865319,0
1,2018,7,30,11,2,0,0,31.74248,0
1,2018,7,30,11,3,0,0,20.932006,0
1,2018,7,30,12,0,0,0,16.155384,0
1,2018,7,30,12,1,0,0,18.271596,0
1,2018,7,30,12,2,0,0,25.331616,0
1,2018,7,30,12,3,0,0,37.536571,0
1,2018,7,30,13,0,0,0,34.209433,0
1,2018,7,30,13,1,0,0,27.537166,0
1,2018,7,30,13,2,0,0,28.094536,0
1,2018,7,30,13,3,0,0,40.209184,0
1,2018,7,30,14,0,0,0,42.406154,0
1,2018,7,30,14,1,0,0,47.313002,0
1,2018,7,30,14,2,0,0,34.024967,0
1,2018,7,30,14,3,0,0,21.916602,0
1,2018,7,30,15,0,0,0,27.32956,0
1,2018,7,30,15,1,0,0,32.306606,0
1,2018,7,30,15,2,0,0,26.413566,0
1,2018,7,30,15,3,0,0,18.807832,0
1,2018,7,30,16,0,0,0,31.397045,0
1,2018,7,30,16,1,0,0,30.377854,0
1,2018,7,30,16,2,0,0,38.479404,0
1,2018,7,30,16,3,0,0,35.106153,0
1,2018,7,30,17,0,0,0,31.451596,0
1,2018,7,30,17,1,0,0,35.953653,0
1,2018,7,30,17,2,0,0,28.827472,0
1,2018,7,30,17,3,0,0,7.091001,0
1,2018,7,30,18,0,0,0,12.793103,0
1,2018,7,30,18,1,0,0,23.414327,0
1,2018,7,30,18,2,0,0,26.022902,0
1,2018,7,30,18,3,0,0,28.453996,0
1,2018,7,30,19,0,0,0,44.799118,0
1,2018,7,30,19,1,0,0,24.932356,0
1,2018,7,30,19,2,0,0,10.998582,0
1,2018,7,30,19,3,0,0,14.549638,0
1,2018,7,30,20,0,0,0,36.205414,0
1,2018,7,30,20,1,0,0,30.09286,0
1,2018,7,30,20,2,0,0,20.68848,0
1,2018,7,30,20,3,0,0,30.356197,0
1,2018,7,30,21,0,0,0,42.040662,0
1,2018,7,30,21,1,0,0,26.522275,0
1,2018,7,30,21,2,0,0,32.890703,0
1,2018,7,30,21,3,0,0,6.893756,0
1,2018,7,30,22,0,0,0,5.351199,0
1,2018,7,30,22,1,0,0,21.775311,0
1,2018,7,30,22,2,0,0,22.489515,0
1,2018,7,30,22,3,0,0,13.138015,0
1,2018,7,30,23,0,0,0,9.60174,0
1,2018,7,30,23,1,0,0,12.176423,0
1,2018,7,30,23,2,0,0,16.647556,0
1,2018,7,30,23,3,0,0,7.806689,0
1,2018,7,31,0,0,0,0,6.809959,0
1,2018,7,31,0,1,0,0,7.780404,0
1,2018,7,31,0,2,0,0,4.959161,0
1,2018,7,31,0,3,0,0,6.655401,0
1,2018,7,31,1,0,0,0,9.283853,0
1,2018,7,31,1,1,0,0,4.998455,0
1,2018,7,31,1,2,0,0,9.313482,0
1,2018,7,31,1,3,0,0,12.921551,0
1,2018,7,31,2,0,0,0,6.908102,0
1,2018,7,31,2,1,0,0,3.901378,0
1,2018,7,31,2,2,0,0,3.901378,0
1,2018,7,31,2,3,0,0,3.901378,0
1,2018,7,31,3,0,0,0,3.901378,0
1,2018,7,31,3,1,0,0,3.901378,0
1,2018,7,31,3,2,0,0,3.901378,0
1,2018,7,31,3,3,0,0,3.901378,0
1,2018,7,31,4,0,0,0,3.901378,0
1,2018,7,31,4,1,0,0,3.901378,0
1,2018,7,31,4,2,0,0,3.901378,0
1,2018,7,31,4,3,0,0,3.901378,0
1,2018,7,31,5,0,0,0,3.901378,0
1,2018,7,31,5,1,0,0,10.361378,0
1,2018,7,31,5,2,0,0,11.653378,0
1,2018,7,31,5,3,0,0,3.901378,0
1,2018,7,31,6,0,0,0,3.667953,0
1,2018,7,31,6,1,0,0,8.130761,0
1,2018,7,31,6,2,0,0,13.648603,0
1,2018,7,31,6,3,0,0,3.273635,0
1,2018,7,31,7,0,0,0,3.555181,0
1,2018,7,31,7,1,0,0,7.253026,0
1,2018,7,31,7,2,0,0,14.618013,0
1,2018,7,31,7,3,0,0,18.739204,0
1,2018,7,31,8,0,0,0,22.024719,0
1,2018,7,31,8,1,0,0,20.650543,0
1,2018,7,31,8,2,0,0,11.513124,0
1,2018,7,31,8,3,0,0,6.563985,0
1,2018,7,31,9,0,0,0,11.056798,0
1,2018,7,31,9,1,0,0,13.433972,0
1,2018,7,31,9,2,0,0,28.616682,0
1,2018,7,31,9,3,0,0,41.834085,0
1,2018,7,31,10,0,0,0,32.084288,0
1,2018,7,31,10,1,0,0,34.677257,0
1,2018,7,31,10,2,0,0,27.985805,0
1,2018,7,31,10,3,0,0,22.581037,0
1,2018,7,31,11,0,0,0,23.042969,0
1,2018,7,31,11,1,0,0,22.287613,0
1,2018,7,31,11,2,0,0,20.715109,0
1,2018,7,31,11,3,0,0,17.378342,0
1,2018,7,31,12,0,0,0,32.898677,0
1,2018,7,31,12,1,0,0,26.294488,0
1,2018,7,31,12,2,0,0,18.058256,0
1,2018,7,31,12,3,0,0,13.424379,0
1,2018,7,31,13,0,0,0,30.110867,0
1,2018,7,31,13,1,0,0,26.76861,0
1,2018,7,31,13,2,0,0,38.212715,0
1,2018,7,31,13,3,0,0,41.284262,0
1,2018,7,31,14,0,0,0,31.532274,0
1,2018,7,31,14,1,0,0,33.59121,0
1,2018,7,31,14,2,0,0,31.87363,0
1,2018,7,31,14,3,0,0,28.394817,0
1,2018,7,31,15,0,0,0,30.858842,0
1,2018,7,31,15,1,0,0,24.514943,0
1,2018,7,31,15,2,0,0,18.626888,0
1,2018,7,31,15,3,0,0,33.71475,0
1,2018,7,31,16,0,0,0,35.9767,0
1,2018,7,31,16,1,0,0,46.219932,0
1,2018,7,31,16,2,0,0,44.614268,0
1,2018,7,31,16,3,0,0,28.41406,0
1,2018,7,31,17,0,0,0,28.080629,0
1,2018,7,31,17,1,0,0,34.547144,0
1,2018,7,31,17,2,0,0,28.507794,0
1,2018,7,31,17,3,0,0,14.682553,0
1,2018,7,31,18,0,0,0,18.557007,0
1,2018,7,31,18,1,0,0,17.484007,0
1,2018,7,31,18,2,0,0,16.133341,0
1,2018,7,31,18,3,0,0,13.493563,0
1,2018,7,31,19,0,0,0,16.73175,0
1,2018,7,31,19,1,0,0,8.31311,0
1,2018,7,31,19,2,0,0,8.174628,0
1,2018,7,31,19,3,0,0,10.901682,0
1,2018,7,31,20,0,0,0,10.348818,0
1,2018,7,31,20,1,0,0,13.060354,0
1,2018,7,31,20,2,0,0,20.912532,0
1,2018,7,31,20,3,0,0,20.244969,0
1,2018,7,31,21,0,0,0,22.362132,0
1,2018,7,31,21,1,0,0,20.72257,0
1,2018,7,31,21,2,0,0,14.909129,0
1,2018,7,31,21,3,0,0,20.067826,0
1,2018,7,31,22,0,0,0,29.007862,0
1,2018,7,31,22,1,0,0,25.264338,0
1,2018,7,31,22,2,0,0,23.638098,0
1,2018,7,31,22,3,0,0,27.025884,0
1,2018,7,31,23,0,0,0,20.204545,0
1,2018,7,31,23,1,0,0,19.946001,0
1,2018,7,31,23,2,0,0,13.16035,0
1,2018,7,31,23,3,0,0,12.76785,0
1,2018,8,1,0,0,0,0,10.629605,0
1,2018,8,1,0,1,0,0,13.168212,0
1,2018,8,1,0,2,0,0,11.944268,0
1,2018,8,1,0,3,0,0,7.404236,0
1,2018,8,1,1,0,0,0,4.346956,0
1,2018,8,1,1,1,0,0,4.424027,0
1,2018,8,1,1,2,0,0,4.424027,0
1,2018,8,1,1,3,0,0,8.242149,0
1,2018,8,1,2,0,0,0,16.54765,0
1,2018,8,1,2,1,0,0,20.249983,0
1,2018,8,1,2,2,0,0,23.952316,0
1,2018,8,1,2,3,0,0,12.89551,0
1,2018,8,1,3,0,0,0,3.429807,0
1,2018,8,1,3,1,0,0,9.862745,0
1,2018,8,1,3,2,0,0,12.201995,0
1,2018,8,1,3,3,0,0,12.201995,0
1,2018,8,1,4,0,0,0,15.669672,0
1,2018,8,1,4,1,0,0,14.889401,0
1,2018,8,1,4,2,0,0,5.373873,0
1,2018,8,1,4,3,0,0,4.769811,0
1,2018,8,1,5,0,0,0,4.842659,0
1,2018,8,1,5,1,0,0,4.842659,0
1,2018,8,1,5,2,0,0,8.688659,0
1,2018,8,1,5,3,0,0,14.902233,0
1,2018,8,1,6,0,0,0,18.285644,0
1,2018,8,1,6,1,0,0,14.270085,0
1,2018,8,1,6,2,0,0,19.140301,0
1,2018,8,1,6,3,0,0,13.133151,0
1,2018,8,1,7,0,0,0,11.834772,0
1,2018,8,1,7,1,0,0,5.940521,0
1,2018,8,1,7,2,0,0,5.826835,0
1,2018,8,1,7,3,0,0,13.099157,0
1,2018,8,1,8,0,0,0,17.502953,0
1,2018,8,1,8,1,0,0,13.408792,0
1,2018,8,1,8,2,0,0,8.376006,0
1,2018,8,1,8,3,0,0,11.889033,0
1,2018,8,1,9,0,0,0,14.837581,0
1,2018,8,1,9,1,0,0,22.538388,0
1,2018,8,1,9,2,0,0,16.424867,0
1,2018,8,1,9,3,0,0,23.051848,0
1,2018,8,1,10,0,0,0,37.285147,0
1,2018,8,1,10,1,0,0,39.312061,0
1,2018,8,1,10,2,0,0,39.435363,0
1,2018,8,1,10,3,0,0,36.464737,0
1,2018,8,1,11,0,0,0,31.811811,0
1,2018,8,1,11,1,0,0,31.805607,0
1,2018,8,1,11,2,0,0,42.800855,0
1,2018,8,1,11,3,0,0,26.11427,0
1,2018,8,1,12,0,0,0,26.866615,0
1,2018,8,1,12,1,0,0,23.87891,0
1,2018,8,1,12,2,0,0,23.018816,0
1,2018,8,1,12,3,0,0,21.815523,0
1,2018,8,1,13,0,0,0,22.975157,0
1,2018,8,1,13,1,0,0,35.637088,0
1,2018,8,1,13,2,0,0,41.452384,0
1,2018,8,1,13,3,0,0,45.865668,0
1,2018,8,1,14,0,0,0,31.161341,0
1,2018,8,1,14,1,0,0,47.20024,0
1,2018,8,1,14,2,0,0,43.127282,0
1,2018,8,1,14,3,0,0,25.862374,0
1,2018,8,1,15,0,0,0,31.93634,0
1,2018,8,1,15,1,0,0,38.711907,0
1,2018,8,1,15,2,0,0,37.204353,0
1,2018,8,1,15,3,0,0,35.103495,0
1,2018,8,1,16,0,0,0,63.894521,0
1,2018,8,1,16,1,0,0,35.505061,0
1,2018,8,1,16,2,0,0,25.639166,0
1,2018,8,1,16,3,0,0,40.775486,0
1,2018,8,1,17,0,0,0,25.349462,0
1,2018,8,1,17,1,0,0,27.334868,0
1,2018,8,1,17,2,0,0,18.715198,0
1,2018,8,1,17,3,0,0,18.932555,0
1,2018,8,1,18,0,0,0,25.102829,0
1,2018,8,1,18,1,0,0,19.194043,0
1,2018,8,1,18,2,0,0,23.572,0
1,2018,8,1,18,3,0,0,28.577352,0
1,2018,8,1,19,0,0,0,9.352618,0
1,2018,8,1,19,1,0,0,19.087082,0
1,2018,8,1,19,2,0,0,26.477155,0
1,2018,8,1,19,3,0,0,20.788622,0
1,2018,8,1,20,0,0,0,17.745094,0
1,2018,8,1,20,1,0,0,24.24539,0
1,2018,8,1,20,2,0,0,23.328636,0
1,2018,8,1,20,3,0,0,24.221193,0
1,2018,8,1,21,0,0,0,19.250837,0
1,2018,8,1,21,1,0,0,24.138881,0
1,2018,8,1,21,2,0,0,26.755662,0
1,2018,8,1,21,3,0,0,28.627958,0
1,2018,8,1,22,0,0,0,25.604076,0
1,2018,8,1,22,1,0,0,4.739193,0
1,2018,8,1,22,2,0,0,5.587027,0
1,2018,8,1,22,3,0,0,12.31269,0
1,2018,8,1,23,0,0,0,14.994119,0
1,2018,8,1,23,1,0,0,10.986633,0
1,2018,8,1,23,2,0,0,11.887336,0
1,2018,8,1,23,3,0,0,2.921628,0
1,2018,8,2,0,0,0,0,5.3257,0
1,2018,8,2,0,1,0,0,6.9737,0
1,2018,8,2,0,2,0,0,11.41425,0
1,2018,8,2,0,3,0,0,8.749674,0
1,2018,8,2,1,0,0,0,11.881141,0
1,2018,8,2,1,1,0,0,7.160582,0
1,2018,8,2,1,2,0,0,2.96013,0
1,2018,8,2,1,3,0,0,4.636155,0
1,2018,8,2,2,0,0,0,9.411555,0
1,2018,8,2,2,1,0,0,9.449022,0
1,2018,8,2,2,2,0,0,5.507688,0
1,2018,8,2,2,3,0,0,3.155349,0
1,2018,8,2,3,0,0,0,3.599324,0
1,2018,8,2,3,1,0,0,3.599324,0
1,2018,8,2,3,2,0,0,3.599324,0
1,2018,8,2,3,3,0,0,3.599324,0
1,2018,8,2,4,0,0,0,3.599324,0
1,2018,8,2,4,1,0,0,3.599324,0
1,2018,8,2,4,2,0,0,3.599324,0
1,2018,8,2,4,3,0,0,9.218324,0
1,2018,8,2,5,0,0,0,13.456597,0
1,2018,8,2,5,1,0,0,9.232051,0
1,2018,8,2,5,2,0,0,3.599324,0
1,2018,8,2,5,3,0,0,3.599324,0
1,2018,8,2,6,0,0,0,3.599324,0
1,2018,8,2,6,1,0,0,6.249618,0
1,2018,8,2,6,2,0,0,9.96003,0
1,2018,8,2,6,3,0,0,3.506185,0
1,2018,8,2,7,0,0,0,3.769639,0
1,2018,8,2,7,1,0,0,8.070986,0
1,2018,8,2,7,2,0,0,12.621149,0
1,2018,8,2,7,3,0,0,11.128916,0
1,2018,8,2,8,0,0,0,16.01566,0
1,2018,8,2,8,1,0,0,17.686636,0
1,2018,8,2,8,2,0,0,13.702299,0
1,2018,8,2,8,3,0,0,6.779673,0
1,2018,8,2,9,0,0,0,8.008486,0
1,2018,8,2,9,1,0,0,29.344329,0
1,2018,8,2,9,2,0,0,21.245877,0
1,2018,8,2,9,3,0,0,19.881858,0
1,2018,8,2,10,0,0,0,30.490018,0
1,2018,8,2,10,1,0,0,34.382712,0
1,2018,8,2,10,2,0,0,37.891682,0
1,2018,8,2,10,3,0,0,31.140324,0
1,2018,8,2,11,0,0,0,46.419569,0
1,2018,8,2,11,1,0,0,65.604583,0
1,2018,8,2,11,2,0,0,49.498632,0
1,2018,8,2,11,3,0,0,31.620225,0
1,2018,8,2,12,0,0,0,25.388624,0
1,2018,8,2,12,1,0,0,31.530991,0
1,2018,8,2,12,2,0,0,28.987579,0
1,2018,8,2,12,3,0,0,45.660788,0
1,2018,8,2,13,0,0,0,51.738895,0
1,2018,8,2,13,1,0,0,34.121701,0
1,2018,8,2,13,2,0,0,24.781335,0
1,2018,8,2,13,3,0,0,28.676606,0
1,2018,8,2,14,0,0,0,45.877456,0
1,2018,8,2,14,1,0,0,43.393161,0
1,2018,8,2,14,2,0,0,34.212293,0
1,2018,8,2,14,3,0,0,32.124265,0
1,2018,8,2,15,0,0,0,50.713457,0
1,2018,8,2,15,1,0,0,43.838173,0
1,2018,8,2,15,2,0,0,35.090068,0
1,2018,8,2,15,3,0,0,38.530249,0
1,2018,8,2,16,0,0,0,26.802638,0
1,2018,8,2,16,1,0,0,26.783097,0
1,2018,8,2,16,2,0,0,32.253088,0
1,2018,8,2,16,3,0,0,30.584443,0
1,2018,8,2,17,0,0,0,30.236401,0
1,2018,8,2,17,1,0,0,17.709125,0
1,2018,8,2,17,2,0,0,13.219123,0
1,2018,8,2,17,3,0,0,25.54489,0
1,2018,8,2,18,0,0,0,38.878398,0
1,2018,8,2,18,1,0,0,18.326065,0
1,2018,8,2,18,2,0,0,13.797688,0
1,2018,8,2,18,3,0,0,10.17972,0
1,2018,8,2,19,0,0,0,12.929121,0
1,2018,8,2,19,1,0,0,11.769102,0
1,2018,8,2,19,2,0,0,5.839589,0
1,2018,8,2,19,3,0,0,13.065003,0
1,2018,8,2,20,0,0,0,32.898753,0
1,2018,8,2,20,1,0,0,10.069804,0
1,2018,8,2,20,2,0,0,22.31213,0
1,2018,8,2,20,3,0,0,7.700918,0
1,2018,8,2,21,0,0,0,7.246617,0
1,2018,8,2,21,1,0,0,14.248399,0
1,2018,8,2,21,2,0,0,16.754143,0
1,2018,8,2,21,3,0,0,37.854606,0
1,2018,8,2,22,0,0,0,24.978039,0
1,2018,8,2,22,1,0,0,4.889206,0
1,2018,8,2,22,2,0,0,15.765294,0
1,2018,8,2,22,3,0,0,13.828742,0
1,2018,8,2,23,0,0,0,4.751763,0
1,2018,8,2,23,1,0,0,5.284769,0
1,2018,8,2,23,2,0,0,3.242841,0
1,2018,8,2,23,3,0,0,3.750796,0
1,2018,8,3,0,0,0,0,10.862159,0
1,2018,8,3,0,1,0,0,15.980159,0
1,2018,8,3,0,2,0,0,25.62975,0
1,2018,8,3,0,3,0,0,19.250841,0
1,2018,8,3,1,0,0,0,10.675341,0
1,2018,8,3,1,1,0,0,8.037072,0
1,2018,8,3,1,2,0,0,20.47452,0
1,2018,8,3,1,3,0,0,6.590931,0
1,2018,8,3,2,0,0,0,3.242841,0
1,2018,8,3,2,1,0,0,3.242841,0
1,2018,8,3,2,2,0,0,3.127032,0
1,2018,8,3,2,3,0,0,3.08492,0
1,2018,8,3,3,0,0,0,3.256245,0
1,2018,8,3,3,1,0,0,4.962317,0
1,2018,8,3,3,2,0,0,15.129256,0
1,2018,8,3,3,3,0,0,14.332458,0
1,2018,8,3,4,0,0,0,12.14537,0
1,2018,8,3,4,1,0,0,6.850057,0
1,2018,8,3,4,2,0,0,7.184148,0
1,2018,8,3,4,3,0,0,28.454643,0
1,2018,8,3,5,0,0,0,10.307412,0
1,2018,8,3,5,1,0,0,4.202401,0
1,2018,8,3,5,2,0,0,4.202401,0
1,2018,8,3,5,3,0,0,4.944601,0
1,2018,8,3,6,0,0,0,7.171201,0
1,2018,8,3,6,1,0,0,4.202401,0
1,2018,8,3,6,2,0,0,4.202401,0
1,2018,8,3,6,3,0,0,4.186072,0
1,2018,8,3,7,0,0,0,4.062385,0
1,2018,8,3,7,1,0,0,13.84982,0
1,2018,8,3,7,2,0,0,21.339351,0
1,2018,8,3,7,3,0,0,12.993905,0
1,2018,8,3,8,0,0,0,12.976652,0
1,2018,8,3,8,1,0,0,18.065037,0
1,2018,8,3,8,2,0,0,17.402206,0
1,2018,8,3,8,3,0,0,13.658381,0
1,2018,8,3,9,0,0,0,15.743005,0
1,2018,8,3,9,1,0,0,27.104408,0
1,2018,8,3,9,2,0,0,32.631859,0
1,2018,8,3,9,3,0,0,29.197659,0
1,2018,8,3,10,0,0,0,18.734205,0
1,2018,8,3,10,1,0,0,13.942439,0
1,2018,8,3,10,2,0,0,40.933804,0
1,2018,8,3,10,3,0,0,38.55981,0
1,2018,8,3,11,0,0,0,38.929658,0
1,2018,8,3,11,1,0,0,28.669904,0
1,2018,8,3,11,2,0,0,31.97139,0
1,2018,8,3,11,3,0,0,33.722894,0
1,2018,8,3,12,0,0,0,33.392813,0
1,2018,8,3,12,1,0,0,17.393333,0
1,2018,8,3,12,2,0,0,15.112553,0
1,2018,8,3,12,3,0,0,24.5526,0
1,2018,8,3,13,0,0,0,48.425813,0
1,2018,8,3,13,1,0,0,45.600995,0
1,2018,8,3,13,2,0,0,42.035469,0
1,2018,8,3,13,3,0,0,26.485806,0
1,2018,8,3,14,0,0,0,28.103267,0
1,2018,8,3,14,1,0,0,66.367236,0
1,2018,8,3,14,2,0,0,51.441527,0
1,2018,8,3,14,3,0,0,34.84141,0
1,2018,8,3,15,0,0,0,47.63526,0
1,2018,8,3,15,1,0,0,48.332599,0
1,2018,8,3,15,2,0,0,45.547259,0
1,2018,8,3,15,3,0,0,54.027336,0
1,2018,8,3,16,0,0,0,52.798878,0
1,2018,8,3,16,1,0,0,50.984843,0
1,2018,8,3,16,2,0,0,45.43282,0
1,2018,8,3,16,3,0,0,38.894398,0
1,2018,8,3,17,0,0,0,31.382365,0
1,2018,8,3,17,1,0,0,32.3997,0
1,2018,8,3,17,2,0,0,33.595963,0
1,2018,8,3,17,3,0,0,25.729878,0
1,2018,8,3,18,0,0,0,19.201643,0
1,2018,8,3,18,1,0,0,23.180898,0
1,2018,8,3,18,2,0,0,18.649944,0
1,2018,8,3,18,3,0,0,4.573107,0
1,2018,8,3,19,0,0,0,6.19744,0
1,2018,8,3,19,1,0,0,7.86639,0
1,2018,8,3,19,2,0,0,14.536734,0
1,2018,8,3,19,3,0,0,20.518115,0
1,2018,8,3,20,0,0,0,14.153362,0
1,2018,8,3,20,1,0,0,13.812237,0
1,2018,8,3,20,2,0,0,32.950386,0
1,2018,8,3,20,3,0,0,33.880273,0
1,2018,8,3,21,0,0,0,26.623212,0
1,2018,8,3,21,1,0,0,22.06395,0
1,2018,8,3,21,2,0,0,21.973283,0
1,2018,8,3,21,3,0,0,29.013126,0
1,2018,8,3,22,0,0,0,28.822584,0
1,2018,8,3,22,1,0,0,15.699194,0
1,2018,8,3,22,2,0,0,4.888831,0
1,2018,8,3,22,3,0,0,8.704336,0
1,2018,8,3,23,0,0,0,24.977962,0
1,2018,8,3,23,1,0,0,24.016244,0
1,2018,8,3,23,2,0,0,38.031696,0
1,2018,8,3,23,3,0,0,25.189149,0
1,2018,8,4,0,0,0,0,15.314089,0
1,2018,8,4,0,1,0,0,10.867421,0
1,2018,8,4,0,2,0,0,12.466773,0
1,2018,8,4,0,3,0,0,13.002267,0
1,2018,8,4,1,0,0,0,13.94648,0
1,2018,8,4,1,1,0,0,15.818068,0
1,2018,8,4,1,2,0,0,14.052659,0
1,2018,8,4,1,3,0,0,18.984181,0
1,2018,8,4,2,0,0,0,37.919014,0
1,2018,8,4,2,1,0,0,43.548006,0
1,2018,8,4,2,2,0,0,30.823538,0
1,2018,8,4,2,3,0,0,16.044059,0
1,2018,8,4,3,0,0,0,12.199582,0
1,2018,8,4,3,1,0,0,11.020734,0
1,2018,8,4,3,2,0,0,7.810354,0
1,2018,8,4,3,3,0,0,15.612183,0
1,2018,8,4,4,0,0,0,24.692652,0
1,2018,8,4,4,1,0,0,11.167944,0
1,2018,8,4,4,2,0,0,15.1426,0
1,2018,8,4,4,3,0,0,11.537016,0
1,2018,8,4,5,0,0,0,15.449703,0
1,2018,8,4,5,1,0,0,5.440518,0
1,2018,8,4,5,2,0,0,5.617855,0
1,2018,8,4,5,3,0,0,13.923555,0
1,2018,8,4,6,0,0,0,28.515513,0
1,2018,8,4,6,1,0,0,19.231343,0
1,2018,8,4,6,2,0,0,5.645137,0
1,2018,8,4,6,3,0,0,7.5307,0
1,2018,8,4,7,0,0,0,23.135724,0
1,2018,8,4,7,1,0,0,19.566908,0
1,2018,8,4,7,2,0,0,6.642376,0
1,2018,8,4,7,3,0,0,6.327078,0
1,2018,8,4,8,0,0,0,12.595997,0
1,2018,8,4,8,1,0,0,18.149795,0
1,2018,8,4,8,2,0,0,18.560567,0
1,2018,8,4,8,3,0,0,5.202492,0
1,2018,8,4,9,0,0,0,3.343401,0
1,2018,8,4,9,1,0,0,6.016591,0
1,2018,8,4,9,2,0,0,5.798584,0
1,2018,8,4,9,3,0,0,9.622722,0
1,2018,8,4,10,0,0,0,21.302867,0
1,2018,8,4,10,1,0,0,34.525458,0
1,2018,8,4,10,2,0,0,19.515914,0
1,2018,8,4,10,3,0,0,24.287154,0
1,2018,8,4,11,0,0,0,22.603078,0
1,2018,8,4,11,1,0,0,16.720453,0
1,2018,8,4,11,2,0,0,14.352518,0
1,2018,8,4,11,3,0,0,10.752933,0
1,2018,8,4,12,0,0,0,25.65194,0
1,2018,8,4,12,1,0,0,25.132966,0
1,2018,8,4,12,2,0,0,25.226252,0
1,2018,8,4,12,3,0,0,17.516806,0
1,2018,8,4,13,0,0,0,18.411127,0
1,2018,8,4,13,1,0,0,17.484699,0
1,2018,8,4,13,2,0,0,33.65069,0
1,2018,8,4,13,3,0,0,36.036436,0
1,2018,8,4,14,0,0,0,29.023685,0
1,2018,8,4,14,1,0,0,21.696467,0
1,2018,8,4,14,2,0,0,43.851576,0
1,2018,8,4,14,3,0,0,40.26984,0
1,2018,8,4,15,0,0,0,43.159324,0
1,2018,8,4,15,1,0,0,35.05563,0
1,2018,8,4,15,2,0,0,44.245122,0
1,2018,8,4,15,3,0,0,42.404571,0
1,2018,8,4,16,0,0,0,26.563343,0
1,2018,8,4,16,1,0,0,20.780095,0
1,2018,8,4,16,2,0,0,28.088309,0
1,2018,8,4,16,3,0,0,22.524677,0
1,2018,8,4,17,0,0,0,23.42414,0
1,2018,8,4,17,1,0,0,35.623085,0
1,2018,8,4,17,2,0,0,26.174081,0
1,2018,8,4,17,3,0,0,15.622412,0
1,2018,8,4,18,0,0,0,25.070368,0
1,2018,8,4,18,1,0,0,23.126392,0
1,2018,8,4,18,2,0,0,15.808981,0
1,2018,8,4,18,3,0,0,41.327253,0
1,2018,8,4,19,0,0,0,40.815154,0
1,2018,8,4,19,1,0,0,36.148511,0
1,2018,8,4,19,2,0,0,39.646946,0
1,2018,8,4,19,3,0,0,52.606386,0
1,2018,8,4,20,0,0,0,46.945734,0
1,2018,8,4,20,1,0,0,26.527828,0
1,2018,8,4,20,2,0,0,47.164824,0
1,2018,8,4,20,3,0,0,37.416334,0
1,2018,8,4,21,0,0,0,7.98393,0
1,2018,8,4,21,1,0,0,13.45619,0
1,2018,8,4,21,2,0,0,28.020999,0
1,2018,8,4,21,3,0,0,35.096777,0
1,2018,8,4,22,0,0,0,32.908728,0
1,2018,8,4,22,1,0,0,44.937946,0
1,2018,8,4,22,2,0,0,52.5421,0
1,2018,8,4,22,3,0,0,31.043445,0
1,2018,8,4,23,0,0,0,29.633104,0
1,2018,8,4,23,1,0,0,26.966322,0
1,2018,8,4,23,2,0,0,43.565613,0
1,2018,8,4,23,3,0,0,17.345793,0
1,2018,8,5,0,0,0,0,3.211477,0
1,2018,8,5,0,1,0,0,17.475942,0
1,2018,8,5,0,2,0,0,41.182947,0
1,2018,8,5,0,3,0,0,41.389924,0
1,2018,8,5,1,0,0,0,43.283037,0
1,2018,8,5,1,1,0,0,35.061018,0
1,2018,8,5,1,2,0,0,4.79588,0
1,2018,8,5,1,3,0,0,30.400923,0
1,2018,8,5,2,0,0,0,40.96912,0
1,2018,8,5,2,1,0,0,39.432067,0
1,2018,8,5,2,2,0,0,48.320083,0
1,2018,8,5,2,3,0,0,38.985791,0
1,2018,8,5,3,0,0,0,37.459383,0
1,2018,8,5,3,1,0,0,37.22541,0
1,2018,8,5,3,2,0,0,28.473372,0
1,2018,8,5,3,3,0,0,24.57295,0
1,2018,8,5,4,0,0,0,31.297552,0
1,2018,8,5,4,1,0,0,23.251665,0
1,2018,8,5,4,2,0,0,11.315937,0
1,2018,8,5,4,3,0,0,11.646667,0
1,2018,8,5,5,0,0,0,20.969869,0
1,2018,8,5,5,1,0,0,27.222256,0
1,2018,8,5,5,2,0,0,20.209271,0
1,2018,8,5,5,3,0,0,11.685368,0
1,2018,8,5,6,0,0,0,11.941972,0
1,2018,8,5,6,1,0,0,20.791544,0
1,2018,8,5,6,2,0,0,27.758375,0
1,2018,8,5,6,3,0,0,16.149999,0
1,2018,8,5,7,0,0,0,12.667267,0
1,2018,8,5,7,1,0,0,14.668744,0
1,2018,8,5,7,2,0,0,14.476272,0
1,2018,8,5,7,3,0,0,15.018657,0
1,2018,8,5,8,0,0,0,20.471251,0
1,2018,8,5,8,1,0,0,17.751438,0
1,2018,8,5,8,2,0,0,8.877671,0
1,2018,8,5,8,3,0,0,12.41926,0
1,2018,8,5,9,0,0,0,11.101142,0
1,2018,8,5,9,1,0,0,4.646201,0
1,2018,8,5,9,2,0,0,4.646201,0
1,2018,8,5,9,3,0,0,6.107739,0
1,2018,8,5,10,0,0,0,12.574419,0
1,2018,8,5,10,1,0,0,16.405707,0
1,2018,8,5,10,2,0,0,11.765746,0
1,2018,8,5,10,3,0,0,12.181779,0
1,2018,8,5,11,0,0,0,20.830313,0
1,2018,8,5,11,1,0,0,23.149627,0
1,2018,8,5,11,2,0,0,40.471197,0
1,2018,8,5,11,3,0,0,26.585545,0
1,2018,8,5,12,0,0,0,20.382407,0
1,2018,8,5,12,1,0,0,25.080152,0
1,2018,8,5,12,2,0,0,14.335328,0
1,2018,8,5,12,3,0,0,10.261398,0
1,2018,8,5,13,0,0,0,12.305767,0
1,2018,8,5,13,1,0,0,20.400194,0
1,2018,8,5,13,2,0,0,15.497942,0
1,2018,8,5,13,3,0,0,14.050934,0
1,2018,8,5,14,0,0,0,11.913262,0
1,2018,8,5,14,1,0,0,31.641835,0
1,2018,8,5,14,2,0,0,49.405246,0
1,2018,8,5,14,3,0,0,37.430414,0
1,2018,8,5,15,0,0,0,38.064332,0
1,2018,8,5,15,1,0,0,48.119839,0
1,2018,8,5,15,2,0,0,34.85096,0
1,2018,8,5,15,3,0,0,22.02606,0
1,2018,8,5,16,0,0,0,21.05914,0
1,2018,8,5,16,1,0,0,22.324854,0
1,2018,8,5,16,2,0,0,34.214708,0
1,2018,8,5,16,3,0,0,45.354899,0
1,2018,8,5,17,0,0,0,21.871529,0
1,2018,8,5,17,1,0,0,39.518039,0
1,2018,8,5,17,2,0,0,36.782931,0
1,2018,8,5,17,3,0,0,26.551083,0
1,2018,8,5,18,0,0,0,35.271998,0
1,2018,8,5,18,1,0,0,32.855414,0
1,2018,8,5,18,2,0,0,24.127607,0
1,2018,8,5,18,3,0,0,34.204076,0
1,2018,8,5,19,0,0,0,24.573036,0
1,2018,8,5,19,1,0,0,17.648024,0
1,2018,8,5,19,2,0,0,15.930347,0
1,2018,8,5,19,3,0,0,8.084047,0
1,2018,8,5,20,0,0,0,6.57736,0
1,2018,8,5,20,1,0,0,19.938358,0
1,2018,8,5,20,2,0,0,18.062493,0
1,2018,8,5,20,3,0,0,11.06997,0
1,2018,8,5,21,0,0,0,18.70762,0
1,2018,8,5,21,1,0,0,25.296531,0
1,2018,8,5,21,2,0,0,20.714188,0
1,2018,8,5,21,3,0,0,41.632833,0
1,2018,8,5,22,0,0,0,34.617111,0
1,2018,8,5,22,1,0,0,17.902737,0
1,2018,8,5,22,2,0,0,9.703709,0
1,2018,8,5,22,3,0,0,8.338734,0
1,2018,8,5,23,0,0,0,22.616597,0
1,2018,8,5,23,1,0,0,26.015402,0
1,2018,8,5,23,2,0,0,7.498208,0
1,2018,8,5,23,3,0,0,5.425321,0
1,2018,8,6,0,0,0,0,1.563509,0
1,2018,8,6,0,1,0,0,14.221517,0
1,2018,8,6,0,2,0,0,26.631277,0
1,2018,8,6,0,3,0,0,15.002732,0
1,2018,8,6,1,0,0,0,2.002732,0
1,2018,8,6,1,1,0,0,2.070305,0
1,2018,8,6,1,2,0,0,2.070305,0
1,2018,8,6,1,3,0,0,6.319038,0
1,2018,8,6,2,0,0,0,19.826117,0
1,2018,8,6,2,1,0,0,13.891762,0
1,2018,8,6,2,2,0,0,6.76874,0
1,2018,8,6,2,3,0,0,5.673919,0
1,2018,8,6,3,0,0,0,2.223704,0
1,2018,8,6,3,1,0,0,2.223704,0
1,2018,8,6,3,2,0,0,2.570754,0
1,2018,8,6,3,3,0,0,2.874422,0
1,2018,8,6,4,0,0,0,2.874422,0
1,2018,8,6,4,1,0,0,4.117785,0
1,2018,8,6,4,2,0,0,13.2114,0
1,2018,8,6,4,3,0,0,20.212794,0
1,2018,8,6,5,0,0,0,27.272954,0
1,2018,8,6,5,1,0,0,18.400425,0
1,2018,8,6,5,2,0,0,5.858172,0
1,2018,8,6,5,3,0,0,2.874422,0
1,2018,8,6,6,0,0,0,2.874422,0
1,2018,8,6,6,1,0,0,2.874422,0
1,2018,8,6,6,2,0,0,3.98012,0
1,2018,8,6,6,3,0,0,19.257687,0
1,2018,8,6,7,0,0,0,19.804783,0
1,2018,8,6,7,1,0,0,11.117841,0
1,2018,8,6,7,2,0,0,2.216015,0
1,2018,8,6,7,3,0,0,2.934683,0
1,2018,8,6,8,0,0,0,3.300506,0
1,2018,8,6,8,1,0,0,3.826242,0
1,2018,8,6,8,2,0,0,4.580843,0
1,2018,8,6,8,3,0,0,7.815546,0
1,2018,8,6,9,0,0,0,30.854938,0
1,2018,8,6,9,1,0,0,26.709415,0
1,2018,8,6,9,2,0,0,30.84928,0
1,2018,8,6,9,3,0,0,24.371927,0
1,2018,8,6,10,0,0,0,29.279593,0
1,2018,8,6,10,1,0,0,41.963069,0
1,2018,8,6,10,2,0,0,30.980001,0
1,2018,8,6,10,3,0,0,17.415289,0
1,2018,8,6,11,0,0,0,28.15385,0
1,2018,8,6,11,1,0,0,22.330573,0
1,2018,8,6,11,2,0,0,16.611013,0
1,2018,8,6,11,3,0,0,18.3417,0
1,2018,8,6,12,0,0,0,14.378541,0
1,2018,8,6,12,1,0,0,23.915547,0
1,2018,8,6,12,2,0,0,39.175479,0
1,2018,8,6,12,3,0,0,40.419429,0
1,2018,8,6,13,0,0,0,27.150352,0
1,2018,8,6,13,1,0,0,31.316876,0
1,2018,8,6,13,2,0,0,46.763493,0
1,2018,8,6,13,3,0,0,37.164678,0
1,2018,8,6,14,0,0,0,28.753843,0
1,2018,8,6,14,1,0,0,22.827239,0
1,2018,8,6,14,2,0,0,25.075199,0
1,2018,8,6,14,3,0,0,27.038477,0
1,2018,8,6,15,0,0,0,27.456863,0
1,2018,8,6,15,1,0,0,34.960361,0
1,2018,8,6,15,2,0,0,35.932761,0
1,2018,8,6,15,3,0,0,28.56125,0
1,2018,8,6,16,0,0,0,13.92817,0
1,2018,8,6,16,1,0,0,41.95791,0
1,2018,8,6,16,2,0,0,35.328018,0
1,2018,8,6,16,3,0,0,25.437081,0
1,2018,8,6,17,0,0,0,29.017878,0
1,2018,8,6,17,1,0,0,25.968739,0
1,2018,8,6,17,2,0,0,15.466451,0
1,2018,8,6,17,3,0,0,9.054617,0
1,2018,8,6,18,0,0,0,12.919306,0
1,2018,8,6,18,1,0,0,23.027,0
1,2018,8,6,18,2,0,0,25.873618,0
1,2018,8,6,18,3,0,0,17.515012,0
1,2018,8,6,19,0,0,0,24.551666,0
1,2018,8,6,19,1,0,0,20.83959,0
1,2018,8,6,19,2,0,0,38.485638,0
1,2018,8,6,19,3,0,0,43.559503,0
1,2018,8,6,20,0,0,0,33.991295,0
1,2018,8,6,20,1,0,0,23.927713,0
1,2018,8,6,20,2,0,0,26.070138,0
1,2018,8,6,20,3,0,0,32.733281,0
1,2018,8,6,21,0,0,0,14.28102,0
1,2018,8,6,21,1,0,0,22.469975,0
1,2018,8,6,21,2,0,0,28.559734,0
1,2018,8,6,21,3,0,0,28.605402,0
1,2018,8,6,22,0,0,0,9.389697,0
1,2018,8,6,22,1,0,0,20.469459,0
1,2018,8,6,22,2,0,0,25.866523,0
1,2018,8,6,22,3,0,0,12.18983,0
1,2018,8,6,23,0,0,0,19.220111,0
1,2018,8,6,23,1,0,0,8.373,0
1,2018,8,6,23,2,0,0,2.547945,0
1,2018,8,6,23,3,0,0,2.547945,0
1,2018,8,7,0,0,0,0,2.547945,0
1,2018,8,7,0,1,0,0,7.751495,0
1,2018,8,7,0,2,0,0,11.072453,0
1,2018,8,7,0,3,0,0,13.71386,0
1,2018,8,7,1,0,0,0,21.690124,0
1,2018,8,7,1,1,0,0,23.299997,0
1,2018,8,7,1,2,0,0,10.551028,0
1,2018,8,7,1,3,0,0,5.185075,0
1,2018,8,7,2,0,0,0,3.233819,0
1,2018,8,7,2,1,0,0,3.233819,0
1,2018,8,7,2,2,0,0,3.233819,0
1,2018,8,7,2,3,0,0,12.708485,0
1,2018,8,7,3,0,0,0,7.971152,0
1,2018,8,7,3,1,0,0,3.233819,0
1,2018,8,7,3,2,0,0,3.233819,0
1,2018,8,7,3,3,0,0,3.233819,0
1,2018,8,7,4,0,0,0,3.233819,0
1,2018,8,7,4,1,0,0,3.233819,0
1,2018,8,7,4,2,0,0,3.233819,0
1,2018,8,7,4,3,0,0,3.233819,0
1,2018,8,7,5,0,0,0,9.886511,0
1,2018,8,7,5,1,0,0,15.381584,0
1,2018,8,7,5,2,0,0,4.712361,0
1,2018,8,7,5,3,0,0,3.233819,0
1,2018,8,7,6,0,0,0,3.959902,0
1,2018,8,7,6,1,0,0,8.679444,0
1,2018,8,7,6,2,0,0,5.273962,0
1,2018,8,7,6,3,0,0,2.602527,0
1,2018,8,7,7,0,0,0,2.421006,0
1,2018,8,7,7,1,0,0,2.30307,0
1,2018,8,7,7,2,0,0,3.269511,0
1,2018,8,7,7,3,0,0,10.768216,0
1,2018,8,7,8,0,0,0,11.270689,0
1,2018,8,7,8,1,0,0,11.93744,0
1,2018,8,7,8,2,0,0,6.173294,0
1,2018,8,7,8,3,0,0,2.12848,0
1,2018,8,7,9,0,0,0,7.410486,0
1,2018,8,7,9,1,0,0,13.637947,0
1,2018,8,7,9,2,0,0,24.183886,0
1,2018,8,7,9,3,0,0,19.472516,0
1,2018,8,7,10,0,0,0,20.569806,0
1,2018,8,7,10,1,0,0,25.82575,0
1,2018,8,7,10,2,0,0,25.655311,0
1,2018,8,7,10,3,0,0,22.237281,0
1,2018,8,7,11,0,0,0,16.796322,0
1,2018,8,7,11,1,0,0,11.356141,0
1,2018,8,7,11,2,0,0,20.439233,0
1,2018,8,7,11,3,0,0,14.270616,0
1,2018,8,7,12,0,0,0,25.114539,0
1,2018,8,7,12,1,0,0,28.748813,0
1,2018,8,7,12,2,0,0,40.559191,0
1,2018,8,7,12,3,0,0,44.61995,0
1,2018,8,7,13,0,0,0,43.98254,0
1,2018,8,7,13,1,0,0,35.169027,0
1,2018,8,7,13,2,0,0,35.713788,0
1,2018,8,7,13,3,0,0,34.871622,0
1,2018,8,7,14,0,0,0,29.880841,0
1,2018,8,7,14,1,0,0,41.708041,0
1,2018,8,7,14,2,0,0,42.410167,0
1,2018,8,7,14,3,0,0,34.252648,0
1,2018,8,7,15,0,0,0,46.88456,0
1,2018,8,7,15,1,0,0,44.05749,0
1,2018,8,7,15,2,0,0,58.108609,0
1,2018,8,7,15,3,0,0,32.764053,0
1,2018,8,7,16,0,0,0,31.39071,0
1,2018,8,7,16,1,0,0,27.825312,0
1,2018,8,7,16,2,0,0,31.055119,0
1,2018,8,7,16,3,0,0,41.629216,0
1,2018,8,7,17,0,0,0,21.965573,0
1,2018,8,7,17,1,0,0,29.166661,0
1,2018,8,7,17,2,0,0,24.890797,0
1,2018,8,7,17,3,0,0,23.831833,0
1,2018,8,7,18,0,0,0,5.372653,0
1,2018,8,7,18,1,0,0,8.212127,0
1,2018,8,7,18,2,0,0,16.243926,0
1,2018,8,7,18,3,0,0,22.80435,0
1,2018,8,7,19,0,0,0,41.492547,0
1,2018,8,7,19,1,0,0,19.306206,0
1,2018,8,7,19,2,0,0,20.220672,0
1,2018,8,7,19,3,0,0,12.210917,0
1,2018,8,7,20,0,0,0,11.167325,0
1,2018,8,7,20,1,0,0,3.919597,0
1,2018,8,7,20,2,0,0,2.984445,0
1,2018,8,7,20,3,0,0,8.688986,0
1,2018,8,7,21,0,0,0,12.112429,0
1,2018,8,7,21,1,0,0,24.821473,0
1,2018,8,7,21,2,0,0,21.625633,0
1,2018,8,7,21,3,0,0,8.628254,0
1,2018,8,7,22,0,0,0,3.00628,0
1,2018,8,7,22,1,0,0,2.509553,0
1,2018,8,7,22,2,0,0,3.507053,0
1,2018,8,7,22,3,0,0,9.990803,0
1,2018,8,7,23,0,0,0,16.727759,0
1,2018,8,7,23,1,0,0,15.770422,0
1,2018,8,7,23,2,0,0,14.684188,0
1,2018,8,7,23,3,0,0,16.248091,0
1,2018,8,8,0,0,0,0,7.342193,0
1,2018,8,8,0,1,0,0,14.25905,0
1,2018,8,8,0,2,0,0,16.395562,0
1,2018,8,8,0,3,0,0,21.781514,0
1,2018,8,8,1,0,0,0,18.222172,0
1,2018,8,8,1,1,0,0,8.827297,0
1,2018,8,8,1,2,0,0,9.232045,0
1,2018,8,8,1,3,0,0,8.233715,0
1,2018,8,8,2,0,0,0,13.253105,0
1,2018,8,8,2,1,0,0,15.196205,0
1,2018,8,8,2,2,0,0,8.023955,0
1,2018,8,8,2,3,0,0,3.828755,0
1,2018,8,8,3,0,0,0,3.828755,0
1,2018,8,8,3,1,0,0,3.828755,0
1,2018,8,8,3,2,0,0,3.828755,0
1,2018,8,8,3,3,0,0,3.828755,0
1,2018,8,8,4,0,0,0,10.062439,0
1,2018,8,8,4,1,0,0,14.634654,0
1,2018,8,8,4,2,0,0,15.467505,0
1,2018,8,8,4,3,0,0,9.764444,0
1,2018,8,8,5,0,0,0,9.288523,0
1,2018,8,8,5,1,0,0,9.288523,0
1,2018,8,8,5,2,0,0,9.288523,0
1,2018,8,8,5,3,0,0,6.58959,0
1,2018,8,8,6,0,0,0,6.480442,0
1,2018,8,8,6,1,0,0,16.55609,0
1,2018,8,8,6,2,0,0,16.672802,0
1,2018,8,8,6,3,0,0,19.822988,0
1,2018,8,8,7,0,0,0,11.606114,0
1,2018,8,8,7,1,0,0,6.566786,0
1,2018,8,8,7,2,0,0,3.385891,0
1,2018,8,8,7,3,0,0,14.467635,0
1,2018,8,8,8,0,0,0,6.077084,0
1,2018,8,8,8,1,0,0,4.015877,0
1,2018,8,8,8,2,0,0,6.223134,0
1,2018,8,8,8,3,0,0,8.567006,0
1,2018,8,8,9,0,0,0,23.808303,0
1,2018,8,8,9,1,0,0,28.487032,0
1,2018,8,8,9,2,0,0,28.43716,0
1,2018,8,8,9,3,0,0,20.664017,0
1,2018,8,8,10,0,0,0,17.471461,0
1,2018,8,8,10,1,0,0,35.420692,0
1,2018,8,8,10,2,0,0,27.650702,0
1,2018,8,8,10,3,0,0,41.767439,0
1,2018,8,8,11,0,0,0,51.046518,0
1,2018,8,8,11,1,0,0,31.865815,0
1,2018,8,8,11,2,0,0,27.744716,0
1,2018,8,8,11,3,0,0,23.307472,0
1,2018,8,8,12,0,0,0,23.196883,0
1,2018,8,8,12,1,0,0,34.353439,0
1,2018,8,8,12,2,0,0,45.359293,0
1,2018,8,8,12,3,0,0,39.578709,0
1,2018,8,8,13,0,0,0,43.47011,0
1,2018,8,8,13,1,0,0,41.60923,0
1,2018,8,8,13,2,0,0,46.133876,0
1,2018,8,8,13,3,0,0,52.877838,0
1,2018,8,8,14,0,0,0,53.403628,0
1,2018,8,8,14,1,0,0,54.035923,0
1,2018,8,8,14,2,0,0,53.295804,0
1,2018,8,8,14,3,0,0,43.430661,0
1,2018,8,8,15,0,0,0,43.211503,0
1,2018,8,8,15,1,0,0,34.084648,0
1,2018,8,8,15,2,0,0,26.513466,0
1,2018,8,8,15,3,0,0,36.109063,0
1,2018,8,8,16,0,0,0,38.557435,0
1,2018,8,8,16,1,0,0,22.934327,0
1,2018,8,8,16,2,0,0,31.187142,0
1,2018,8,8,16,3,0,0,26.022546,0
1,2018,8,8,17,0,0,0,20.61557,0
1,2018,8,8,17,1,0,0,23.89808,0
1,2018,8,8,17,2,0,0,18.277483,0
1,2018,8,8,17,3,0,0,19.706988,0
1,2018,8,8,18,0,0,0,18.112518,0
1,2018,8,8,18,1,0,0,11.446732,0
1,2018,8,8,18,2,0,0,17.983053,0
1,2018,8,8,18,3,0,0,17.472487,0
1,2018,8,8,19,0,0,0,14.71789,0
1,2018,8,8,19,1,0,0,22.763646,0
1,2018,8,8,19,2,0,0,27.895561,0
1,2018,8,8,19,3,0,0,32.716644,0
1,2018,8,8,20,0,0,0,24.164423,0
1,2018,8,8,20,1,0,0,10.542402,0
1,2018,8,8,20,2,0,0,16.1736,0
1,2018,8,8,20,3,0,0,25.983825,0
1,2018,8,8,21,0,0,0,26.343694,0
1,2018,8,8,21,1,0,0,34.817232,0
1,2018,8,8,21,2,0,0,43.040111,0
1,2018,8,8,21,3,0,0,39.886008,0
1,2018,8,8,22,0,0,0,14.825295,0
1,2018,8,8,22,1,0,0,5.677556,0
1,2018,8,8,22,2,0,0,6.797884,0
1,2018,8,8,22,3,0,0,2.66717,0
1,2018,8,8,23,0,0,0,6.932687,0
1,2018,8,8,23,1,0,0,9.065446,0
1,2018,8,8,23,2,0,0,10.13167,0
1,2018,8,8,23,3,0,0,12.964709,0
1,2018,8,9,0,0,0,0,4.092459,0
1,2018,8,9,0,1,0,0,2.727498,0
1,2018,8,9,0,2,0,0,3.241077,0
1,2018,8,9,0,3,0,0,6.415326,0
1,2018,8,9,1,0,0,0,2.626023,0
1,2018,8,9,1,1,0,0,2.112444,0
1,2018,8,9,1,2,0,0,2.408798,0
1,2018,8,9,1,3,0,0,2.408798,0
1,2018,8,9,2,0,0,0,6.502363,0
1,2018,8,9,2,1,0,0,12.642711,0
1,2018,8,9,2,2,0,0,3.773319,0
1,2018,8,9,2,3,0,0,2.408798,0
1,2018,8,9,3,0,0,0,2.408798,0
1,2018,8,9,3,1,0,0,2.408798,0
1,2018,8,9,3,2,0,0,2.408798,0
1,2018,8,9,3,3,0,0,2.408798,0
1,2018,8,9,4,0,0,0,2.408798,0
1,2018,8,9,4,1,0,0,2.408798,0
1,2018,8,9,4,2,0,0,6.580353,0
1,2018,8,9,4,3,0,0,8.069373,0
1,2018,8,9,5,0,0,0,26.395736,0
1,2018,8,9,5,1,0,0,30.446532,0
1,2018,8,9,5,2,0,0,31.353532,0
1,2018,8,9,5,3,0,0,24.599932,0
1,2018,8,9,6,0,0,0,7.391554,0
1,2018,8,9,6,1,0,0,8.421655,0
1,2018,8,9,6,2,0,0,3.153654,0
1,2018,8,9,6,3,0,0,2.16432,0
1,2018,8,9,7,0,0,0,2.143479,0
1,2018,8,9,7,1,0,0,2.196077,0
1,2018,8,9,7,2,0,0,2.250402,0
1,2018,8,9,7,3,0,0,2.577976,0
1,2018,8,9,8,0,0,0,3.046987,0
1,2018,8,9,8,1,0,0,10.114745,0
1,2018,8,9,8,2,0,0,13.357893,0
1,2018,8,9,8,3,0,0,11.39955,0
1,2018,8,9,9,0,0,0,9.101689,0
1,2018,8,9,9,1,0,0,16.035065,0
1,2018,8,9,9,2,0,0,16.075868,0
1,2018,8,9,9,3,0,0,36.971243,0
1,2018,8,9,10,0,0,0,31.931307,0
1,2018,8,9,10,1,0,0,16.844444,0
1,2018,8,9,10,2,0,0,26.776696,0
1,2018,8,9,10,3,0,0,36.803572,0
1,2018,8,9,11,0,0,0,28.796145,0
1,2018,8,9,11,1,0,0,15.085531,0
1,2018,8,9,11,2,0,0,22.074691,0
1,2018,8,9,11,3,0,0,40.537378,0
1,2018,8,9,12,0,0,0,49.560814,0
1,2018,8,9,12,1,0,0,50.307735,0
1,2018,8,9,12,2,0,0,47.009785,0
1,2018,8,9,12,3,0,0,39.419948,0
1,2018,8,9,13,0,0,0,44.292339,0
1,2018,8,9,13,1,0,0,48.547075,0
1,2018,8,9,13,2,0,0,44.046002,0
1,2018,8,9,13,3,0,0,27.848685,0
1,2018,8,9,14,0,0,0,29.865565,0
1,2018,8,9,14,1,0,0,21.540974,0
1,2018,8,9,14,2,0,0,28.693111,0
1,2018,8,9,14,3,0,0,41.337698,0
1,2018,8,9,15,0,0,0,39.147061,0
1,2018,8,9,15,1,0,0,32.65903,0
1,2018,8,9,15,2,0,0,39.068202,0
1,2018,8,9,15,3,0,0,56.42434,0
1,2018,8,9,16,0,0,0,48.678086,0
1,2018,8,9,16,1,0,0,40.184264,0
1,2018,8,9,16,2,0,0,31.134239,0
1,2018,8,9,16,3,0,0,28.044771,0
1,2018,8,9,17,0,0,0,34.22673,0
1,2018,8,9,17,1,0,0,35.585126,0
1,2018,8,9,17,2,0,0,17.657838,0
1,2018,8,9,17,3,0,0,13.223026,0
1,2018,8,9,18,0,0,0,25.566218,0
1,2018,8,9,18,1,0,0,27.941412,0
1,2018,8,9,18,2,0,0,18.844512,0
1,2018,8,9,18,3,0,0,17.558935,0
1,2018,8,9,19,0,0,0,26.965707,0
1,2018,8,9,19,1,0,0,38.80748,0
1,2018,8,9,19,2,0,0,36.268983,0
1,2018,8,9,19,3,0,0,29.10831,0
1,2018,8,9,20,0,0,0,24.729869,0
1,2018,8,9,20,1,0,0,25.288627,0
1,2018,8,9,20,2,0,0,15.054534,0
1,2018,8,9,20,3,0,0,21.657816,0
1,2018,8,9,21,0,0,0,21.415117,0
1,2018,8,9,21,1,0,0,21.676595,0
1,2018,8,9,21,2,0,0,16.889598,0
1,2018,8,9,21,3,0,0,12.247642,0
1,2018,8,9,22,0,0,0,25.621464,0
1,2018,8,9,22,1,0,0,20.276158,0
1,2018,8,9,22,2,0,0,27.117319,0
1,2018,8,9,22,3,0,0,9.652513,0
1,2018,8,9,23,0,0,0,20.427762,0
1,2018,8,9,23,1,0,0,27.041741,0
1,2018,8,9,23,2,0,0,13.499373,0
1,2018,8,9,23,3,0,0,12.938207,0
1,2018,8,10,0,0,0,0,18.681365,0
1,2018,8,10,0,1,0,0,16.33187,0
1,2018,8,10,0,2,0,0,17.361314,0
1,2018,8,10,0,3,0,0,24.048138,0
1,2018,8,10,1,0,0,0,18.968485,0
1,2018,8,10,1,1,0,0,28.551969,0
1,2018,8,10,1,2,0,0,23.698307,0
1,2018,8,10,1,3,0,0,9.613571,0
1,2018,8,10,2,0,0,0,6.345379,0
1,2018,8,10,2,1,0,0,6.420722,0
1,2018,8,10,2,2,0,0,6.420722,0
1,2018,8,10,2,3,0,0,6.420722,0
1,2018,8,10,3,0,0,0,22.053997,0
1,2018,8,10,3,1,0,0,22.014781,0
1,2018,8,10,3,2,0,0,10.362654,0
1,2018,8,10,3,3,0,0,6.697951,0
1,2018,8,10,4,0,0,0,10.704158,0
1,2018,8,10,4,1,0,0,12.707262,0
1,2018,8,10,4,2,0,0,8.300434,0
1,2018,8,10,4,3,0,0,6.697951,0
1,2018,8,10,5,0,0,0,6.697951,0
1,2018,8,10,5,1,0,0,7.930882,0
1,2018,8,10,5,2,0,0,11.32144,0
1,2018,8,10,5,3,0,0,11.32144,0
1,2018,8,10,6,0,0,0,9.472044,0
1,2018,8,10,6,1,0,0,14.448546,0
1,2018,8,10,6,2,0,0,30.12727,0
1,2018,8,10,6,3,0,0,15.595286,0
1,2018,8,10,7,0,0,0,14.129045,0
1,2018,8,10,7,1,0,0,6.084918,0
1,2018,8,10,7,2,0,0,6.45209,0
1,2018,8,10,7,3,0,0,17.325144,0
1,2018,8,10,8,0,0,0,17.08399,0
1,2018,8,10,8,1,0,0,18.757006,0
1,2018,8,10,8,2,0,0,18.706491,0
1,2018,8,10,8,3,0,0,17.782154,0
1,2018,8,10,9,0,0,0,16.676236,0
1,2018,8,10,9,1,0,0,12.486534,0
1,2018,8,10,9,2,0,0,20.060905,0
1,2018,8,10,9,3,0,0,21.067779,0
1,2018,8,10,10,0,0,0,31.807714,0
1,2018,8,10,10,1,0,0,30.361342,0
1,2018,8,10,10,2,0,0,23.388031,0
1,2018,8,10,10,3,0,0,51.058207,0
1,2018,8,10,11,0,0,0,44.818025,0
1,2018,8,10,11,1,0,0,28.90781,0
1,2018,8,10,11,2,0,0,30.140852,0
1,2018,8,10,11,3,0,0,28.987611,0
1,2018,8,10,12,0,0,0,57.372147,0
1,2018,8,10,12,1,0,0,43.157839,0
1,2018,8,10,12,2,0,0,27.050241,0
1,2018,8,10,12,3,0,0,32.430327,0
1,2018,8,10,13,0,0,0,39.076765,0
1,2018,8,10,13,1,0,0,31.501811,0
1,2018,8,10,13,2,0,0,25.727527,0
1,2018,8,10,13,3,0,0,22.244905,0
1,2018,8,10,14,0,0,0,24.390077,0
1,2018,8,10,14,1,0,0,22.622934,0
1,2018,8,10,14,2,0,0,31.716404,0
1,2018,8,10,14,3,0,0,30.768846,0
1,2018,8,10,15,0,0,0,42.367618,0
1,2018,8,10,15,1,0,0,68.784752,0
1,2018,8,10,15,2,0,0,70.091587,0
1,2018,8,10,15,3,0,0,72.589286,0
1,2018,8,10,16,0,0,0,47.301609,0
1,2018,8,10,16,1,0,0,35.905273,0
1,2018,8,10,16,2,0,0,37.084248,0
1,2018,8,10,16,3,0,0,23.395637,0
1,2018,8,10,17,0,0,0,23.358661,0
1,2018,8,10,17,1,0,0,28.200725,0
1,2018,8,10,17,2,0,0,39.302663,0
1,2018,8,10,17,3,0,0,23.305603,0
1,2018,8,10,18,0,0,0,9.567088,0
1,2018,8,10,18,1,0,0,20.211123,0
1,2018,8,10,18,2,0,0,25.516713,0
1,2018,8,10,18,3,0,0,36.128639,0
1,2018,8,10,19,0,0,0,37.699453,0
1,2018,8,10,19,1,0,0,25.982205,0
1,2018,8,10,19,2,0,0,22.182021,0
1,2018,8,10,19,3,0,0,24.109128,0
1,2018,8,10,20,0,0,0,29.250273,0
1,2018,8,10,20,1,0,0,28.063201,0
1,2018,8,10,20,2,0,0,30.773213,0
1,2018,8,10,20,3,0,0,31.207408,0
1,2018,8,10,21,0,0,0,37.932539,0
1,2018,8,10,21,1,0,0,33.309271,0
1,2018,8,10,21,2,0,0,35.08694,0
1,2018,8,10,21,3,0,0,31.45365,0
1,2018,8,10,22,0,0,0,48.725777,0
1,2018,8,10,22,1,0,0,29.949553,0
1,2018,8,10,22,2,0,0,16.377469,0
1,2018,8,10,22,3,0,0,11.298988,0
1,2018,8,10,23,0,0,0,18.322457,0
1,2018,8,10,23,1,0,0,10.821877,0
1,2018,8,10,23,2,0,0,17.401522,0
1,2018,8,10,23,3,0,0,32.657193,0
1,2018,8,11,0,0,0,0,15.21385,0
1,2018,8,11,0,1,0,0,13.1585,0
1,2018,8,11,0,2,0,0,29.10117,0
1,2018,8,11,0,3,0,0,24.140088,0
1,2018,8,11,1,0,0,0,33.541596,0
1,2018,8,11,1,1,0,0,43.424618,0
1,2018,8,11,1,2,0,0,39.164418,0
1,2018,8,11,1,3,0,0,32.274939,0
1,2018,8,11,2,0,0,0,43.6327,0
1,2018,8,11,2,1,0,0,37.303847,0
1,2018,8,11,2,2,0,0,19.390252,0
1,2018,8,11,2,3,0,0,13.342729,0
1,2018,8,11,3,0,0,0,5.176252,0
1,2018,8,11,3,1,0,0,4.032181,0
1,2018,8,11,3,2,0,0,11.761792,0
1,2018,8,11,3,3,0,0,19.597738,0
1,2018,8,11,4,0,0,0,12.300351,0
1,2018,8,11,4,1,0,0,3.863711,0
1,2018,8,11,4,2,0,0,12.046672,0
1,2018,8,11,4,3,0,0,37.154792,0
1,2018,8,11,5,0,0,0,24.728567,0
1,2018,8,11,5,1,0,0,7.592173,0
1,2018,8,11,5,2,0,0,3.27364,0
1,2018,8,11,5,3,0,0,7.135507,0
1,2018,8,11,6,0,0,0,11.084039,0
1,2018,8,11,6,1,0,0,21.471908,0
1,2018,8,11,6,2,0,0,15.692592,0
1,2018,8,11,6,3,0,0,18.414716,0
1,2018,8,11,7,0,0,0,16.986746,0
1,2018,8,11,7,1,0,0,8.40818,0
1,2018,8,11,7,2,0,0,6.558286,0
1,2018,8,11,7,3,0,0,16.994936,0
1,2018,8,11,8,0,0,0,10.418676,0
1,2018,8,11,8,1,0,0,7.726236,0
1,2018,8,11,8,2,0,0,9.374089,0
1,2018,8,11,8,3,0,0,12.614471,0
1,2018,8,11,9,0,0,0,30.23974,0
1,2018,8,11,9,1,0,0,24.693283,0
1,2018,8,11,9,2,0,0,7.806541,0
1,2018,8,11,9,3,0,0,14.121486,0
1,2018,8,11,10,0,0,0,14.171841,0
1,2018,8,11,10,1,0,0,21.429022,0
1,2018,8,11,10,2,0,0,21.087528,0
1,2018,8,11,10,3,0,0,43.207351,0
1,2018,8,11,11,0,0,0,49.175035,0
1,2018,8,11,11,1,0,0,46.941267,0
1,2018,8,11,11,2,0,0,30.511152,0
1,2018,8,11,11,3,0,0,53.345102,0
1,2018,8,11,12,0,0,0,20.784884,0
1,2018,8,11,12,1,0,0,16.850024,0
1,2018,8,11,12,2,0,0,21.149587,0
1,2018,8,11,12,3,0,0,43.798602,0
1,2018,8,11,13,0,0,0,26.828269,0
1,2018,8,11,13,1,0,0,49.406061,0
1,2018,8,11,13,2,0,0,56.99291,0
1,2018,8,11,13,3,0,0,57.445492,0
1,2018,8,11,14,0,0,0,42.244594,0
1,2018,8,11,14,1,0,0,33.903988,0
1,2018,8,11,14,2,0,0,24.640831,0
1,2018,8,11,14,3,0,0,19.807781,0
1,2018,8,11,15,0,0,0,17.863302,0
1,2018,8,11,15,1,0,0,24.238623,0
1,2018,8,11,15,2,0,0,32.557533,0
1,2018,8,11,15,3,0,0,35.970509,0
1,2018,8,11,16,0,0,0,37.558143,0
1,2018,8,11,16,1,0,0,31.100944,0
1,2018,8,11,16,2,0,0,40.006943,0
1,2018,8,11,16,3,0,0,30.298347,0
1,2018,8,11,17,0,0,0,24.782305,0
1,2018,8,11,17,1,0,0,33.938477,0
1,2018,8,11,17,2,0,0,48.983006,0
1,2018,8,11,17,3,0,0,39.926261,0
1,2018,8,11,18,0,0,0,30.664153,0
1,2018,8,11,18,1,0,0,51.658967,0
1,2018,8,11,18,2,0,0,63.148419,0
1,2018,8,11,18,3,0,0,53.884456,0
1,2018,8,11,19,0,0,0,29.18312,0
1,2018,8,11,19,1,0,0,35.300538,0
1,2018,8,11,19,2,0,0,33.486595,0
1,2018,8,11,19,3,0,0,46.537099,0
1,2018,8,11,20,0,0,0,41.408995,0
1,2018,8,11,20,1,0,0,43.853506,0
1,2018,8,11,20,2,0,0,15.084952,0
1,2018,8,11,20,3,0,0,38.260978,0
1,2018,8,11,21,0,0,0,45.327381,0
1,2018,8,11,21,1,0,0,35.010914,0
1,2018,8,11,21,2,0,0,39.691434,0
1,2018,8,11,21,3,0,0,40.758034,0
1,2018,8,11,22,0,0,0,41.626062,0
1,2018,8,11,22,1,0,0,27.580607,0
1,2018,8,11,22,2,0,0,17.663969,0
1,2018,8,11,22,3,0,0,34.631272,0
1,2018,8,11,23,0,0,0,33.001284,0
1,2018,8,11,23,1,0,0,35.76079,0
1,2018,8,11,23,2,0,0,51.753315,0
1,2018,8,11,23,3,0,0,35.354166,0
1,2018,8,12,0,0,0,0,14.340374,0
1,2018,8,12,0,1,0,0,11.976417,0
1,2018,8,12,0,2,0,0,3.735464,0
1,2018,8,12,0,3,0,0,25.65199,0
1,2018,8,12,1,0,0,0,28.991195,0
1,2018,8,12,1,1,0,0,28.241767,0
1,2018,8,12,1,2,0,0,28.954002,0
1,2018,8,12,1,3,0,0,42.214352,0
1,2018,8,12,2,0,0,0,72.162005,0
1,2018,8,12,2,1,0,0,70.179596,0
1,2018,8,12,2,2,0,0,62.743562,0
1,2018,8,12,2,3,0,0,46.868648,0
1,2018,8,12,3,0,0,0,37.460992,0
1,2018,8,12,3,1,0,0,35.22648,0
1,2018,8,12,3,2,0,0,30.343385,0
1,2018,8,12,3,3,0,0,36.029304,0
1,2018,8,12,4,0,0,0,50.864882,0
1,2018,8,12,4,1,0,0,39.101531,0
1,2018,8,12,4,2,0,0,33.9956,0
1,2018,8,12,4,3,0,0,23.608689,0
1,2018,8,12,5,0,0,0,16.5112,0
1,2018,8,12,5,1,0,0,14.349859,0
1,2018,8,12,5,2,0,0,5.15244,0
1,2018,8,12,5,3,0,0,4.919767,0
1,2018,8,12,6,0,0,0,12.623614,0
1,2018,8,12,6,1,0,0,18.75693,0
1,2018,8,12,6,2,0,0,21.226411,0
1,2018,8,12,6,3,0,0,8.047121,0
1,2018,8,12,7,0,0,0,5.683329,0
1,2018,8,12,7,1,0,0,11.804968,0
1,2018,8,12,7,2,0,0,15.995771,0
1,2018,8,12,7,3,0,0,30.311672,0
1,2018,8,12,8,0,0,0,19.28259,0
1,2018,8,12,8,1,0,0,10.810042,0
1,2018,8,12,8,2,0,0,26.732841,0
1,2018,8,12,8,3,0,0,16.739559,0
1,2018,8,12,9,0,0,0,9.367043,0
1,2018,8,12,9,1,0,0,2.890118,0
1,2018,8,12,9,2,0,0,2.709403,0
1,2018,8,12,9,3,0,0,24.135834,0
1,2018,8,12,10,0,0,0,21.332634,0
1,2018,8,12,10,1,0,0,18.026215,0
1,2018,8,12,10,2,0,0,27.377246,0
1,2018,8,12,10,3,0,0,19.631016,0
1,2018,8,12,11,0,0,0,13.766649,0
1,2018,8,12,11,1,0,0,17.482754,0
1,2018,8,12,11,2,0,0,42.934248,0
1,2018,8,12,11,3,0,0,43.742679,0
1,2018,8,12,12,0,0,0,32.659874,0
1,2018,8,12,12,1,0,0,52.773529,0
1,2018,8,12,12,2,0,0,60.74365,0
1,2018,8,12,12,3,0,0,41.362011,0
1,2018,8,12,13,0,0,0,46.2644,0
1,2018,8,12,13,1,0,0,55.216498,0
1,2018,8,12,13,2,0,0,49.006478,0
1,2018,8,12,13,3,0,0,37.600777,0
1,2018,8,12,14,0,0,0,41.704019,0
1,2018,8,12,14,1,0,0,34.38043,0
1,2018,8,12,14,2,0,0,37.948099,0
1,2018,8,12,14,3,0,0,30.446578,0
1,2018,8,12,15,0,0,0,37.005101,0
1,2018,8,12,15,1,0,0,39.862058,0
1,2018,8,12,15,2,0,0,27.323484,0
1,2018,8,12,15,3,0,0,19.761704,0
1,2018,8,12,16,0,0,0,15.887254,0
1,2018,8,12,16,1,0,0,17.440046,0
1,2018,8,12,16,2,0,0,11.493344,0
1,2018,8,12,16,3,0,0,11.04528,0
1,2018,8,12,17,0,0,0,23.872482,0
1,2018,8,12,17,1,0,0,40.300575,0
1,2018,8,12,17,2,0,0,43.504723,0
1,2018,8,12,17,3,0,0,48.266551,0
1,2018,8,12,18,0,0,0,29.676569,0
1,2018,8,12,18,1,0,0,13.984382,0
1,2018,8,12,18,2,0,0,22.248739,0
1,2018,8,12,18,3,0,0,18.637892,0
1,2018,8,12,19,0,0,0,30.677906,0
1,2018,8,12,19,1,0,0,26.491794,0
1,2018,8,12,19,2,0,0,32.897404,0
1,2018,8,12,19,3,0,0,30.865255,0
1,2018,8,12,20,0,0,0,19.563307,0
1,2018,8,12,20,1,0,0,27.771803,0
1,2018,8,12,20,2,0,0,23.619033,0
1,2018,8,12,20,3,0,0,23.404175,0
1,2018,8,12,21,0,0,0,23.261855,0
1,2018,8,12,21,1,0,0,28.199652,0
1,2018,8,12,21,2,0,0,31.732141,0
1,2018,8,12,21,3,0,0,36.040495,0
1,2018,8,12,22,0,0,0,29.363602,0
1,2018,8,12,22,1,0,0,41.033005,0
1,2018,8,12,22,2,0,0,41.436571,0
1,2018,8,12,22,3,0,0,34.545638,0
1,2018,8,12,23,0,0,0,32.893958,0
1,2018,8,12,23,1,0,0,17.891509,0
1,2018,8,12,23,2,0,0,19.758921,0
1,2018,8,12,23,3,0,0,27.816765,0
1,2018,8,13,0,0,0,0,19.677839,0
1,2018,8,13,0,1,0,0,4.624664,0
1,2018,8,13,0,2,0,0,12.158971,0
1,2018,8,13,0,3,0,0,22.068586,0
1,2018,8,13,1,0,0,0,19.50455,0
1,2018,8,13,1,1,0,0,20.552402,0
1,2018,8,13,1,2,0,0,16.248639,0
1,2018,8,13,1,3,0,0,2.122647,0
1,2018,8,13,2,0,0,0,17.534459,0
1,2018,8,13,2,1,0,0,28.88061,0
1,2018,8,13,2,2,0,0,12.328614,0
1,2018,8,13,2,3,0,0,10.087795,0
1,2018,8,13,3,0,0,0,2.465077,0
1,2018,8,13,3,1,0,0,2.527528,0
1,2018,8,13,3,2,0,0,3.849678,0
1,2018,8,13,3,3,0,0,13.750019,0
1,2018,8,13,4,0,0,0,22.953808,0
1,2018,8,13,4,1,0,0,25.606015,0
1,2018,8,13,4,2,0,0,28.781132,0
1,2018,8,13,4,3,0,0,18.190379,0
1,2018,8,13,5,0,0,0,4.295666,0
1,2018,8,13,5,1,0,0,10.352759,0
1,2018,8,13,5,2,0,0,13.198297,0
1,2018,8,13,5,3,0,0,2.527528,0
1,2018,8,13,6,0,0,0,2.527528,0
1,2018,8,13,6,1,0,0,15.107469,0
1,2018,8,13,6,2,0,0,26.15691,0
1,2018,8,13,6,3,0,0,18.925196,0
1,2018,8,13,7,0,0,0,10.65121,0
1,2018,8,13,7,1,0,0,5.268848,0
1,2018,8,13,7,2,0,0,4.574775,0
1,2018,8,13,7,3,0,0,4.812706,0
1,2018,8,13,8,0,0,0,6.66515,0
1,2018,8,13,8,1,0,0,25.232156,0
1,2018,8,13,8,2,0,0,29.294094,0
1,2018,8,13,8,3,0,0,20.353757,0
1,2018,8,13,9,0,0,0,15.090787,0
1,2018,8,13,9,1,0,0,24.802974,0
1,2018,8,13,9,2,0,0,35.558481,0
1,2018,8,13,9,3,0,0,31.092488,0
1,2018,8,13,10,0,0,0,16.693891,0
1,2018,8,13,10,1,0,0,15.787656,0
1,2018,8,13,10,2,0,0,17.521152,0
1,2018,8,13,10,3,0,0,20.540595,0
1,2018,8,13,11,0,0,0,26.508907,0
1,2018,8,13,11,1,0,0,18.265856,0
1,2018,8,13,11,2,0,0,19.199445,0
1,2018,8,13,11,3,0,0,14.46814,0
1,2018,8,13,12,0,0,0,35.783105,0
1,2018,8,13,12,1,0,0,44.020847,0
1,2018,8,13,12,2,0,0,37.392008,0
1,2018,8,13,12,3,0,0,20.817486,0
1,2018,8,13,13,0,0,0,43.914388,0
1,2018,8,13,13,1,0,0,54.721724,0
1,2018,8,13,13,2,0,0,69.122875,0
1,2018,8,13,13,3,0,0,50.628731,0
1,2018,8,13,14,0,0,0,42.9338,0
1,2018,8,13,14,1,0,0,43.028592,0
1,2018,8,13,14,2,0,0,25.705863,0
1,2018,8,13,14,3,0,0,35.268862,0
1,2018,8,13,15,0,0,0,29.211354,0
1,2018,8,13,15,1,0,0,25.795749,0
1,2018,8,13,15,2,0,0,49.861964,0
1,2018,8,13,15,3,0,0,42.690373,0
1,2018,8,13,16,0,0,0,35.078993,0
1,2018,8,13,16,1,0,0,29.487642,0
1,2018,8,13,16,2,0,0,36.463187,0
1,2018,8,13,16,3,0,0,41.743666,0
1,2018,8,13,17,0,0,0,45.042813,0
1,2018,8,13,17,1,0,0,43.923644,0
1,2018,8,13,17,2,0,0,24.505811,0
1,2018,8,13,17,3,0,0,27.091314,0
1,2018,8,13,18,0,0,0,23.5271,0
1,2018,8,13,18,1,0,0,26.599596,0
1,2018,8,13,18,2,0,0,31.704767,0
1,2018,8,13,18,3,0,0,47.150069,0
1,2018,8,13,19,0,0,0,29.220704,0
1,2018,8,13,19,1,0,0,14.974536,0
1,2018,8,13,19,2,0,0,27.4338,0
1,2018,8,13,19,3,0,0,29.261196,0
1,2018,8,13,20,0,0,0,29.982759,0
1,2018,8,13,20,1,0,0,20.002554,0
1,2018,8,13,20,2,0,0,10.335095,0
1,2018,8,13,20,3,0,0,20.261374,0
1,2018,8,13,21,0,0,0,7.032365,0
1,2018,8,13,21,1,0,0,9.110328,0
1,2018,8,13,21,2,0,0,30.54692,0
1,2018,8,13,21,3,0,0,21.986008,0
1,2018,8,13,22,0,0,0,25.269287,0
1,2018,8,13,22,1,0,0,10.292412,0
1,2018,8,13,22,2,0,0,18.496719,0
1,2018,8,13,22,3,0,0,21.530837,0
1,2018,8,13,23,0,0,0,31.169075,0
1,2018,8,13,23,1,0,0,25.663479,0
1,2018,8,13,23,2,0,0,16.104974,0
1,2018,8,13,23,3,0,0,21.273194,0
1,2018,8,14,0,0,0,0,20.151816,0
1,2018,8,14,0,1,0,0,12.077705,0
1,2018,8,14,0,2,0,0,4.217596,0
1,2018,8,14,0,3,0,0,4.385739,0
1,2018,8,14,1,0,0,0,4.532864,0
1,2018,8,14,1,1,0,0,8.451397,0
1,2018,8,14,1,2,0,0,14.895935,0
1,2018,8,14,1,3,0,0,9.959734,0
1,2018,8,14,2,0,0,0,9.941233,0
1,2018,8,14,2,1,0,0,8.545376,0
1,2018,8,14,2,2,0,0,4.706769,0
1,2018,8,14,2,3,0,0,4.706769,0
1,2018,8,14,3,0,0,0,4.706769,0
1,2018,8,14,3,1,0,0,4.706769,0
1,2018,8,14,3,2,0,0,4.706769,0
1,2018,8,14,3,3,0,0,4.706769,0
1,2018,8,14,4,0,0,0,5.974384,0
1,2018,8,14,4,1,0,0,12.009999,0
1,2018,8,14,4,2,0,0,11.290354,0
1,2018,8,14,4,3,0,0,12.453985,0
1,2018,8,14,5,0,0,0,15.375303,0
1,2018,8,14,5,1,0,0,14.495919,0
1,2018,8,14,5,2,0,0,19.501025,0
1,2018,8,14,5,3,0,0,10.123532,0
1,2018,8,14,6,0,0,0,12.920407,0
1,2018,8,14,6,1,0,0,8.445407,0
1,2018,8,14,6,2,0,0,4.529782,0
1,2018,8,14,6,3,0,0,14.702316,0
1,2018,8,14,7,0,0,0,17.529806,0
1,2018,8,14,7,1,0,0,7.833567,0
1,2018,8,14,7,2,0,0,7.512721,0
1,2018,8,14,7,3,0,0,17.306964,0
1,2018,8,14,8,0,0,0,14.826769,0
1,2018,8,14,8,1,0,0,14.293375,0
1,2018,8,14,8,2,0,0,5.525912,0
1,2018,8,14,8,3,0,0,6.588842,0
1,2018,8,14,9,0,0,0,14.787953,0
1,2018,8,14,9,1,0,0,14.203407,0
1,2018,8,14,9,2,0,0,21.421672,0
1,2018,8,14,9,3,0,0,31.125318,0
1,2018,8,14,10,0,0,0,24.808086,0
1,2018,8,14,10,1,0,0,26.702898,0
1,2018,8,14,10,2,0,0,14.360809,0
1,2018,8,14,10,3,0,0,21.322576,0
1,2018,8,14,11,0,0,0,27.453724,0
1,2018,8,14,11,1,0,0,26.917122,0
1,2018,8,14,11,2,0,0,17.191371,0
1,2018,8,14,11,3,0,0,30.851144,0
1,2018,8,14,12,0,0,0,35.540855,0
1,2018,8,14,12,1,0,0,37.166846,0
1,2018,8,14,12,2,0,0,43.592882,0
1,2018,8,14,12,3,0,0,54.149997,0
1,2018,8,14,13,0,0,0,37.166556,0
1,2018,8,14,13,1,0,0,35.110006,0
1,2018,8,14,13,2,0,0,27.086547,0
1,2018,8,14,13,3,0,0,30.039233,0
1,2018,8,14,14,0,0,0,39.089072,0
1,2018,8,14,14,1,0,0,42.111036,0
1,2018,8,14,14,2,0,0,42.751538,0
1,2018,8,14,14,3,0,0,27.407909,0
1,2018,8,14,15,0,0,0,31.480588,0
1,2018,8,14,15,1,0,0,42.971032,0
1,2018,8,14,15,2,0,0,46.259112,0
1,2018,8,14,15,3,0,0,83.282777,0
1,2018,8,14,16,0,0,0,70.596172,0
1,2018,8,14,16,1,0,0,49.332669,0
1,2018,8,14,16,2,0,0,61.120118,0
1,2018,8,14,16,3,0,0,49.872934,0
1,2018,8,14,17,0,0,0,35.405169,0
1,2018,8,14,17,1,0,0,57.370159,0
1,2018,8,14,17,2,0,0,55.382758,0
1,2018,8,14,17,3,0,0,34.832766,0
1,2018,8,14,18,0,0,0,50.884894,0
1,2018,8,14,18,1,0,0,44.658015,0
1,2018,8,14,18,2,0,0,52.179956,0
1,2018,8,14,18,3,0,0,37.235313,0
1,2018,8,14,19,0,0,0,33.500955,0
1,2018,8,14,19,1,0,0,40.27054,0
1,2018,8,14,19,2,0,0,47.516483,0
1,2018,8,14,19,3,0,0,51.783044,0
1,2018,8,14,20,0,0,0,47.007047,0
1,2018,8,14,20,1,0,0,51.184767,0
1,2018,8,14,20,2,0,0,52.225436,0
1,2018,8,14,20,3,0,0,51.571473,0
1,2018,8,14,21,0,0,0,44.068599,0
1,2018,8,14,21,1,0,0,52.723569,0
1,2018,8,14,21,2,0,0,50.58677,0
1,2018,8,14,21,3,0,0,36.905091,0
1,2018,8,14,22,0,0,0,25.242071,0
1,2018,8,14,22,1,0,0,27.545574,0
1,2018,8,14,22,2,0,0,27.30805,0
1,2018,8,14,22,3,0,0,33.218498,0
1,2018,8,14,23,0,0,0,33.68984,0
1,2018,8,14,23,1,0,0,24.661574,0
1,2018,8,14,23,2,0,0,31.22224,0
1,2018,8,14,23,3,0,0,34.457777,0
1,2018,8,15,0,0,0,0,34.878849,0
1,2018,8,15,0,1,0,0,26.154962,0
1,2018,8,15,0,2,0,0,24.740005,0
1,2018,8,15,0,3,0,0,28.950005,0
1,2018,8,15,1,0,0,0,33.402642,0
1,2018,8,15,1,1,0,0,35.781225,0
1,2018,8,15,1,2,0,0,53.893114,0
1,2018,8,15,1,3,0,0,41.812549,0
1,2018,8,15,2,0,0,0,28.917238,0
1,2018,8,15,2,1,0,0,30.060359,0
1,2018,8,15,2,2,0,0,31.849073,0
1,2018,8,15,2,3,0,0,24.694216,0
1,2018,8,15,3,0,0,0,24.694216,0
1,2018,8,15,3,1,0,0,24.694216,0
1,2018,8,15,3,2,0,0,24.694216,0
1,2018,8,15,3,3,0,0,24.694216,0
1,2018,8,15,4,0,0,0,24.457889,0
1,2018,8,15,4,1,0,0,26.657601,0
1,2018,8,15,4,2,0,0,32.727486,0
1,2018,8,15,4,3,0,0,36.01375,0
1,2018,8,15,5,0,0,0,36.227186,0
1,2018,8,15,5,1,0,0,43.192448,0
1,2018,8,15,5,2,0,0,43.538421,0
1,2018,8,15,5,3,0,0,31.531369,0
1,2018,8,15,6,0,0,0,26.203156,0
1,2018,8,15,6,1,0,0,34.249543,0
1,2018,8,15,6,2,0,0,34.000828,0
1,2018,8,15,6,3,0,0,43.474079,0
1,2018,8,15,7,0,0,0,40.890962,0
1,2018,8,15,7,1,0,0,28.278481,0
1,2018,8,15,7,2,0,0,30.802118,0
1,2018,8,15,7,3,0,0,28.652987,0
1,2018,8,15,8,0,0,0,32.491239,0
1,2018,8,15,8,1,0,0,31.547653,0
1,2018,8,15,8,2,0,0,37.244312,0
1,2018,8,15,8,3,0,0,36.794929,0
1,2018,8,15,9,0,0,0,18.624946,0
1,2018,8,15,9,1,0,0,24.941955,0
1,2018,8,15,9,2,0,0,29.593317,0
1,2018,8,15,9,3,0,0,26.652907,0
1,2018,8,15,10,0,0,0,37.503916,0
1,2018,8,15,10,1,0,0,24.472137,0
1,2018,8,15,10,2,0,0,28.310143,0
1,2018,8,15,10,3,0,0,38.705033,0
1,2018,8,15,11,0,0,0,39.060286,0
1,2018,8,15,11,1,0,0,35.375012,0
1,2018,8,15,11,2,0,0,20.464809,0
1,2018,8,15,11,3,0,0,19.757675,0
1,2018,8,15,12,0,0,0,29.32626,0
1,2018,8,15,12,1,0,0,26.831117,0
1,2018,8,15,12,2,0,0,44.96855,0
1,2018,8,15,12,3,0,0,52.476302,0
1,2018,8,15,13,0,0,0,50.974297,0
1,2018,8,15,13,1,0,0,57.351022,0
1,2018,8,15,13,2,0,0,30.00001,0
1,2018,8,15,13,3,0,0,44.029317,0
1,2018,8,15,14,0,0,0,44.144345,0
1,2018,8,15,14,1,0,0,48.239245,0
1,2018,8,15,14,2,0,0,19.710467,0
1,2018,8,15,14,3,0,0,23.480418,0
1,2018,8,15,15,0,0,0,21.564787,0
1,2018,8,15,15,1,0,0,40.794283,0
1,2018,8,15,15,2,0,0,37.545247,0
1,2018,8,15,15,3,0,0,35.390806,0
1,2018,8,15,16,0,0,0,28.247307,0
1,2018,8,15,16,1,0,0,53.138186,0
1,2018,8,15,16,2,0,0,61.720847,0
1,2018,8,15,16,3,0,0,41.428543,0
1,2018,8,15,17,0,0,0,21.89846,0
1,2018,8,15,17,1,0,0,18.852563,0
1,2018,8,15,17,2,0,0,29.099267,0
1,2018,8,15,17,3,0,0,38.068874,0
1,2018,8,15,18,0,0,0,31.34059,0
1,2018,8,15,18,1,0,0,35.093375,0
1,2018,8,15,18,2,0,0,30.405699,0
1,2018,8,15,18,3,0,0,33.266657,0
1,2018,8,15,19,0,0,0,27.544208,0
1,2018,8,15,19,1,0,0,14.722754,0
1,2018,8,15,19,2,0,0,9.155953,0
1,2018,8,15,19,3,0,0,17.629388,0
1,2018,8,15,20,0,0,0,23.566436,0
1,2018,8,15,20,1,0,0,17.594267,0
1,2018,8,15,20,2,0,0,28.531956,0
1,2018,8,15,20,3,0,0,37.414105,0
1,2018,8,15,21,0,0,0,39.690612,0
1,2018,8,15,21,1,0,0,33.620155,0
1,2018,8,15,21,2,0,0,14.829551,0
1,2018,8,15,21,3,0,0,4.943439,0
1,2018,8,15,22,0,0,0,4.201227,0
1,2018,8,15,22,1,0,0,3.64835,0
1,2018,8,15,22,2,0,0,3.447304,0
1,2018,8,15,22,3,0,0,3.447304,0
1,2018,8,15,23,0,0,0,5.375304,0
1,2018,8,15,23,1,0,0,10.687455,0
1,2018,8,15,23,2,0,0,21.811848,0
1,2018,8,15,23,3,0,0,34.71368,0
1,2018,8,16,0,0,0,0,31.549392,0
1,2018,8,16,0,1,0,0,21.635499,0
1,2018,8,16,0,2,0,0,13.880399,0
1,2018,8,16,0,3,0,0,10.416561,0
1,2018,8,16,1,0,0,0,13.271263,0
1,2018,8,16,1,1,0,0,13.154112,0
1,2018,8,16,1,2,0,0,4.949063,0
1,2018,8,16,1,3,0,0,11.45397,0
1,2018,8,16,2,0,0,0,20.737337,0
1,2018,8,16,2,1,0,0,23.246562,0
1,2018,8,16,2,2,0,0,13.683709,0
1,2018,8,16,2,3,0,0,6.139429,0
1,2018,8,16,3,0,0,0,4.245601,0
1,2018,8,16,3,1,0,0,4.274324,0
1,2018,8,16,3,2,0,0,4.30715,0
1,2018,8,16,3,3,0,0,4.30715,0
1,2018,8,16,4,0,0,0,4.30715,0
1,2018,8,16,4,1,0,0,4.30715,0
1,2018,8,16,4,2,0,0,4.414389,0
1,2018,8,16,4,3,0,0,4.35655,0
1,2018,8,16,5,0,0,0,4.350504,0
1,2018,8,16,5,1,0,0,4.350504,0
1,2018,8,16,5,2,0,0,4.350504,0
1,2018,8,16,5,3,0,0,4.350504,0
1,2018,8,16,6,0,0,0,9.987215,0
1,2018,8,16,6,1,0,0,8.594175,0
1,2018,8,16,6,2,0,0,8.381457,0
1,2018,8,16,6,3,0,0,4.05824,0
1,2018,8,16,7,0,0,0,3.766829,0
1,2018,8,16,7,1,0,0,7.378923,0
1,2018,8,16,7,2,0,0,11.090723,0
1,2018,8,16,7,3,0,0,22.977356,0
1,2018,8,16,8,0,0,0,27.545711,0
1,2018,8,16,8,1,0,0,27.262582,0
1,2018,8,16,8,2,0,0,23.000689,0
1,2018,8,16,8,3,0,0,23.664715,0
1,2018,8,16,9,0,0,0,16.347176,0
1,2018,8,16,9,1,0,0,15.676998,0
1,2018,8,16,9,2,0,0,13.718428,0
1,2018,8,16,9,3,0,0,33.665628,0
1,2018,8,16,10,0,0,0,23.168161,0
1,2018,8,16,10,1,0,0,22.565811,0
1,2018,8,16,10,2,0,0,17.259543,0
1,2018,8,16,10,3,0,0,21.975228,0
1,2018,8,16,11,0,0,0,16.996233,0
1,2018,8,16,11,1,0,0,23.086603,0
1,2018,8,16,11,2,0,0,27.40339,0
1,2018,8,16,11,3,0,0,32.489311,0
1,2018,8,16,12,0,0,0,34.055566,0
1,2018,8,16,12,1,0,0,28.015058,0
1,2018,8,16,12,2,0,0,36.433144,0
1,2018,8,16,12,3,0,0,21.696711,0
1,2018,8,16,13,0,0,0,32.385034,0
1,2018,8,16,13,1,0,0,32.337519,0
1,2018,8,16,13,2,0,0,30.73963,0
1,2018,8,16,13,3,0,0,51.722022,0
1,2018,8,16,14,0,0,0,53.088119,0
1,2018,8,16,14,1,0,0,50.266969,0
1,2018,8,16,14,2,0,0,35.691806,0
1,2018,8,16,14,3,0,0,29.026385,0
1,2018,8,16,15,0,0,0,25.97112,0
1,2018,8,16,15,1,0,0,24.021951,0
1,2018,8,16,15,2,0,0,37.276156,0
1,2018,8,16,15,3,0,0,40.817775,0
1,2018,8,16,16,0,0,0,22.87981,0
1,2018,8,16,16,1,0,0,15.108689,0
1,2018,8,16,16,2,0,0,25.518386,0
1,2018,8,16,16,3,0,0,20.142537,0
1,2018,8,16,17,0,0,0,22.68429,0
1,2018,8,16,17,1,0,0,37.21508,0
1,2018,8,16,17,2,0,0,21.557841,0
1,2018,8,16,17,3,0,0,6.986113,0
1,2018,8,16,18,0,0,0,23.934948,0
1,2018,8,16,18,1,0,0,23.111325,0
1,2018,8,16,18,2,0,0,10.025928,0
1,2018,8,16,18,3,0,0,6.028552,0
1,2018,8,16,19,0,0,0,16.078783,0
1,2018,8,16,19,1,0,0,18.932934,0
1,2018,8,16,19,2,0,0,23.142801,0
1,2018,8,16,19,3,0,0,25.668208,0
1,2018,8,16,20,0,0,0,34.221515,0
1,2018,8,16,20,1,0,0,33.923333,0
1,2018,8,16,20,2,0,0,21.681316,0
1,2018,8,16,20,3,0,0,18.869389,0
1,2018,8,16,21,0,0,0,10.915167,0
1,2018,8,16,21,1,0,0,33.062257,0
1,2018,8,16,21,2,0,0,27.378813,0
1,2018,8,16,21,3,0,0,22.30737,0
1,2018,8,16,22,0,0,0,11.849489,0
1,2018,8,16,22,1,0,0,5.805201,0
1,2018,8,16,22,2,0,0,11.538334,0
1,2018,8,16,22,3,0,0,13.088842,0
1,2018,8,16,23,0,0,0,15.903998,0
1,2018,8,16,23,1,0,0,17.696374,0
1,2018,8,16,23,2,0,0,8.723047,0
1,2018,8,16,23,3,0,0,3.222453,0
1,2018,8,17,0,0,0,0,3.222453,0
1,2018,8,17,0,1,0,0,15.923599,0
1,2018,8,17,0,2,0,0,18.146972,0
1,2018,8,17,0,3,0,0,12.941034,0
1,2018,8,17,1,0,0,0,9.540522,0
1,2018,8,17,1,1,0,0,10.993005,0
1,2018,8,17,1,2,0,0,12.045898,0
1,2018,8,17,1,3,0,0,7.631353,0
1,2018,8,17,2,0,0,0,3.768625,0
1,2018,8,17,2,1,0,0,3.768625,0
1,2018,8,17,2,2,0,0,3.794012,0
1,2018,8,17,2,3,0,0,9.900075,0
1,2018,8,17,3,0,0,0,12.173103,0
1,2018,8,17,3,1,0,0,14.021769,0
1,2018,8,17,3,2,0,0,10.324436,0
1,2018,8,17,3,3,0,0,7.012525,0
1,2018,8,17,4,0,0,0,14.982915,0
1,2018,8,17,4,1,0,0,10.573359,0
1,2018,8,17,4,2,0,0,5.877359,0
1,2018,8,17,4,3,0,0,9.699013,0
1,2018,8,17,5,0,0,0,6.236222,0
1,2018,8,17,5,1,0,0,15.57693,0
1,2018,8,17,5,2,0,0,13.687399,0
1,2018,8,17,5,3,0,0,3.883961,0
1,2018,8,17,6,0,0,0,3.883961,0
1,2018,8,17,6,1,0,0,6.620675,0
1,2018,8,17,6,2,0,0,12.918981,0
1,2018,8,17,6,3,0,0,9.905375,0
1,2018,8,17,7,0,0,0,6.052267,0
1,2018,8,17,7,1,0,0,16.321136,0
1,2018,8,17,7,2,0,0,15.345623,0
1,2018,8,17,7,3,0,0,13.980742,0
1,2018,8,17,8,0,0,0,23.807499,0
1,2018,8,17,8,1,0,0,20.883532,0
1,2018,8,17,8,2,0,0,15.945732,0
1,2018,8,17,8,3,0,0,16.702724,0
1,2018,8,17,9,0,0,0,26.035979,0
1,2018,8,17,9,1,0,0,22.14017,0
1,2018,8,17,9,2,0,0,27.097766,0
1,2018,8,17,9,3,0,0,49.668717,0
1,2018,8,17,10,0,0,0,58.619291,0
1,2018,8,17,10,1,0,0,51.585385,0
1,2018,8,17,10,2,0,0,29.719911,0
1,2018,8,17,10,3,0,0,32.350794,0
1,2018,8,17,11,0,0,0,19.218765,0
1,2018,8,17,11,1,0,0,19.931412,0
1,2018,8,17,11,2,0,0,11.652664,0
1,2018,8,17,11,3,0,0,13.868582,0
1,2018,8,17,12,0,0,0,22.203515,0
1,2018,8,17,12,1,0,0,31.246778,0
1,2018,8,17,12,2,0,0,44.436531,0
1,2018,8,17,12,3,0,0,29.178267,0
1,2018,8,17,13,0,0,0,23.649486,0
1,2018,8,17,13,1,0,0,23.206689,0
1,2018,8,17,13,2,0,0,22.869796,0
1,2018,8,17,13,3,0,0,36.397847,0
1,2018,8,17,14,0,0,0,56.476625,0
1,2018,8,17,14,1,0,0,65.539662,0
1,2018,8,17,14,2,0,0,61.66447,0
1,2018,8,17,14,3,0,0,38.307761,0
1,2018,8,17,15,0,0,0,47.037848,0
1,2018,8,17,15,1,0,0,51.583043,0
1,2018,8,17,15,2,0,0,47.827651,0
1,2018,8,17,15,3,0,0,55.726409,0
1,2018,8,17,16,0,0,0,62.482175,0
1,2018,8,17,16,1,0,0,58.668063,0
1,2018,8,17,16,2,0,0,32.71884,0
1,2018,8,17,16,3,0,0,19.956536,0
1,2018,8,17,17,0,0,0,26.519621,0
1,2018,8,17,17,1,0,0,47.784372,0
1,2018,8,17,17,2,0,0,41.62796,0
1,2018,8,17,17,3,0,0,25.684357,0
1,2018,8,17,18,0,0,0,31.012172,0
1,2018,8,17,18,1,0,0,33.370573,0
1,2018,8,17,18,2,0,0,22.044359,0
1,2018,8,17,18,3,0,0,15.331944,0
1,2018,8,17,19,0,0,0,26.853833,0
1,2018,8,17,19,1,0,0,17.56885,0
1,2018,8,17,19,2,0,0,34.072004,0
1,2018,8,17,19,3,0,0,37.820514,0
1,2018,8,17,20,0,0,0,38.444486,0
1,2018,8,17,20,1,0,0,30.315075,0
1,2018,8,17,20,2,0,0,27.245245,0
1,2018,8,17,20,3,0,0,43.512055,0
1,2018,8,17,21,0,0,0,50.142959,0
1,2018,8,17,21,1,0,0,50.756882,0
1,2018,8,17,21,2,0,0,32.701733,0
1,2018,8,17,21,3,0,0,24.331949,0
1,2018,8,17,22,0,0,0,32.310889,0
1,2018,8,17,22,1,0,0,31.25439,0
1,2018,8,17,22,2,0,0,23.670202,0
1,2018,8,17,22,3,0,0,35.49614,0
1,2018,8,17,23,0,0,0,31.032722,0
1,2018,8,17,23,1,0,0,37.996653,0
1,2018,8,17,23,2,0,0,37.317502,0
1,2018,8,17,23,3,0,0,9.117237,0
1,2018,8,18,0,0,0,0,15.886045,0
1,2018,8,18,0,1,0,0,6.356057,0
1,2018,8,18,0,2,0,0,10.976057,0
1,2018,8,18,0,3,0,0,15.699784,0
1,2018,8,18,1,0,0,0,22.90423,0
1,2018,8,18,1,1,0,0,17.369437,0
1,2018,8,18,1,2,0,0,26.33272,0
1,2018,8,18,1,3,0,0,31.480412,0
1,2018,8,18,2,0,0,0,41.631079,0
1,2018,8,18,2,1,0,0,36.487827,0
1,2018,8,18,2,2,0,0,32.79725,0
1,2018,8,18,2,3,0,0,17.207508,0
1,2018,8,18,3,0,0,0,9.135423,0
1,2018,8,18,3,1,0,0,4.25585,0
1,2018,8,18,3,2,0,0,5.738598,0
1,2018,8,18,3,3,0,0,16.293778,0
1,2018,8,18,4,0,0,0,22.614254,0
1,2018,8,18,4,1,0,0,19.373049,0
1,2018,8,18,4,2,0,0,9.166045,0
1,2018,8,18,4,3,0,0,7.45013,0
1,2018,8,18,5,0,0,0,7.45013,0
1,2018,8,18,5,1,0,0,7.45013,0
1,2018,8,18,5,2,0,0,7.45013,0
1,2018,8,18,5,3,0,0,7.513668,0
1,2018,8,18,6,0,0,0,10.275443,0
1,2018,8,18,6,1,0,0,14.156008,0
1,2018,8,18,6,2,0,0,13.261838,0
1,2018,8,18,6,3,0,0,8.509305,0
1,2018,8,18,7,0,0,0,8.662537,0
1,2018,8,18,7,1,0,0,13.822286,0
1,2018,8,18,7,2,0,0,10.593135,0
1,2018,8,18,7,3,0,0,10.849052,0
1,2018,8,18,8,0,0,0,10.756385,0
1,2018,8,18,8,1,0,0,10.31703,0
1,2018,8,18,8,2,0,0,16.062207,0
1,2018,8,18,8,3,0,0,14.964376,0
1,2018,8,18,9,0,0,0,12.96635,0
1,2018,8,18,9,1,0,0,19.560973,0
1,2018,8,18,9,2,0,0,19.081937,0
1,2018,8,18,9,3,0,0,10.642481,0
1,2018,8,18,10,0,0,0,15.328061,0
1,2018,8,18,10,1,0,0,13.981864,0
1,2018,8,18,10,2,0,0,10.923343,0
1,2018,8,18,10,3,0,0,24.954954,0
1,2018,8,18,11,0,0,0,31.983268,0
1,2018,8,18,11,1,0,0,31.722809,0
1,2018,8,18,11,2,0,0,29.206242,0
1,2018,8,18,11,3,0,0,25.558543,0
1,2018,8,18,12,0,0,0,14.608709,0
1,2018,8,18,12,1,0,0,31.643153,0
1,2018,8,18,12,2,0,0,32.5742,0
1,2018,8,18,12,3,0,0,19.363755,0
1,2018,8,18,13,0,0,0,23.817241,0
1,2018,8,18,13,1,0,0,30.420884,0
1,2018,8,18,13,2,0,0,32.153059,0
1,2018,8,18,13,3,0,0,51.185704,0
1,2018,8,18,14,0,0,0,58.683785,0
1,2018,8,18,14,1,0,0,66.476118,0
1,2018,8,18,14,2,0,0,50.498181,0
1,2018,8,18,14,3,0,0,31.916904,0
1,2018,8,18,15,0,0,0,52.896213,0
1,2018,8,18,15,1,0,0,55.682426,0
1,2018,8,18,15,2,0,0,59.584121,0
1,2018,8,18,15,3,0,0,52.05065,0
1,2018,8,18,16,0,0,0,52.10001,0
1,2018,8,18,16,1,0,0,39.823062,0
1,2018,8,18,16,2,0,0,33.472771,0
1,2018,8,18,16,3,0,0,20.097267,0
1,2018,8,18,17,0,0,0,23.120295,0
1,2018,8,18,17,1,0,0,25.205799,0
1,2018,8,18,17,2,0,0,31.093225,0
1,2018,8,18,17,3,0,0,28.779366,0
1,2018,8,18,18,0,0,0,22.096075,0
1,2018,8,18,18,1,0,0,26.762519,0
1,2018,8,18,18,2,0,0,38.681834,0
1,2018,8,18,18,3,0,0,35.034329,0
1,2018,8,18,19,0,0,0,22.494074,0
1,2018,8,18,19,1,0,0,33.529586,0
1,2018,8,18,19,2,0,0,41.764107,0
1,2018,8,18,19,3,0,0,34.186048,0
1,2018,8,18,20,0,0,0,34.931325,0
1,2018,8,18,20,1,0,0,37.633259,0
1,2018,8,18,20,2,0,0,43.091872,0
1,2018,8,18,20,3,0,0,34.591782,0
1,2018,8,18,21,0,0,0,27.325172,0
1,2018,8,18,21,1,0,0,39.358653,0
1,2018,8,18,21,2,0,0,56.844171,0
1,2018,8,18,21,3,0,0,60.002876,0
1,2018,8,18,22,0,0,0,20.265634,0
1,2018,8,18,22,1,0,0,23.656441,0
1,2018,8,18,22,2,0,0,35.327367,0
1,2018,8,18,22,3,0,0,33.411914,0
1,2018,8,18,23,0,0,0,37.866818,0
1,2018,8,18,23,1,0,0,40.137736,0
1,2018,8,18,23,2,0,0,22.039917,0
1,2018,8,18,23,3,0,0,46.70477,0
1,2018,8,19,0,0,0,0,52.102264,0
1,2018,8,19,0,1,0,0,32.081236,0
1,2018,8,19,0,2,0,0,33.936044,0
1,2018,8,19,0,3,0,0,41.546489,0
1,2018,8,19,1,0,0,0,37.936544,0
1,2018,8,19,1,1,0,0,54.097982,0
1,2018,8,19,1,2,0,0,61.07775,0
1,2018,8,19,1,3,0,0,47.971185,0
1,2018,8,19,2,0,0,0,77.5962,0
1,2018,8,19,2,1,0,0,63.234782,0
1,2018,8,19,2,2,0,0,28.022659,0
1,2018,8,19,2,3,0,0,21.744244,0
1,2018,8,19,3,0,0,0,33.820901,0
1,2018,8,19,3,1,0,0,23.125773,0
1,2018,8,19,3,2,0,0,14.806549,0
1,2018,8,19,3,3,0,0,12.943897,0
1,2018,8,19,4,0,0,0,14.65486,0
1,2018,8,19,4,1,0,0,14.401381,0
1,2018,8,19,4,2,0,0,8.984272,0
1,2018,8,19,4,3,0,0,3.988376,0
1,2018,8,19,5,0,0,0,11.997458,0
1,2018,8,19,5,1,0,0,17.499155,0
1,2018,8,19,5,2,0,0,10.024913,0
1,2018,8,19,5,3,0,0,13.234291,0
1,2018,8,19,6,0,0,0,28.661532,0
1,2018,8,19,6,1,0,0,13.803577,0
1,2018,8,19,6,2,0,0,13.662614,0
1,2018,8,19,6,3,0,0,14.00726,0
1,2018,8,19,7,0,0,0,17.303107,0
1,2018,8,19,7,1,0,0,18.133743,0
1,2018,8,19,7,2,0,0,12.59108,0
1,2018,8,19,7,3,0,0,6.488312,0
1,2018,8,19,8,0,0,0,13.512898,0
1,2018,8,19,8,1,0,0,24.53466,0
1,2018,8,19,8,2,0,0,16.954861,0
1,2018,8,19,8,3,0,0,20.606236,0
1,2018,8,19,9,0,0,0,21.934586,0
1,2018,8,19,9,1,0,0,17.230254,0
1,2018,8,19,9,2,0,0,7.804693,0
1,2018,8,19,9,3,0,0,8.225539,0
1,2018,8,19,10,0,0,0,18.489269,0
1,2018,8,19,10,1,0,0,19.430958,0
1,2018,8,19,10,2,0,0,24.573442,0
1,2018,8,19,10,3,0,0,25.831727,0
1,2018,8,19,11,0,0,0,36.76421,0
1,2018,8,19,11,1,0,0,31.50317,0
1,2018,8,19,11,2,0,0,26.945568,0
1,2018,8,19,11,3,0,0,23.363473,0
1,2018,8,19,12,0,0,0,37.267236,0
1,2018,8,19,12,1,0,0,34.063866,0
1,2018,8,19,12,2,0,0,21.514912,0
1,2018,8,19,12,3,0,0,32.364841,0
1,2018,8,19,13,0,0,0,37.823674,0
1,2018,8,19,13,1,0,0,28.07104,0
1,2018,8,19,13,2,0,0,42.595494,0
1,2018,8,19,13,3,0,0,63.369239,0
1,2018,8,19,14,0,0,0,48.896888,0
1,2018,8,19,14,1,0,0,43.531361,0
1,2018,8,19,14,2,0,0,42.186858,0
1,2018,8,19,14,3,0,0,52.538169,0
1,2018,8,19,15,0,0,0,50.580767,0
1,2018,8,19,15,1,0,0,54.350268,0
1,2018,8,19,15,2,0,0,49.658026,0
1,2018,8,19,15,3,0,0,51.064724,0
1,2018,8,19,16,0,0,0,52.710649,0
1,2018,8,19,16,1,0,0,52.693814,0
1,2018,8,19,16,2,0,0,26.998797,0
1,2018,8,19,16,3,0,0,18.527493,0
1,2018,8,19,17,0,0,0,15.605635,0
1,2018,8,19,17,1,0,0,39.052712,0
1,2018,8,19,17,2,0,0,48.387797,0
1,2018,8,19,17,3,0,0,44.100686,0
1,2018,8,19,18,0,0,0,29.478219,0
1,2018,8,19,18,1,0,0,32.362521,0
1,2018,8,19,18,2,0,0,49.741094,0
1,2018,8,19,18,3,0,0,40.736924,0
1,2018,8,19,19,0,0,0,27.444059,0
1,2018,8,19,19,1,0,0,22.301178,0
1,2018,8,19,19,2,0,0,18.977393,0
1,2018,8,19,19,3,0,0,31.777931,0
1,2018,8,19,20,0,0,0,19.822632,0
1,2018,8,19,20,1,0,0,9.348607,0
1,2018,8,19,20,2,0,0,12.917598,0
1,2018,8,19,20,3,0,0,26.784575,0
1,2018,8,19,21,0,0,0,15.263832,0
1,2018,8,19,21,1,0,0,13.237996,0
1,2018,8,19,21,2,0,0,13.551523,0
1,2018,8,19,21,3,0,0,17.206043,0
1,2018,8,19,22,0,0,0,14.340645,0
1,2018,8,19,22,1,0,0,38.166145,0
1,2018,8,19,22,2,0,0,38.320852,0
1,2018,8,19,22,3,0,0,33.562585,0
1,2018,8,19,23,0,0,0,43.027865,0
1,2018,8,19,23,1,0,0,28.800643,0
1,2018,8,19,23,2,0,0,11.055301,0
1,2018,8,19,23,3,0,0,3.966061,0
1,2018,8,20,0,0,0,0,5.192811,0
1,2018,8,20,0,1,0,0,13.132722,0
1,2018,8,20,0,2,0,0,12.765103,0
1,2018,8,20,0,3,0,0,15.910936,0
1,2018,8,20,1,0,0,0,6.230269,0
1,2018,8,20,1,1,0,0,7.469371,0
1,2018,8,20,1,2,0,0,13.872857,0
1,2018,8,20,1,3,0,0,16.603304,0
1,2018,8,20,2,0,0,0,16.590096,0
1,2018,8,20,2,1,0,0,15.667796,0
1,2018,8,20,2,2,0,0,23.722624,0
1,2018,8,20,2,3,0,0,25.887291,0
1,2018,8,20,3,0,0,0,27.210154,0
1,2018,8,20,3,1,0,0,11.319586,0
1,2018,8,20,3,2,0,0,4.658271,0
1,2018,8,20,3,3,0,0,4.658271,0
1,2018,8,20,4,0,0,0,4.658271,0
1,2018,8,20,4,1,0,0,4.658271,0
1,2018,8,20,4,2,0,0,4.658271,0
1,2018,8,20,4,3,0,0,4.658271,0
1,2018,8,20,5,0,0,0,9.613444,0
1,2018,8,20,5,1,0,0,11.965099,0
1,2018,8,20,5,2,0,0,9.128271,0
1,2018,8,20,5,3,0,0,7.837605,0
1,2018,8,20,6,0,0,0,10.144966,0
1,2018,8,20,6,1,0,0,8.579698,0
1,2018,8,20,6,2,0,0,25.972965,0
1,2018,8,20,6,3,0,0,21.038389,0
1,2018,8,20,7,0,0,0,15.729191,0
1,2018,8,20,7,1,0,0,13.876742,0
1,2018,8,20,7,2,0,0,14.147616,0
1,2018,8,20,7,3,0,0,17.802376,0
1,2018,8,20,8,0,0,0,13.163172,0
1,2018,8,20,8,1,0,0,12.254907,0
1,2018,8,20,8,2,0,0,23.023822,0
1,2018,8,20,8,3,0,0,18.039846,0
1,2018,8,20,9,0,0,0,22.791478,0
1,2018,8,20,9,1,0,0,36.143251,0
1,2018,8,20,9,2,0,0,27.189649,0
1,2018,8,20,9,3,0,0,22.04477,0
1,2018,8,20,10,0,0,0,34.248184,0
1,2018,8,20,10,1,0,0,32.746971,0
1,2018,8,20,10,2,0,0,41.476359,0
1,2018,8,20,10,3,0,0,30.316765,0
1,2018,8,20,11,0,0,0,28.623339,0
1,2018,8,20,11,1,0,0,38.156467,0
1,2018,8,20,11,2,0,0,40.142076,0
1,2018,8,20,11,3,0,0,41.390617,0
1,2018,8,20,12,0,0,0,63.477667,0
1,2018,8,20,12,1,0,0,50.226095,0
1,2018,8,20,12,2,0,0,45.172162,0
1,2018,8,20,12,3,0,0,41.283961,0
1,2018,8,20,13,0,0,0,30.726656,0
1,2018,8,20,13,1,0,0,22.380158,0
1,2018,8,20,13,2,0,0,37.708678,0
1,2018,8,20,13,3,0,0,37.75554,0
1,2018,8,20,14,0,0,0,64.435343,0
1,2018,8,20,14,1,0,0,48.344629,0
1,2018,8,20,14,2,0,0,41.264631,0
1,2018,8,20,14,3,0,0,42.181252,0
1,2018,8,20,15,0,0,0,37.316181,0
1,2018,8,20,15,1,0,0,20.525994,0
1,2018,8,20,15,2,0,0,23.151629,0
1,2018,8,20,15,3,0,0,37.300994,0
1,2018,8,20,16,0,0,0,47.270392,0
1,2018,8,20,16,1,0,0,51.269321,0
1,2018,8,20,16,2,0,0,44.511255,0
1,2018,8,20,16,3,0,0,31.963345,0
1,2018,8,20,17,0,0,0,26.584825,0
1,2018,8,20,17,1,0,0,22.473065,0
1,2018,8,20,17,2,0,0,24.213003,0
1,2018,8,20,17,3,0,0,7.476886,0
1,2018,8,20,18,0,0,0,11.323216,0
1,2018,8,20,18,1,0,0,14.212189,0
1,2018,8,20,18,2,0,0,14.78006,0
1,2018,8,20,18,3,0,0,16.393377,0
1,2018,8,20,19,0,0,0,14.361844,0
1,2018,8,20,19,1,0,0,22.710207,0
1,2018,8,20,19,2,0,0,24.444677,0
1,2018,8,20,19,3,0,0,19.420509,0
1,2018,8,20,20,0,0,0,25.915958,0
1,2018,8,20,20,1,0,0,26.447854,0
1,2018,8,20,20,2,0,0,37.27565,0
1,2018,8,20,20,3,0,0,34.962888,0
1,2018,8,20,21,0,0,0,17.654006,0
1,2018,8,20,21,1,0,0,13.457129,0
1,2018,8,20,21,2,0,0,14.179646,0
1,2018,8,20,21,3,0,0,14.300383,0
1,2018,8,20,22,0,0,0,16.928468,0
1,2018,8,20,22,1,0,0,18.619321,0
1,2018,8,20,22,2,0,0,33.011971,0
1,2018,8,20,22,3,0,0,25.613715,0
1,2018,8,20,23,0,0,0,13.065853,0
1,2018,8,20,23,1,0,0,13.928353,0
1,2018,8,20,23,2,0,0,23.675158,0
1,2018,8,20,23,3,0,0,26.567433,0
1,2018,8,21,0,0,0,0,21.012012,0
1,2018,8,21,0,1,0,0,14.273833,0
1,2018,8,21,0,2,0,0,9.772402,0
1,2018,8,21,0,3,0,0,9.47308,0
1,2018,8,21,1,0,0,0,6.462118,0
1,2018,8,21,1,1,0,0,2.934771,0
1,2018,8,21,1,2,0,0,3.0678,0
1,2018,8,21,1,3,0,0,3.077302,0
1,2018,8,21,2,0,0,0,3.077302,0
1,2018,8,21,2,1,0,0,3.077302,0
1,2018,8,21,2,2,0,0,3.077302,0
1,2018,8,21,2,3,0,0,9.008857,0
1,2018,8,21,3,0,0,0,10.491746,0
1,2018,8,21,3,1,0,0,3.077302,0
1,2018,8,21,3,2,0,0,3.077302,0
1,2018,8,21,3,3,0,0,13.487302,0
1,2018,8,21,4,0,0,0,5.505473,0
1,2018,8,21,4,1,0,0,10.361814,0
1,2018,8,21,4,2,0,0,10.361814,0
1,2018,8,21,4,3,0,0,14.628329,0
1,2018,8,21,5,0,0,0,5.54508,0
1,2018,8,21,5,1,0,0,6.158756,0
1,2018,8,21,5,2,0,0,8.469847,0
1,2018,8,21,5,3,0,0,3.602719,0
1,2018,8,21,6,0,0,0,16.666922,0
1,2018,8,21,6,1,0,0,14.131735,0
1,2018,8,21,6,2,0,0,6.134939,0
1,2018,8,21,6,3,0,0,6.770457,0
1,2018,8,21,7,0,0,0,6.721208,0
1,2018,8,21,7,1,0,0,7.559944,0
1,2018,8,21,7,2,0,0,12.283186,0
1,2018,8,21,7,3,0,0,25.765588,0
1,2018,8,21,8,0,0,0,18.068055,0
1,2018,8,21,8,1,0,0,14.975699,0
1,2018,8,21,8,2,0,0,21.406252,0
1,2018,8,21,8,3,0,0,9.87063,0
1,2018,8,21,9,0,0,0,16.34792,0
1,2018,8,21,9,1,0,0,13.061384,0
1,2018,8,21,9,2,0,0,18.522059,0
1,2018,8,21,9,3,0,0,11.056637,0
1,2018,8,21,10,0,0,0,23.149254,0
1,2018,8,21,10,1,0,0,25.418027,0
1,2018,8,21,10,2,0,0,13.051232,0
1,2018,8,21,10,3,0,0,10.381897,0
1,2018,8,21,11,0,0,0,15.051662,0
1,2018,8,21,11,1,0,0,51.68439,0
1,2018,8,21,11,2,0,0,57.560933,0
1,2018,8,21,11,3,0,0,39.903916,0
1,2018,8,21,12,0,0,0,20.775167,0
1,2018,8,21,12,1,0,0,19.706345,0
1,2018,8,21,12,2,0,0,23.225984,0
1,2018,8,21,12,3,0,0,22.981028,0
1,2018,8,21,13,0,0,0,26.923247,0
1,2018,8,21,13,1,0,0,41.564157,0
1,2018,8,21,13,2,0,0,29.247827,0
1,2018,8,21,13,3,0,0,14.497367,0
1,2018,8,21,14,0,0,0,24.688347,0
1,2018,8,21,14,1,0,0,25.286936,0
1,2018,8,21,14,2,0,0,25.965361,0
1,2018,8,21,14,3,0,0,35.889524,0
1,2018,8,21,15,0,0,0,49.627409,0
1,2018,8,21,15,1,0,0,37.581752,0
1,2018,8,21,15,2,0,0,24.048329,0
1,2018,8,21,15,3,0,0,33.945067,0
1,2018,8,21,16,0,0,0,37.429297,0
1,2018,8,21,16,1,0,0,32.098901,0
1,2018,8,21,16,2,0,0,18.746771,0
1,2018,8,21,16,3,0,0,27.433383,0
1,2018,8,21,17,0,0,0,37.144588,0
1,2018,8,21,17,1,0,0,49.468091,0
1,2018,8,21,17,2,0,0,30.813021,0
1,2018,8,21,17,3,0,0,23.428068,0
1,2018,8,21,18,0,0,0,27.568379,0
1,2018,8,21,18,1,0,0,34.887238,0
1,2018,8,21,18,2,0,0,28.716489,0
1,2018,8,21,18,3,0,0,28.198082,0
1,2018,8,21,19,0,0,0,26.59442,0
1,2018,8,21,19,1,0,0,18.018557,0
1,2018,8,21,19,2,0,0,11.334271,0
1,2018,8,21,19,3,0,0,20.692771,0
1,2018,8,21,20,0,0,0,27.479711,0
1,2018,8,21,20,1,0,0,29.529885,0
1,2018,8,21,20,2,0,0,41.934545,0
1,2018,8,21,20,3,0,0,38.204993,0
1,2018,8,21,21,0,0,0,22.126988,0
1,2018,8,21,21,1,0,0,33.362283,0
1,2018,8,21,21,2,0,0,31.14262,0
1,2018,8,21,21,3,0,0,23.886691,0
1,2018,8,21,22,0,0,0,16.259599,0
1,2018,8,21,22,1,0,0,16.739658,0
1,2018,8,21,22,2,0,0,11.430584,0
1,2018,8,21,22,3,0,0,28.681549,0
1,2018,8,21,23,0,0,0,21.889334,0
1,2018,8,21,23,1,0,0,14.842736,0
1,2018,8,21,23,2,0,0,13.205347,0
1,2018,8,21,23,3,0,0,18.31898,0
1,2018,8,22,0,0,0,0,18.581379,0
1,2018,8,22,0,1,0,0,8.105432,0
1,2018,8,22,0,2,0,0,10.835017,0
1,2018,8,22,0,3,0,0,33.173178,0
1,2018,8,22,1,0,0,0,29.558585,0
1,2018,8,22,1,1,0,0,20.042842,0
1,2018,8,22,1,2,0,0,23.892298,0
1,2018,8,22,1,3,0,0,10.526429,0
1,2018,8,22,2,0,0,0,14.154646,0
1,2018,8,22,2,1,0,0,15.772043,0
1,2018,8,22,2,2,0,0,5.147344,0
1,2018,8,22,2,3,0,0,5.147344,0
1,2018,8,22,3,0,0,0,5.147344,0
1,2018,8,22,3,1,0,0,5.147344,0
1,2018,8,22,3,2,0,0,5.200992,0
1,2018,8,22,3,3,0,0,6.398984,0
1,2018,8,22,4,0,0,0,11.315138,0
1,2018,8,22,4,1,0,0,5.952061,0
1,2018,8,22,4,2,0,0,5.952061,0
1,2018,8,22,4,3,0,0,11.225598,0
1,2018,8,22,5,0,0,0,26.420117,0
1,2018,8,22,5,1,0,0,20.703218,0
1,2018,8,22,5,2,0,0,25.809769,0
1,2018,8,22,5,3,0,0,26.84686,0
1,2018,8,22,6,0,0,0,16.373249,0
1,2018,8,22,6,1,0,0,16.176161,0
1,2018,8,22,6,2,0,0,6.421442,0
1,2018,8,22,6,3,0,0,10.177491,0
1,2018,8,22,7,0,0,0,16.494448,0
1,2018,8,22,7,1,0,0,20.988672,0
1,2018,8,22,7,2,0,0,23.715768,0
1,2018,8,22,7,3,0,0,17.121639,0
1,2018,8,22,8,0,0,0,16.581567,0
1,2018,8,22,8,1,0,0,10.3152,0
1,2018,8,22,8,2,0,0,18.725056,0
1,2018,8,22,8,3,0,0,36.183504,0
1,2018,8,22,9,0,0,0,50.09536,0
1,2018,8,22,9,1,0,0,37.789163,0
1,2018,8,22,9,2,0,0,53.553194,0
1,2018,8,22,9,3,0,0,42.474666,0
1,2018,8,22,10,0,0,0,22.713186,0
1,2018,8,22,10,1,0,0,22.602421,0
1,2018,8,22,10,2,0,0,22.504611,0
1,2018,8,22,10,3,0,0,28.080159,0
1,2018,8,22,11,0,0,0,44.365552,0
1,2018,8,22,11,1,0,0,38.073676,0
1,2018,8,22,11,2,0,0,33.623196,0
1,2018,8,22,11,3,0,0,44.324507,0
1,2018,8,22,12,0,0,0,24.618828,0
1,2018,8,22,12,1,0,0,21.17242,0
1,2018,8,22,12,2,0,0,40.816572,0
1,2018,8,22,12,3,0,0,35.070435,0
1,2018,8,22,13,0,0,0,27.560914,0
1,2018,8,22,13,1,0,0,34.600757,0
1,2018,8,22,13,2,0,0,40.991297,0
1,2018,8,22,13,3,0,0,26.116189,0
1,2018,8,22,14,0,0,0,33.850041,0
1,2018,8,22,14,1,0,0,34.008031,0
1,2018,8,22,14,2,0,0,39.104183,0
1,2018,8,22,14,3,0,0,50.26684,0
1,2018,8,22,15,0,0,0,33.286948,0
1,2018,8,22,15,1,0,0,32.393826,0
1,2018,8,22,15,2,0,0,38.543376,0
1,2018,8,22,15,3,0,0,28.08308,0
1,2018,8,22,16,0,0,0,44.929589,0
1,2018,8,22,16,1,0,0,51.603273,0
1,2018,8,22,16,2,0,0,27.600325,0
1,2018,8,22,16,3,0,0,16.850079,0
1,2018,8,22,17,0,0,0,32.839519,0
1,2018,8,22,17,1,0,0,25.367604,0
1,2018,8,22,17,2,0,0,29.856587,0
1,2018,8,22,17,3,0,0,30.828945,0
1,2018,8,22,18,0,0,0,34.006497,0
1,2018,8,22,18,1,0,0,27.24706,0
1,2018,8,22,18,2,0,0,22.414131,0
1,2018,8,22,18,3,0,0,16.803877,0
1,2018,8,22,19,0,0,0,18.874403,0
1,2018,8,22,19,1,0,0,15.564289,0
1,2018,8,22,19,2,0,0,34.596333,0
1,2018,8,22,19,3,0,0,31.124707,0
1,2018,8,22,20,0,0,0,47.657821,0
1,2018,8,22,20,1,0,0,25.112859,0
1,2018,8,22,20,2,0,0,34.025775,0
1,2018,8,22,20,3,0,0,16.052987,0
1,2018,8,22,21,0,0,0,15.27512,0
1,2018,8,22,21,1,0,0,21.349912,0
1,2018,8,22,21,2,0,0,15.177026,0
1,2018,8,22,21,3,0,0,11.677248,0
1,2018,8,22,22,0,0,0,18.532324,0
1,2018,8,22,22,1,0,0,13.208067,0
1,2018,8,22,22,2,0,0,7.417975,0
1,2018,8,22,22,3,0,0,4.233823,0
1,2018,8,22,23,0,0,0,11.144433,0
1,2018,8,22,23,1,0,0,33.895156,0
1,2018,8,22,23,2,0,0,31.967204,0
1,2018,8,22,23,3,0,0,18.748954,0
1,2018,8,23,0,0,0,0,18.547818,0
1,2018,8,23,0,1,0,0,10.576631,0
1,2018,8,23,0,2,0,0,6.557564,0
1,2018,8,23,0,3,0,0,4.233823,0
1,2018,8,23,1,0,0,0,4.233823,0
1,2018,8,23,1,1,0,0,4.233823,0
1,2018,8,23,1,2,0,0,4.233823,0
1,2018,8,23,1,3,0,0,8.411176,0
1,2018,8,23,2,0,0,0,13.185293,0
1,2018,8,23,2,1,0,0,11.394999,0
1,2018,8,23,2,2,0,0,4.233823,0
1,2018,8,23,2,3,0,0,4.539904,0
1,2018,8,23,3,0,0,0,4.616425,0
1,2018,8,23,3,1,0,0,4.616425,0
1,2018,8,23,3,2,0,0,4.616425,0
1,2018,8,23,3,3,0,0,6.663002,0
1,2018,8,23,4,0,0,0,14.849309,0
1,2018,8,23,4,1,0,0,10.073963,0
1,2018,8,23,4,2,0,0,13.507334,0
1,2018,8,23,4,3,0,0,11.16071,0
1,2018,8,23,5,0,0,0,12.796782,0
1,2018,8,23,5,1,0,0,9.677487,0
1,2018,8,23,5,2,0,0,10.396719,0
1,2018,8,23,5,3,0,0,4.616425,0
1,2018,8,23,6,0,0,0,4.616425,0
1,2018,8,23,6,1,0,0,4.616425,0
1,2018,8,23,6,2,0,0,4.616425,0
1,2018,8,23,6,3,0,0,4.444164,0
1,2018,8,23,7,0,0,0,5.795417,0
1,2018,8,23,7,1,0,0,14.726575,0
1,2018,8,23,7,2,0,0,10.450977,0
1,2018,8,23,7,3,0,0,19.970902,0
1,2018,8,23,8,0,0,0,35.934193,0
1,2018,8,23,8,1,0,0,28.272562,0
1,2018,8,23,8,2,0,0,21.463324,0
1,2018,8,23,8,3,0,0,19.255798,0
1,2018,8,23,9,0,0,0,12.421001,0
1,2018,8,23,9,1,0,0,24.913859,0
1,2018,8,23,9,2,0,0,34.555762,0
1,2018,8,23,9,3,0,0,25.628401,0
1,2018,8,23,10,0,0,0,21.790353,0
1,2018,8,23,10,1,0,0,26.794907,0
1,2018,8,23,10,2,0,0,44.429129,0
1,2018,8,23,10,3,0,0,60.901913,0
1,2018,8,23,11,0,0,0,53.613311,0
1,2018,8,23,11,1,0,0,32.17225,0
1,2018,8,23,11,2,0,0,25.917219,0
1,2018,8,23,11,3,0,0,37.290388,0
1,2018,8,23,12,0,0,0,37.827877,0
1,2018,8,23,12,1,0,0,17.644816,0
1,2018,8,23,12,2,0,0,23.874724,0
1,2018,8,23,12,3,0,0,26.897478,0
1,2018,8,23,13,0,0,0,27.77023,0
1,2018,8,23,13,1,0,0,27.405001,0
1,2018,8,23,13,2,0,0,36.470693,0
1,2018,8,23,13,3,0,0,43.655347,0
1,2018,8,23,14,0,0,0,32.069745,0
1,2018,8,23,14,1,0,0,29.301198,0
1,2018,8,23,14,2,0,0,25.330425,0
1,2018,8,23,14,3,0,0,31.207779,0
1,2018,8,23,15,0,0,0,30.968216,0
1,2018,8,23,15,1,0,0,38.107441,0
1,2018,8,23,15,2,0,0,40.713571,0
1,2018,8,23,15,3,0,0,30.421194,0
1,2018,8,23,16,0,0,0,42.232488,0
1,2018,8,23,16,1,0,0,50.62337,0
1,2018,8,23,16,2,0,0,40.283804,0
1,2018,8,23,16,3,0,0,34.168062,0
1,2018,8,23,17,0,0,0,26.953795,0
1,2018,8,23,17,1,0,0,25.098225,0
1,2018,8,23,17,2,0,0,33.715013,0
1,2018,8,23,17,3,0,0,30.592612,0
1,2018,8,23,18,0,0,0,27.934644,0
1,2018,8,23,18,1,0,0,54.871769,0
1,2018,8,23,18,2,0,0,23.907126,0
1,2018,8,23,18,3,0,0,11.471891,0
1,2018,8,23,19,0,0,0,6.761704,0
1,2018,8,23,19,1,0,0,19.425196,0
1,2018,8,23,19,2,0,0,22.725675,0
1,2018,8,23,19,3,0,0,30.128652,0
1,2018,8,23,20,0,0,0,28.835397,0
1,2018,8,23,20,1,0,0,13.19885,0
1,2018,8,23,20,2,0,0,27.532037,0
1,2018,8,23,20,3,0,0,19.115235,0
1,2018,8,23,21,0,0,0,27.486908,0
1,2018,8,23,21,1,0,0,19.676774,0
1,2018,8,23,21,2,0,0,12.781425,0
1,2018,8,23,21,3,0,0,10.605631,0
1,2018,8,23,22,0,0,0,15.038884,0
1,2018,8,23,22,1,0,0,17.139917,0
1,2018,8,23,22,2,0,0,13.526979,0
1,2018,8,23,22,3,0,0,19.07795,0
1,2018,8,23,23,0,0,0,23.641189,0
1,2018,8,23,23,1,0,0,24.724481,0
1,2018,8,23,23,2,0,0,14.620843,0
1,2018,8,23,23,3,0,0,2.864957,0
1,2018,8,24,0,0,0,0,2.864957,0
1,2018,8,24,0,1,0,0,2.864957,0
1,2018,8,24,0,2,0,0,4.001321,0
1,2018,8,24,0,3,0,0,7.978593,0
1,2018,8,24,1,0,0,0,5.891624,0
1,2018,8,24,1,1,0,0,15.183932,0
1,2018,8,24,1,2,0,0,19.953388,0
1,2018,8,24,1,3,0,0,16.149647,0
1,2018,8,24,2,0,0,0,13.031343,0
1,2018,8,24,2,1,0,0,13.227209,0
1,2018,8,24,2,2,0,0,11.613453,0
1,2018,8,24,2,3,0,0,20.462308,0
1,2018,8,24,3,0,0,0,25.081313,0
1,2018,8,24,3,1,0,0,23.050602,0
1,2018,8,24,3,2,0,0,14.785962,0
1,2018,8,24,3,3,0,0,13.63441,0
1,2018,8,24,4,0,0,0,11.263452,0
1,2018,8,24,4,1,0,0,11.477006,0
1,2018,8,24,4,2,0,0,6.311692,0
1,2018,8,24,4,3,0,0,4.219843,0
1,2018,8,24,5,0,0,0,4.219843,0
1,2018,8,24,5,1,0,0,8.461176,0
1,2018,8,24,5,2,0,0,10.699096,0
1,2018,8,24,5,3,0,0,9.248981,0
1,2018,8,24,6,0,0,0,4.555119,0
1,2018,8,24,6,1,0,0,4.219843,0
1,2018,8,24,6,2,0,0,4.219843,0
1,2018,8,24,6,3,0,0,4.122872,0
1,2018,8,24,7,0,0,0,5.698935,0
1,2018,8,24,7,1,0,0,14.479578,0
1,2018,8,24,7,2,0,0,15.816989,0
1,2018,8,24,7,3,0,0,24.772087,0
1,2018,8,24,8,0,0,0,20.48194,0
1,2018,8,24,8,1,0,0,7.334713,0
1,2018,8,24,8,2,0,0,9.389995,0
1,2018,8,24,8,3,0,0,10.26221,0
1,2018,8,24,9,0,0,0,15.71723,0
1,2018,8,24,9,1,0,0,29.56835,0
1,2018,8,24,9,2,0,0,29.645809,0
1,2018,8,24,9,3,0,0,31.488587,0
1,2018,8,24,10,0,0,0,25.095424,0
1,2018,8,24,10,1,0,0,18.838689,0
1,2018,8,24,10,2,0,0,31.756246,0
1,2018,8,24,10,3,0,0,33.022296,0
1,2018,8,24,11,0,0,0,33.844285,0
1,2018,8,24,11,1,0,0,33.285119,0
1,2018,8,24,11,2,0,0,34.285304,0
1,2018,8,24,11,3,0,0,44.623385,0
1,2018,8,24,12,0,0,0,41.348678,0
1,2018,8,24,12,1,0,0,48.272767,0
1,2018,8,24,12,2,0,0,50.651733,0
1,2018,8,24,12,3,0,0,62.854973,0
1,2018,8,24,13,0,0,0,42.868573,0
1,2018,8,24,13,1,0,0,35.570912,0
1,2018,8,24,13,2,0,0,39.452801,0
1,2018,8,24,13,3,0,0,26.458753,0
1,2018,8,24,14,0,0,0,22.746355,0
1,2018,8,24,14,1,0,0,34.739288,0
1,2018,8,24,14,2,0,0,46.378463,0
1,2018,8,24,14,3,0,0,49.018904,0
1,2018,8,24,15,0,0,0,63.746002,0
1,2018,8,24,15,1,0,0,60.996034,0
1,2018,8,24,15,2,0,0,42.557805,0
1,2018,8,24,15,3,0,0,47.487783,0
1,2018,8,24,16,0,0,0,58.117322,0
1,2018,8,24,16,1,0,0,51.23472,0
1,2018,8,24,16,2,0,0,51.590526,0
1,2018,8,24,16,3,0,0,31.191637,0
1,2018,8,24,17,0,0,0,55.265624,0
1,2018,8,24,17,1,0,0,66.655819,0
1,2018,8,24,17,2,0,0,48.350279,0
1,2018,8,24,17,3,0,0,42.060052,0
1,2018,8,24,18,0,0,0,31.915855,0
1,2018,8,24,18,1,0,0,49.970082,0
1,2018,8,24,18,2,0,0,49.726191,0
1,2018,8,24,18,3,0,0,47.680478,0
1,2018,8,24,19,0,0,0,32.737276,0
1,2018,8,24,19,1,0,0,24.707208,0
1,2018,8,24,19,2,0,0,28.164733,0
1,2018,8,24,19,3,0,0,32.159209,0
1,2018,8,24,20,0,0,0,26.978925,0
1,2018,8,24,20,1,0,0,20.065682,0
1,2018,8,24,20,2,0,0,13.662096,0
1,2018,8,24,20,3,0,0,38.859376,0
1,2018,8,24,21,0,0,0,37.909845,0
1,2018,8,24,21,1,0,0,30.578998,0
1,2018,8,24,21,2,0,0,27.995011,0
1,2018,8,24,21,3,0,0,26.387416,0
1,2018,8,24,22,0,0,0,41.498839,0
1,2018,8,24,22,1,0,0,30.430902,0
1,2018,8,24,22,2,0,0,20.952635,0
1,2018,8,24,22,3,0,0,29.66662,0
1,2018,8,24,23,0,0,0,35.47006,0
1,2018,8,24,23,1,0,0,41.250737,0
1,2018,8,24,23,2,0,0,28.74445,0
1,2018,8,24,23,3,0,0,27.100156,0
1,2018,8,25,0,0,0,0,23.265357,0
1,2018,8,25,0,1,0,0,14.127879,0
1,2018,8,25,0,2,0,0,17.904589,0
1,2018,8,25,0,3,0,0,7.574809,0
1,2018,8,25,1,0,0,0,4.366988,0
1,2018,8,25,1,1,0,0,11.825343,0
1,2018,8,25,1,2,0,0,14.467025,0
1,2018,8,25,1,3,0,0,42.078518,0
1,2018,8,25,2,0,0,0,21.570642,0
1,2018,8,25,2,1,0,0,25.874469,0
1,2018,8,25,2,2,0,0,33.864428,0
1,2018,8,25,2,3,0,0,13.545921,0
1,2018,8,25,3,0,0,0,10.848276,0
1,2018,8,25,3,1,0,0,15.355216,0
1,2018,8,25,3,2,0,0,24.586704,0
1,2018,8,25,3,3,0,0,29.546595,0
1,2018,8,25,4,0,0,0,13.101955,0
1,2018,8,25,4,1,0,0,14.59401,0
1,2018,8,25,4,2,0,0,16.480147,0
1,2018,8,25,4,3,0,0,36.839472,0
1,2018,8,25,5,0,0,0,25.938157,0
1,2018,8,25,5,1,0,0,5.945321,0
1,2018,8,25,5,2,0,0,13.097374,0
1,2018,8,25,5,3,0,0,6.252789,0
1,2018,8,25,6,0,0,0,5.613674,0
1,2018,8,25,6,1,0,0,5.613674,0
1,2018,8,25,6,2,0,0,5.613674,0
1,2018,8,25,6,3,0,0,6.177597,0
1,2018,8,25,7,0,0,0,12.909973,0
1,2018,8,25,7,1,0,0,7.927705,0
1,2018,8,25,7,2,0,0,10.708505,0
1,2018,8,25,7,3,0,0,13.003854,0
1,2018,8,25,8,0,0,0,11.769265,0
1,2018,8,25,8,1,0,0,15.418133,0
1,2018,8,25,8,2,0,0,11.110715,0
1,2018,8,25,8,3,0,0,9.759121,0
1,2018,8,25,9,0,0,0,11.292624,0
1,2018,8,25,9,1,0,0,15.177335,0
1,2018,8,25,9,2,0,0,20.972763,0
1,2018,8,25,9,3,0,0,19.735818,0
1,2018,8,25,10,0,0,0,23.830425,0
1,2018,8,25,10,1,0,0,30.876584,0
1,2018,8,25,10,2,0,0,16.111422,0
1,2018,8,25,10,3,0,0,31.086322,0
1,2018,8,25,11,0,0,0,24.874471,0
1,2018,8,25,11,1,0,0,16.014634,0
1,2018,8,25,11,2,0,0,17.966267,0
1,2018,8,25,11,3,0,0,25.726023,0
1,2018,8,25,12,0,0,0,21.621656,0
1,2018,8,25,12,1,0,0,26.814855,0
1,2018,8,25,12,2,0,0,33.686682,0
1,2018,8,25,12,3,0,0,53.277605,0
1,2018,8,25,13,0,0,0,68.558723,0
1,2018,8,25,13,1,0,0,56.110606,0
1,2018,8,25,13,2,0,0,54.535628,0
1,2018,8,25,13,3,0,0,53.694391,0
1,2018,8,25,14,0,0,0,58.996536,0
1,2018,8,25,14,1,0,0,74.291939,0
1,2018,8,25,14,2,0,0,55.224466,0
1,2018,8,25,14,3,0,0,44.317729,0
1,2018,8,25,15,0,0,0,57.16806,0
1,2018,8,25,15,1,0,0,53.127019,0
1,2018,8,25,15,2,0,0,48.918278,0
1,2018,8,25,15,3,0,0,30.900626,0
1,2018,8,25,16,0,0,0,21.116682,0
1,2018,8,25,16,1,0,0,11.712796,0
1,2018,8,25,16,2,0,0,10.981952,0
1,2018,8,25,16,3,0,0,24.846623,0
1,2018,8,25,17,0,0,0,37.624651,0
1,2018,8,25,17,1,0,0,47.303924,0
1,2018,8,25,17,2,0,0,31.819894,0
1,2018,8,25,17,3,0,0,13.271894,0
1,2018,8,25,18,0,0,0,16.058133,0
1,2018,8,25,18,1,0,0,6.539051,0
1,2018,8,25,18,2,0,0,4.641404,0
1,2018,8,25,18,3,0,0,8.24821,0
1,2018,8,25,19,0,0,0,40.95436,0
1,2018,8,25,19,1,0,0,44.492818,0
1,2018,8,25,19,2,0,0,25.961204,0
1,2018,8,25,19,3,0,0,14.977852,0
1,2018,8,25,20,0,0,0,15.830281,0
1,2018,8,25,20,1,0,0,19.87912,0
1,2018,8,25,20,2,0,0,21.047376,0
1,2018,8,25,20,3,0,0,33.138511,0
1,2018,8,25,21,0,0,0,30.390901,0
1,2018,8,25,21,1,0,0,35.048159,0
1,2018,8,25,21,2,0,0,25.78825,0
1,2018,8,25,21,3,0,0,28.847984,0
1,2018,8,25,22,0,0,0,45.530078,0
1,2018,8,25,22,1,0,0,64.801735,0
1,2018,8,25,22,2,0,0,59.783295,0
1,2018,8,25,22,3,0,0,46.119872,0
1,2018,8,25,23,0,0,0,23.73973,0
1,2018,8,25,23,1,0,0,29.081231,0
1,2018,8,25,23,2,0,0,43.079548,0
1,2018,8,25,23,3,0,0,43.333536,0
1,2018,8,26,0,0,0,0,2.890356,0
1,2018,8,26,0,1,0,0,21.795784,0
1,2018,8,26,0,2,0,0,33.152721,0
1,2018,8,26,0,3,0,0,29.466697,0
1,2018,8,26,1,0,0,0,31.156104,0
1,2018,8,26,1,1,0,0,41.550398,0
1,2018,8,26,1,2,0,0,45.042464,0
1,2018,8,26,1,3,0,0,40.434147,0
1,2018,8,26,2,0,0,0,37.307034,0
1,2018,8,26,2,1,0,0,63.339647,0
1,2018,8,26,2,2,0,0,63.749719,0
1,2018,8,26,2,3,0,0,49.404177,0
1,2018,8,26,3,0,0,0,19.417101,0
1,2018,8,26,3,1,0,0,29.939113,0
1,2018,8,26,3,2,0,0,27.358064,0
1,2018,8,26,3,3,0,0,24.743834,0
1,2018,8,26,4,0,0,0,27.054434,0
1,2018,8,26,4,1,0,0,16.515794,0
1,2018,8,26,4,2,0,0,8.243319,0
1,2018,8,26,4,3,0,0,21.26028,0
1,2018,8,26,5,0,0,0,22.009266,0
1,2018,8,26,5,1,0,0,7.097834,0
1,2018,8,26,5,2,0,0,7.120143,0
1,2018,8,26,5,3,0,0,14.077286,0
1,2018,8,26,6,0,0,0,10.505952,0
1,2018,8,26,6,1,0,0,7.566822,0
1,2018,8,26,6,2,0,0,16.441926,0
1,2018,8,26,6,3,0,0,16.549402,0
1,2018,8,26,7,0,0,0,5.085932,0
1,2018,8,26,7,1,0,0,5.038474,0
1,2018,8,26,7,2,0,0,11.813354,0
1,2018,8,26,7,3,0,0,7.412828,0
1,2018,8,26,8,0,0,0,4.968091,0
1,2018,8,26,8,1,0,0,8.932618,0
1,2018,8,26,8,2,0,0,17.792499,0
1,2018,8,26,8,3,0,0,7.272639,0
1,2018,8,26,9,0,0,0,7.677224,0
1,2018,8,26,9,1,0,0,17.879757,0
1,2018,8,26,9,2,0,0,19.719548,0
1,2018,8,26,9,3,0,0,26.326531,0
1,2018,8,26,10,0,0,0,15.587034,0
1,2018,8,26,10,1,0,0,15.125386,0
1,2018,8,26,10,2,0,0,36.865201,0
1,2018,8,26,10,3,0,0,34.908862,0
1,2018,8,26,11,0,0,0,38.356928,0
1,2018,8,26,11,1,0,0,34.089874,0
1,2018,8,26,11,2,0,0,28.349708,0
1,2018,8,26,11,3,0,0,34.830063,0
1,2018,8,26,12,0,0,0,25.569087,0
1,2018,8,26,12,1,0,0,20.43417,0
1,2018,8,26,12,2,0,0,33.50798,0
1,2018,8,26,12,3,0,0,33.738215,0
1,2018,8,26,13,0,0,0,35.513305,0
1,2018,8,26,13,1,0,0,22.193092,0
1,2018,8,26,13,2,0,0,19.821605,0
1,2018,8,26,13,3,0,0,37.1665,0
1,2018,8,26,14,0,0,0,57.530308,0
1,2018,8,26,14,1,0,0,43.947612,0
1,2018,8,26,14,2,0,0,14.526648,0
1,2018,8,26,14,3,0,0,26.000986,0
1,2018,8,26,15,0,0,0,45.402249,0
1,2018,8,26,15,1,0,0,49.139426,0
1,2018,8,26,15,2,0,0,32.129346,0
1,2018,8,26,15,3,0,0,15.344437,0
1,2018,8,26,16,0,0,0,33.201205,0
1,2018,8,26,16,1,0,0,50.736297,0
1,2018,8,26,16,2,0,0,50.28021,0
1,2018,8,26,16,3,0,0,30.97414,0
1,2018,8,26,17,0,0,0,25.752025,0
1,2018,8,26,17,1,0,0,26.903052,0
1,2018,8,26,17,2,0,0,50.245964,0
1,2018,8,26,17,3,0,0,28.099767,0
1,2018,8,26,18,0,0,0,11.19572,0
1,2018,8,26,18,1,0,0,25.477553,0
1,2018,8,26,18,2,0,0,32.266668,0
1,2018,8,26,18,3,0,0,33.325432,0
1,2018,8,26,19,0,0,0,42.144932,0
1,2018,8,26,19,1,0,0,24.866786,0
1,2018,8,26,19,2,0,0,33.876076,0
1,2018,8,26,19,3,0,0,44.832803,0
1,2018,8,26,20,0,0,0,42.289834,0
1,2018,8,26,20,1,0,0,37.154498,0
1,2018,8,26,20,2,0,0,46.9822,0
1,2018,8,26,20,3,0,0,25.846542,0
1,2018,8,26,21,0,0,0,5.619455,0
1,2018,8,26,21,1,0,0,19.357123,0
1,2018,8,26,21,2,0,0,13.419579,0
1,2018,8,26,21,3,0,0,14.388725,0
1,2018,8,26,22,0,0,0,26.727103,0
1,2018,8,26,22,1,0,0,17.154247,0
1,2018,8,26,22,2,0,0,8.612984,0
1,2018,8,26,22,3,0,0,12.067418,0
1,2018,8,26,23,0,0,0,7.574938,0
1,2018,8,26,23,1,0,0,6.575131,0
1,2018,8,26,23,2,0,0,17.313115,0
1,2018,8,26,23,3,0,0,12.460809,0
1,2018,8,27,0,0,0,0,3.644018,0
1,2018,8,27,0,1,0,0,3.644018,0
1,2018,8,27,0,2,0,0,10.566685,0
1,2018,8,27,0,3,0,0,13.084018,0
1,2018,8,27,1,0,0,0,8.737338,0
1,2018,8,27,1,1,0,0,18.62328,0
1,2018,8,27,1,2,0,0,23.954335,0
1,2018,8,27,1,3,0,0,26.080363,0
1,2018,8,27,2,0,0,0,18.329445,0
1,2018,8,27,2,1,0,0,6.104679,0
1,2018,8,27,2,2,0,0,10.679215,0
1,2018,8,27,2,3,0,0,3.534543,0
1,2018,8,27,3,0,0,0,3.226106,0
1,2018,8,27,3,1,0,0,11.655551,0
1,2018,8,27,3,2,0,0,10.591064,0
1,2018,8,27,3,3,0,0,4.261777,0
1,2018,8,27,4,0,0,0,8.897177,0
1,2018,8,27,4,1,0,0,9.112155,0
1,2018,8,27,4,2,0,0,5.079999,0
1,2018,8,27,4,3,0,0,5.444777,0
1,2018,8,27,5,0,0,0,5.782777,0
1,2018,8,27,5,1,0,0,12.604527,0
1,2018,8,27,5,2,0,0,6.187027,0
1,2018,8,27,5,3,0,0,4.261777,0
1,2018,8,27,6,0,0,0,5.224913,0
1,2018,8,27,6,1,0,0,9.077459,0
1,2018,8,27,6,2,0,0,5.545959,0
1,2018,8,27,6,3,0,0,4.237626,0
1,2018,8,27,7,0,0,0,3.821348,0
1,2018,8,27,7,1,0,0,5.315542,0
1,2018,8,27,7,2,0,0,5.854677,0
1,2018,8,27,7,3,0,0,4.652373,0
1,2018,8,27,8,0,0,0,15.655025,0
1,2018,8,27,8,1,0,0,14.819629,0
1,2018,8,27,8,2,0,0,9.242333,0
1,2018,8,27,8,3,0,0,18.541115,0
1,2018,8,27,9,0,0,0,25.689749,0
1,2018,8,27,9,1,0,0,35.523054,0
1,2018,8,27,9,2,0,0,35.806446,0
1,2018,8,27,9,3,0,0,39.862796,0
1,2018,8,27,10,0,0,0,43.213787,0
1,2018,8,27,10,1,0,0,26.08352,0
1,2018,8,27,10,2,0,0,38.279697,0
1,2018,8,27,10,3,0,0,31.959426,0
1,2018,8,27,11,0,0,0,41.574571,0
1,2018,8,27,11,1,0,0,55.643444,0
1,2018,8,27,11,2,0,0,45.900559,0
1,2018,8,27,11,3,0,0,51.184516,0
1,2018,8,27,12,0,0,0,48.535284,0
1,2018,8,27,12,1,0,0,44.666785,0
1,2018,8,27,12,2,0,0,36.870401,0
1,2018,8,27,12,3,0,0,43.645572,0
1,2018,8,27,13,0,0,0,26.272755,0
1,2018,8,27,13,1,0,0,40.975822,0
1,2018,8,27,13,2,0,0,56.553919,0
1,2018,8,27,13,3,0,0,47.618758,0
1,2018,8,27,14,0,0,0,45.050455,0
1,2018,8,27,14,1,0,0,30.1956,0
1,2018,8,27,14,2,0,0,33.027521,0
1,2018,8,27,14,3,0,0,31.009479,0
1,2018,8,27,15,0,0,0,24.04859,0
1,2018,8,27,15,1,0,0,36.083416,0
1,2018,8,27,15,2,0,0,34.257308,0
1,2018,8,27,15,3,0,0,43.381649,0
1,2018,8,27,16,0,0,0,32.798495,0
1,2018,8,27,16,1,0,0,27.387125,0
1,2018,8,27,16,2,0,0,41.933132,0
1,2018,8,27,16,3,0,0,43.164603,0
1,2018,8,27,17,0,0,0,34.604996,0
1,2018,8,27,17,1,0,0,26.936845,0
1,2018,8,27,17,2,0,0,30.215887,0
1,2018,8,27,17,3,0,0,29.532872,0
1,2018,8,27,18,0,0,0,18.340341,0
1,2018,8,27,18,1,0,0,8.640845,0
1,2018,8,27,18,2,0,0,20.918018,0
1,2018,8,27,18,3,0,0,31.89668,0
1,2018,8,27,19,0,0,0,26.506673,0
1,2018,8,27,19,1,0,0,18.508688,0
1,2018,8,27,19,2,0,0,13.204233,0
1,2018,8,27,19,3,0,0,30.565361,0
1,2018,8,27,20,0,0,0,32.206098,0
1,2018,8,27,20,1,0,0,27.743009,0
1,2018,8,27,20,2,0,0,18.460278,0
1,2018,8,27,20,3,0,0,22.150741,0
1,2018,8,27,21,0,0,0,29.741115,0
1,2018,8,27,21,1,0,0,26.587604,0
1,2018,8,27,21,2,0,0,12.545077,0
1,2018,8,27,21,3,0,0,6.062091,0
1,2018,8,27,22,0,0,0,11.40608,0
1,2018,8,27,22,1,0,0,15.329361,0
1,2018,8,27,22,2,0,0,5.800688,0
1,2018,8,27,22,3,0,0,6.139381,0
1,2018,8,27,23,0,0,0,6.701381,0
1,2018,8,27,23,1,0,0,6.151247,0
1,2018,8,27,23,2,0,0,9.426781,0
1,2018,8,27,23,3,0,0,4.779381,0
1,2018,8,28,0,0,0,0,5.280381,0
1,2018,8,28,0,1,0,0,7.284381,0
1,2018,8,28,0,2,0,0,6.095445,0
1,2018,8,28,0,3,0,0,4.979923,0
1,2018,8,28,1,0,0,0,4.979923,0
1,2018,8,28,1,1,0,0,8.486062,0
1,2018,8,28,1,2,0,0,21.640018,0
1,2018,8,28,1,3,0,0,14.525732,0
1,2018,8,28,2,0,0,0,8.400787,0
1,2018,8,28,2,1,0,0,6.75604,0
1,2018,8,28,2,2,0,0,11.099056,0
1,2018,8,28,2,3,0,0,11.099056,0
1,2018,8,28,3,0,0,0,11.099056,0
1,2018,8,28,3,1,0,0,9.914597,0
1,2018,8,28,3,2,0,0,12.211618,0
1,2018,8,28,3,3,0,0,13.293904,0
1,2018,8,28,4,0,0,0,5.176761,0
1,2018,8,28,4,1,0,0,5.176761,0
1,2018,8,28,4,2,0,0,5.176761,0
1,2018,8,28,4,3,0,0,5.146533,0
1,2018,8,28,5,0,0,0,5.063406,0
1,2018,8,28,5,1,0,0,7.091709,0
1,2018,8,28,5,2,0,0,9.40977,0
1,2018,8,28,5,3,0,0,8.68354,0
1,2018,8,28,6,0,0,0,11.258856,0
1,2018,8,28,6,1,0,0,11.964156,0
1,2018,8,28,6,2,0,0,6.465617,0
1,2018,8,28,6,3,0,0,15.554605,0
1,2018,8,28,7,0,0,0,14.623513,0
1,2018,8,28,7,1,0,0,25.793442,0
1,2018,8,28,7,2,0,0,13.771325,0
1,2018,8,28,7,3,0,0,8.287021,0
1,2018,8,28,8,0,0,0,13.804599,0
1,2018,8,28,8,1,0,0,11.417859,0
1,2018,8,28,8,2,0,0,8.696278,0
1,2018,8,28,8,3,0,0,17.166338,0
1,2018,8,28,9,0,0,0,29.629339,0
1,2018,8,28,9,1,0,0,41.146826,0
1,2018,8,28,9,2,0,0,32.175714,0
1,2018,8,28,9,3,0,0,32.254264,0
1,2018,8,28,10,0,0,0,32.441772,0
1,2018,8,28,10,1,0,0,55.43719,0
1,2018,8,28,10,2,0,0,49.231271,0
1,2018,8,28,10,3,0,0,19.907785,0
1,2018,8,28,11,0,0,0,37.986133,0
1,2018,8,28,11,1,0,0,9.78732,0
1,2018,8,28,11,2,0,0,17.056425,0
1,2018,8,28,11,3,0,0,25.415916,0
1,2018,8,28,12,0,0,0,28.192922,0
1,2018,8,28,12,1,0,0,47.759425,0
1,2018,8,28,12,2,0,0,38.833835,0
1,2018,8,28,12,3,0,0,21.085575,0
1,2018,8,28,13,0,0,0,45.425112,0
1,2018,8,28,13,1,0,0,38.316122,0
1,2018,8,28,13,2,0,0,20.686684,0
1,2018,8,28,13,3,0,0,26.08084,0
1,2018,8,28,14,0,0,0,24.43459,0
1,2018,8,28,14,1,0,0,31.792378,0
1,2018,8,28,14,2,0,0,51.186593,0
1,2018,8,28,14,3,0,0,60.985462,0
1,2018,8,28,15,0,0,0,47.530202,0
1,2018,8,28,15,1,0,0,52.244074,0
1,2018,8,28,15,2,0,0,31.465453,0
1,2018,8,28,15,3,0,0,37.729406,0
1,2018,8,28,16,0,0,0,31.982292,0
1,2018,8,28,16,1,0,0,23.093151,0
1,2018,8,28,16,2,0,0,39.658119,0
1,2018,8,28,16,3,0,0,39.602117,0
1,2018,8,28,17,0,0,0,32.43648,0
1,2018,8,28,17,1,0,0,32.225214,0
1,2018,8,28,17,2,0,0,36.995884,0
1,2018,8,28,17,3,0,0,37.065886,0
1,2018,8,28,18,0,0,0,26.919981,0
1,2018,8,28,18,1,0,0,10.459521,0
1,2018,8,28,18,2,0,0,6.025984,0
1,2018,8,28,18,3,0,0,12.537264,0
1,2018,8,28,19,0,0,0,12.956579,0
1,2018,8,28,19,1,0,0,13.192129,0
1,2018,8,28,19,2,0,0,13.174329,0
1,2018,8,28,19,3,0,0,19.20362,0
1,2018,8,28,20,0,0,0,32.466922,0
1,2018,8,28,20,1,0,0,20.232008,0
1,2018,8,28,20,2,0,0,27.363871,0
1,2018,8,28,20,3,0,0,18.400852,0
1,2018,8,28,21,0,0,0,19.190416,0
1,2018,8,28,21,1,0,0,16.526864,0
1,2018,8,28,21,2,0,0,17.237436,0
1,2018,8,28,21,3,0,0,12.759088,0
1,2018,8,28,22,0,0,0,6.03124,0
1,2018,8,28,22,1,0,0,20.394689,0
1,2018,8,28,22,2,0,0,17.27444,0
1,2018,8,28,22,3,0,0,13.80219,0
1,2018,8,28,23,0,0,0,21.11894,0
1,2018,8,28,23,1,0,0,12.45394,0
1,2018,8,28,23,2,0,0,5.2826,0
1,2018,8,28,23,3,0,0,10.359823,0
1,2018,8,29,0,0,0,0,19.034538,0
1,2018,8,29,0,1,0,0,21.838681,0
1,2018,8,29,0,2,0,0,12.954681,0
1,2018,8,29,0,3,0,0,4.832681,0
1,2018,8,29,1,0,0,0,4.777411,0
1,2018,8,29,1,1,0,0,4.418155,0
1,2018,8,29,1,2,0,0,8.091155,0
1,2018,8,29,1,3,0,0,9.927655,0
1,2018,8,29,2,0,0,0,9.927655,0
1,2018,8,29,2,1,0,0,9.927655,0
1,2018,8,29,2,2,0,0,6.254655,0
1,2018,8,29,2,3,0,0,4.418155,0
1,2018,8,29,3,0,0,0,10.574155,0
1,2018,8,29,3,1,0,0,19.193963,0
1,2018,8,29,3,2,0,0,13.270925,0
1,2018,8,29,3,3,0,0,7.112579,0
1,2018,8,29,4,0,0,0,4.418155,0
1,2018,8,29,4,1,0,0,9.573765,0
1,2018,8,29,4,2,0,0,12.116933,0
1,2018,8,29,4,3,0,0,12.064977,0
1,2018,8,29,5,0,0,0,4.847123,0
1,2018,8,29,5,1,0,0,4.925374,0
1,2018,8,29,5,2,0,0,15.108464,0
1,2018,8,29,5,3,0,0,22.587321,0
1,2018,8,29,6,0,0,0,13.342935,0
1,2018,8,29,6,1,0,0,12.663704,0
1,2018,8,29,6,2,0,0,17.057514,0
1,2018,8,29,6,3,0,0,5.022732,0
1,2018,8,29,7,0,0,0,2.983272,0
1,2018,8,29,7,1,0,0,13.545836,0
1,2018,8,29,7,2,0,0,10.492282,0
1,2018,8,29,7,3,0,0,11.137288,0
1,2018,8,29,8,0,0,0,2.627284,0
1,2018,8,29,8,1,0,0,3.853707,0
1,2018,8,29,8,2,0,0,5.564798,0
1,2018,8,29,8,3,0,0,10.154242,0
1,2018,8,29,9,0,0,0,17.570292,0
1,2018,8,29,9,1,0,0,26.97342,0
1,2018,8,29,9,2,0,0,39.226924,0
1,2018,8,29,9,3,0,0,32.512524,0
1,2018,8,29,10,0,0,0,30.817634,0
1,2018,8,29,10,1,0,0,23.529129,0
1,2018,8,29,10,2,0,0,28.031216,0
1,2018,8,29,10,3,0,0,43.261643,0
1,2018,8,29,11,0,0,0,23.768537,0
1,2018,8,29,11,1,0,0,42.557409,0
1,2018,8,29,11,2,0,0,59.186311,0
1,2018,8,29,11,3,0,0,56.049159,0
1,2018,8,29,12,0,0,0,62.54769,0
1,2018,8,29,12,1,0,0,43.119296,0
1,2018,8,29,12,2,0,0,37.929941,0
1,2018,8,29,12,3,0,0,19.286219,0
1,2018,8,29,13,0,0,0,23.00489,0
1,2018,8,29,13,1,0,0,52.428678,0
1,2018,8,29,13,2,0,0,41.253547,0
1,2018,8,29,13,3,0,0,32.990598,0
1,2018,8,29,14,0,0,0,31.342084,0
1,2018,8,29,14,1,0,0,22.518586,0
1,2018,8,29,14,2,0,0,33.959916,0
1,2018,8,29,14,3,0,0,31.186298,0
1,2018,8,29,15,0,0,0,38.309271,0
1,2018,8,29,15,1,0,0,47.039505,0
1,2018,8,29,15,2,0,0,43.06284,0
1,2018,8,29,15,3,0,0,46.534479,0
1,2018,8,29,16,0,0,0,26.060731,0
1,2018,8,29,16,1,0,0,17.757447,0
1,2018,8,29,16,2,0,0,27.001994,0
1,2018,8,29,16,3,0,0,20.499107,0
1,2018,8,29,17,0,0,0,37.908607,0
1,2018,8,29,17,1,0,0,53.63671,0
1,2018,8,29,17,2,0,0,58.330343,0
1,2018,8,29,17,3,0,0,36.794445,0
1,2018,8,29,18,0,0,0,39.453559,0
1,2018,8,29,18,1,0,0,45.529515,0
1,2018,8,29,18,2,0,0,41.111422,0
1,2018,8,29,18,3,0,0,37.700169,0
1,2018,8,29,19,0,0,0,28.286036,0
1,2018,8,29,19,1,0,0,31.834973,0
1,2018,8,29,19,2,0,0,28.009556,0
1,2018,8,29,19,3,0,0,19.847989,0
1,2018,8,29,20,0,0,0,14.929935,0
1,2018,8,29,20,1,0,0,18.237722,0
1,2018,8,29,20,2,0,0,18.547849,0
1,2018,8,29,20,3,0,0,24.670658,0
1,2018,8,29,21,0,0,0,23.298222,0
1,2018,8,29,21,1,0,0,21.969041,0
1,2018,8,29,21,2,0,0,15.392854,0
1,2018,8,29,21,3,0,0,20.540811,0
1,2018,8,29,22,0,0,0,18.880059,0
1,2018,8,29,22,1,0,0,10.016911,0
1,2018,8,29,22,2,0,0,3.970666,0
1,2018,8,29,22,3,0,0,8.265699,0
1,2018,8,29,23,0,0,0,12.700185,0
1,2018,8,29,23,1,0,0,11.835078,0
1,2018,8,29,23,2,0,0,9.325918,0
1,2018,8,29,23,3,0,0,8.483834,0
1,2018,8,30,0,0,0,0,8.304448,0
1,2018,8,30,0,1,0,0,6.778803,0
1,2018,8,30,0,2,0,0,3.727512,0
1,2018,8,30,0,3,0,0,4.651126,0
1,2018,8,30,1,0,0,0,10.83264,0
1,2018,8,30,1,1,0,0,7.961546,0
1,2018,8,30,1,2,0,0,6.598806,0
1,2018,8,30,1,3,0,0,12.098328,0
1,2018,8,30,2,0,0,0,6.598806,0
1,2018,8,30,2,1,0,0,4.59898,0
1,2018,8,30,2,2,0,0,8.352752,0
1,2018,8,30,2,3,0,0,12.583147,0
1,2018,8,30,3,0,0,0,12.583147,0
1,2018,8,30,3,1,0,0,19.603463,0
1,2018,8,30,3,2,0,0,17.827391,0
1,2018,8,30,3,3,0,0,11.451686,0
1,2018,8,30,4,0,0,0,5.016397,0
1,2018,8,30,4,1,0,0,5.016397,0
1,2018,8,30,4,2,0,0,5.011891,0
1,2018,8,30,4,3,0,0,4.889765,0
1,2018,8,30,5,0,0,0,9.074526,0
1,2018,8,30,5,1,0,0,15.196707,0
1,2018,8,30,5,2,0,0,15.880803,0
1,2018,8,30,5,3,0,0,5.971484,0
1,2018,8,30,6,0,0,0,8.052913,0
1,2018,8,30,6,1,0,0,10.704142,0
1,2018,8,30,6,2,0,0,8.924613,0
1,2018,8,30,6,3,0,0,5.383234,0
1,2018,8,30,7,0,0,0,6.097531,0
1,2018,8,30,7,1,0,0,4.648085,0
1,2018,8,30,7,2,0,0,4.964156,0
1,2018,8,30,7,3,0,0,4.957209,0
1,2018,8,30,8,0,0,0,4.840679,0
1,2018,8,30,8,1,0,0,5.111104,0
1,2018,8,30,8,2,0,0,8.445357,0
1,2018,8,30,8,3,0,0,22.85035,0
1,2018,8,30,9,0,0,0,18.800349,0
1,2018,8,30,9,1,0,0,30.106725,0
1,2018,8,30,9,2,0,0,25.930478,0
1,2018,8,30,9,3,0,0,23.779831,0
1,2018,8,30,10,0,0,0,33.193348,0
1,2018,8,30,10,1,0,0,25.238449,0
1,2018,8,30,10,2,0,0,24.311197,0
1,2018,8,30,10,3,0,0,20.511166,0
1,2018,8,30,11,0,0,0,28.613259,0
1,2018,8,30,11,1,0,0,40.873197,0
1,2018,8,30,11,2,0,0,55.0197,0
1,2018,8,30,11,3,0,0,47.149386,0
1,2018,8,30,12,0,0,0,48.651981,0
1,2018,8,30,12,1,0,0,65.183943,0
1,2018,8,30,12,2,0,0,40.828131,0
1,2018,8,30,12,3,0,0,30.060484,0
1,2018,8,30,13,0,0,0,24.715677,0
1,2018,8,30,13,1,0,0,18.088313,0
1,2018,8,30,13,2,0,0,21.973707,0
1,2018,8,30,13,3,0,0,33.296734,0
1,2018,8,30,14,0,0,0,34.182728,0
1,2018,8,30,14,1,0,0,27.422899,0
1,2018,8,30,14,2,0,0,12.144229,0
1,2018,8,30,14,3,0,0,20.578715,0
1,2018,8,30,15,0,0,0,24.591785,0
1,2018,8,30,15,1,0,0,25.967946,0
1,2018,8,30,15,2,0,0,26.582839,0
1,2018,8,30,15,3,0,0,29.78232,0
1,2018,8,30,16,0,0,0,25.19156,0
1,2018,8,30,16,1,0,0,23.207549,0
1,2018,8,30,16,2,0,0,39.257202,0
1,2018,8,30,16,3,0,0,40.865732,0
1,2018,8,30,17,0,0,0,25.371132,0
1,2018,8,30,17,1,0,0,58.480412,0
1,2018,8,30,17,2,0,0,67.0309,0
1,2018,8,30,17,3,0,0,39.441758,0
1,2018,8,30,18,0,0,0,20.052086,0
1,2018,8,30,18,1,0,0,17.347036,0
1,2018,8,30,18,2,0,0,19.247586,0
1,2018,8,30,18,3,0,0,28.179816,0
1,2018,8,30,19,0,0,0,27.213728,0
1,2018,8,30,19,1,0,0,24.664994,0
1,2018,8,30,19,2,0,0,15.1816,0
1,2018,8,30,19,3,0,0,27.923014,0
1,2018,8,30,20,0,0,0,49.934892,0
1,2018,8,30,20,1,0,0,47.540428,0
1,2018,8,30,20,2,0,0,36.587547,0
1,2018,8,30,20,3,0,0,12.701675,0
1,2018,8,30,21,0,0,0,9.145275,0
1,2018,8,30,21,1,0,0,15.344907,0
1,2018,8,30,21,2,0,0,24.793536,0
1,2018,8,30,21,3,0,0,27.361161,0
1,2018,8,30,22,0,0,0,18.304922,0
1,2018,8,30,22,1,0,0,26.276148,0
1,2018,8,30,22,2,0,0,20.219182,0
1,2018,8,30,22,3,0,0,9.228498,0
1,2018,8,30,23,0,0,0,32.228444,0
1,2018,8,30,23,1,0,0,47.604165,0
1,2018,8,30,23,2,0,0,32.103086,0
1,2018,8,30,23,3,0,0,17.08645,0
1,2018,8,31,0,0,0,0,10.117602,0
1,2018,8,31,0,1,0,0,11.598627,0
1,2018,8,31,0,2,0,0,5.366627,0
1,2018,8,31,0,3,0,0,4.587627,0
1,2018,8,31,1,0,0,0,9.487223,0
1,2018,8,31,1,1,0,0,14.373232,0
1,2018,8,31,1,2,0,0,10.886566,0
1,2018,8,31,1,3,0,0,12.099223,0
1,2018,8,31,2,0,0,0,22.096423,0
1,2018,8,31,2,1,0,0,18.237513,0
1,2018,8,31,2,2,0,0,7.175361,0
1,2018,8,31,2,3,0,0,20.271331,0
1,2018,8,31,3,0,0,0,22.861723,0
1,2018,8,31,3,1,0,0,18.192167,0
1,2018,8,31,3,2,0,0,7.584539,0
1,2018,8,31,3,3,0,0,6.58119,0
1,2018,8,31,4,0,0,0,6.58119,0
1,2018,8,31,4,1,0,0,11.336362,0
1,2018,8,31,4,2,0,0,13.713949,0
1,2018,8,31,4,3,0,0,8.431451,0
1,2018,8,31,5,0,0,0,18.239432,0
1,2018,8,31,5,1,0,0,6.525682,0
1,2018,8,31,5,2,0,0,8.318321,0
1,2018,8,31,5,3,0,0,10.077094,0
1,2018,8,31,6,0,0,0,9.285623,0
1,2018,8,31,6,1,0,0,6.119741,0
1,2018,8,31,6,2,0,0,7.630598,0
1,2018,8,31,6,3,0,0,15.689786,0
1,2018,8,31,7,0,0,0,8.175282,0
1,2018,8,31,7,1,0,0,12.269792,0
1,2018,8,31,7,2,0,0,6.445104,0
1,2018,8,31,7,3,0,0,6.484457,0
1,2018,8,31,8,0,0,0,7.012917,0
1,2018,8,31,8,1,0,0,5.074596,0
1,2018,8,31,8,2,0,0,10.185514,0
1,2018,8,31,8,3,0,0,23.464011,0
1,2018,8,31,9,0,0,0,21.528872,0
1,2018,8,31,9,1,0,0,31.23695,0
1,2018,8,31,9,2,0,0,43.238328,0
1,2018,8,31,9,3,0,0,39.620586,0
1,2018,8,31,10,0,0,0,40.858344,0
1,2018,8,31,10,1,0,0,54.701462,0
1,2018,8,31,10,2,0,0,49.73072,0
1,2018,8,31,10,3,0,0,22.672963,0
1,2018,8,31,11,0,0,0,30.235592,0
1,2018,8,31,11,1,0,0,41.230881,0
1,2018,8,31,11,2,0,0,39.863506,0
1,2018,8,31,11,3,0,0,26.362246,0
1,2018,8,31,12,0,0,0,34.30569,0
1,2018,8,31,12,1,0,0,44.46034,0
1,2018,8,31,12,2,0,0,40.746879,0
1,2018,8,31,12,3,0,0,46.115393,0
1,2018,8,31,13,0,0,0,53.226482,0
1,2018,8,31,13,1,0,0,49.045497,0
1,2018,8,31,13,2,0,0,73.436195,0
1,2018,8,31,13,3,0,0,69.837384,0
1,2018,8,31,14,0,0,0,37.552359,0
1,2018,8,31,14,1,0,0,37.516059,0
1,2018,8,31,14,2,0,0,33.810265,0
1,2018,8,31,14,3,0,0,25.524792,0
1,2018,8,31,15,0,0,0,38.130159,0
1,2018,8,31,15,1,0,0,29.12447,0
1,2018,8,31,15,2,0,0,38.76387,0
1,2018,8,31,15,3,0,0,44.268799,0
1,2018,8,31,16,0,0,0,42.985786,0
1,2018,8,31,16,1,0,0,41.774845,0
1,2018,8,31,16,2,0,0,27.673105,0
1,2018,8,31,16,3,0,0,38.00509,0
1,2018,8,31,17,0,0,0,38.664722,0
1,2018,8,31,17,1,0,0,38.817112,0
1,2018,8,31,17,2,0,0,46.213616,0
1,2018,8,31,17,3,0,0,49.078524,0
1,2018,8,31,18,0,0,0,33.3036,0
1,2018,8,31,18,1,0,0,17.433532,0
1,2018,8,31,18,2,0,0,19.842731,0
1,2018,8,31,18,3,0,0,24.598374,0
1,2018,8,31,19,0,0,0,25.472969,0
1,2018,8,31,19,1,0,0,26.270564,0
1,2018,8,31,19,2,0,0,16.971873,0
1,2018,8,31,19,3,0,0,14.577163,0
1,2018,8,31,20,0,0,0,21.541938,0
1,2018,8,31,20,1,0,0,35.427973,0
1,2018,8,31,20,2,0,0,23.875824,0
1,2018,8,31,20,3,0,0,37.081802,0
1,2018,8,31,21,0,0,0,49.617992,0
1,2018,8,31,21,1,0,0,36.776119,0
1,2018,8,31,21,2,0,0,34.548315,0
1,2018,8,31,21,3,0,0,31.380371,0
1,2018,8,31,22,0,0,0,25.647808,0
1,2018,8,31,22,1,0,0,18.564465,0
1,2018,8,31,22,2,0,0,28.691916,0
1,2018,8,31,22,3,0,0,53.37406,0
1,2018,8,31,23,0,0,0,48.929341,0
1,2018,8,31,23,1,0,0,34.426482,0
1,2018,8,31,23,2,0,0,41.5538,0
1,2018,8,31,23,3,0,0,18.158644,0
1,2018,9,1,0,0,0,0,18.239973,0
1,2018,9,1,0,1,0,0,18.77968,0
1,2018,9,1,0,2,0,0,17.01308,0
1,2018,9,1,0,3,0,0,18.14485,0
1,2018,9,1,1,0,0,0,14.799717,0
1,2018,9,1,1,1,0,0,11.895093,0
1,2018,9,1,1,2,0,0,38.174703,0
1,2018,9,1,1,3,0,0,57.536023,0
1,2018,9,1,2,0,0,0,78.229263,0
1,2018,9,1,2,1,0,0,46.21566,0
1,2018,9,1,2,2,0,0,22.978869,0
1,2018,9,1,2,3,0,0,38.108385,0
1,2018,9,1,3,0,0,0,39.405919,0
1,2018,9,1,3,1,0,0,25.779451,0
1,2018,9,1,3,2,0,0,17.343575,0
1,2018,9,1,3,3,0,0,26.98193,0
1,2018,9,1,4,0,0,0,19.316152,0
1,2018,9,1,4,1,0,0,7.617843,0
1,2018,9,1,4,2,0,0,3.514879,0
1,2018,9,1,4,3,0,0,8.022552,0
1,2018,9,1,5,0,0,0,4.775939,0
1,2018,9,1,5,1,0,0,8.411666,0
1,2018,9,1,5,2,0,0,11.206069,0
1,2018,9,1,5,3,0,0,1.786011,0
1,2018,9,1,6,0,0,0,1.773934,0
1,2018,9,1,6,1,0,0,1.725628,0
1,2018,9,1,6,2,0,0,1.725628,0
1,2018,9,1,6,3,0,0,6.104954,0
1,2018,9,1,7,0,0,0,26.66976,0
1,2018,9,1,7,1,0,0,31.711607,0
1,2018,9,1,7,2,0,0,18.086411,0
1,2018,9,1,7,3,0,0,6.248191,0
1,2018,9,1,8,0,0,0,15.179843,0
1,2018,9,1,8,1,0,0,16.621793,0
1,2018,9,1,8,2,0,0,22.041995,0
1,2018,9,1,8,3,0,0,21.536962,0
1,2018,9,1,9,0,0,0,24.360035,0
1,2018,9,1,9,1,0,0,26.800749,0
1,2018,9,1,9,2,0,0,10.313083,0
1,2018,9,1,9,3,0,0,10.86356,0
1,2018,9,1,10,0,0,0,17.070135,0
1,2018,9,1,10,1,0,0,18.949264,0
1,2018,9,1,10,2,0,0,27.040135,0
1,2018,9,1,10,3,0,0,24.743627,0
1,2018,9,1,11,0,0,0,36.527398,0
1,2018,9,1,11,1,0,0,31.488164,0
1,2018,9,1,11,2,0,0,17.414938,0
1,2018,9,1,11,3,0,0,15.632743,0
1,2018,9,1,12,0,0,0,20.549104,0
1,2018,9,1,12,1,0,0,15.01345,0
1,2018,9,1,12,2,0,0,23.403645,0
1,2018,9,1,12,3,0,0,28.768348,0
1,2018,9,1,13,0,0,0,29.822919,0
1,2018,9,1,13,1,0,0,21.33437,0
1,2018,9,1,13,2,0,0,24.003226,0
1,2018,9,1,13,3,0,0,42.580332,0
1,2018,9,1,14,0,0,0,52.293044,0
1,2018,9,1,14,1,0,0,59.565557,0
1,2018,9,1,14,2,0,0,37.227523,0
1,2018,9,1,14,3,0,0,30.496315,0
1,2018,9,1,15,0,0,0,29.969189,0
1,2018,9,1,15,1,0,0,24.970728,0
1,2018,9,1,15,2,0,0,30.007377,0
1,2018,9,1,15,3,0,0,48.957554,0
1,2018,9,1,16,0,0,0,55.763119,0
1,2018,9,1,16,1,0,0,35.992881,0
1,2018,9,1,16,2,0,0,38.168479,0
1,2018,9,1,16,3,0,0,34.582024,0
1,2018,9,1,17,0,0,0,30.256401,0
1,2018,9,1,17,1,0,0,23.932647,0
1,2018,9,1,17,2,0,0,24.294657,0
1,2018,9,1,17,3,0,0,31.556752,0
1,2018,9,1,18,0,0,0,24.926482,0
1,2018,9,1,18,1,0,0,5.81954,0
1,2018,9,1,18,2,0,0,29.57992,0
1,2018,9,1,18,3,0,0,54.029752,0
1,2018,9,1,19,0,0,0,42.770283,0
1,2018,9,1,19,1,0,0,29.149637,0
1,2018,9,1,19,2,0,0,46.459112,0
1,2018,9,1,19,3,0,0,30.169679,0
1,2018,9,1,20,0,0,0,34.156636,0
1,2018,9,1,20,1,0,0,51.66941,0
1,2018,9,1,20,2,0,0,52.448917,0
1,2018,9,1,20,3,0,0,43.972865,0
1,2018,9,1,21,0,0,0,35.131702,0
1,2018,9,1,21,1,0,0,35.057227,0
1,2018,9,1,21,2,0,0,23.733239,0
1,2018,9,1,21,3,0,0,36.611592,0
1,2018,9,1,22,0,0,0,41.04355,0
1,2018,9,1,22,1,0,0,27.727197,0
1,2018,9,1,22,2,0,0,37.216895,0
1,2018,9,1,22,3,0,0,47.275036,0
1,2018,9,1,23,0,0,0,52.776896,0
1,2018,9,1,23,1,0,0,65.361012,0
1,2018,9,1,23,2,0,0,59.643468,0
1,2018,9,1,23,3,0,0,50.533712,0
1,2018,9,2,0,0,0,0,32.015647,0
1,2018,9,2,0,1,0,0,21.790027,0
1,2018,9,2,0,2,0,0,2.240989,0
1,2018,9,2,0,3,0,0,14.780505,0
1,2018,9,2,1,0,0,0,56.481194,0
1,2018,9,2,1,1,0,0,36.121006,0
1,2018,9,2,1,2,0,0,14.465848,0
1,2018,9,2,1,3,0,0,55.675479,0
1,2018,9,2,2,0,0,0,84.734681,0
1,2018,9,2,2,1,0,0,45.71687,0
1,2018,9,2,2,2,0,0,53.515959,0
1,2018,9,2,2,3,0,0,43.494655,0
1,2018,9,2,3,0,0,0,26.849415,0
1,2018,9,2,3,1,0,0,9.242997,0
1,2018,9,2,3,2,0,0,22.233612,0
1,2018,9,2,3,3,0,0,18.985751,0
1,2018,9,2,4,0,0,0,30.304654,0
1,2018,9,2,4,1,0,0,19.045155,0
1,2018,9,2,4,2,0,0,19.449552,0
1,2018,9,2,4,3,0,0,30.091065,0
1,2018,9,2,5,0,0,0,30.346247,0
1,2018,9,2,5,1,0,0,26.166479,0
1,2018,9,2,5,2,0,0,29.533245,0
1,2018,9,2,5,3,0,0,15.510726,0
1,2018,9,2,6,0,0,0,4.210596,0
1,2018,9,2,6,1,0,0,6.823686,0
1,2018,9,2,6,2,0,0,10.275009,0
1,2018,9,2,6,3,0,0,6.843103,0
1,2018,9,2,7,0,0,0,14.6984,0
1,2018,9,2,7,1,0,0,28.88283,0
1,2018,9,2,7,2,0,0,31.293454,0
1,2018,9,2,7,3,0,0,15.760436,0
1,2018,9,2,8,0,0,0,17.888246,0
1,2018,9,2,8,1,0,0,30.577984,0
1,2018,9,2,8,2,0,0,28.68404,0
1,2018,9,2,8,3,0,0,27.917326,0
1,2018,9,2,9,0,0,0,18.606861,0
1,2018,9,2,9,1,0,0,13.698779,0
1,2018,9,2,9,2,0,0,20.665965,0
1,2018,9,2,9,3,0,0,19.277442,0
1,2018,9,2,10,0,0,0,10.010593,0
1,2018,9,2,10,1,0,0,14.198261,0
1,2018,9,2,10,2,0,0,5.601991,0
1,2018,9,2,10,3,0,0,14.840872,0
1,2018,9,2,11,0,0,0,22.673321,0
1,2018,9,2,11,1,0,0,20.785646,0
1,2018,9,2,11,2,0,0,23.617291,0
1,2018,9,2,11,3,0,0,16.781831,0
1,2018,9,2,12,0,0,0,9.577798,0
1,2018,9,2,12,1,0,0,15.355712,0
1,2018,9,2,12,2,0,0,28.874177,0
1,2018,9,2,12,3,0,0,40.626523,0
1,2018,9,2,13,0,0,0,28.613879,0
1,2018,9,2,13,1,0,0,44.839807,0
1,2018,9,2,13,2,0,0,71.045482,0
1,2018,9,2,13,3,0,0,59.71421,0
1,2018,9,2,14,0,0,0,52.725946,0
1,2018,9,2,14,1,0,0,38.818242,0
1,2018,9,2,14,2,0,0,23.118927,0
1,2018,9,2,14,3,0,0,36.510466,0
1,2018,9,2,15,0,0,0,46.912107,0
1,2018,9,2,15,1,0,0,46.996848,0
1,2018,9,2,15,2,0,0,55.287888,0
1,2018,9,2,15,3,0,0,45.777721,0
1,2018,9,2,16,0,0,0,41.649114,0
1,2018,9,2,16,1,0,0,37.355443,0
1,2018,9,2,16,2,0,0,30.616462,0
1,2018,9,2,16,3,0,0,34.608126,0
1,2018,9,2,17,0,0,0,32.124827,0
1,2018,9,2,17,1,0,0,33.94856,0
1,2018,9,2,17,2,0,0,28.611479,0
1,2018,9,2,17,3,0,0,40.606592,0
1,2018,9,2,18,0,0,0,31.818361,0
1,2018,9,2,18,1,0,0,26.706898,0
1,2018,9,2,18,2,0,0,29.028272,0
1,2018,9,2,18,3,0,0,34.065557,0
1,2018,9,2,19,0,0,0,29.478237,0
1,2018,9,2,19,1,0,0,13.796536,0
1,2018,9,2,19,2,0,0,8.563074,0
1,2018,9,2,19,3,0,0,7.588135,0
1,2018,9,2,20,0,0,0,3.802421,0
1,2018,9,2,20,1,0,0,12.211717,0
1,2018,9,2,20,2,0,0,26.569404,0
1,2018,9,2,20,3,0,0,36.668518,0
1,2018,9,2,21,0,0,0,31.480457,0
1,2018,9,2,21,1,0,0,17.430087,0
1,2018,9,2,21,2,0,0,13.037043,0
1,2018,9,2,21,3,0,0,40.336934,0
1,2018,9,2,22,0,0,0,17.013415,0
1,2018,9,2,22,1,0,0,4.773673,0
1,2018,9,2,22,2,0,0,7.334658,0
1,2018,9,2,22,3,0,0,10.200796,0
1,2018,9,2,23,0,0,0,5.423899,0
1,2018,9,2,23,1,0,0,14.624485,0
1,2018,9,2,23,2,0,0,20.233037,0
1,2018,9,2,23,3,0,0,12.372477,0
1,2018,9,3,0,0,0,0,19.175578,0
1,2018,9,3,0,1,0,0,15.609592,0
1,2018,9,3,0,2,0,0,14.694103,0
1,2018,9,3,0,3,0,0,27.462889,0
1,2018,9,3,1,0,0,0,29.961329,0
1,2018,9,3,1,1,0,0,28.481659,0
1,2018,9,3,1,2,0,0,19.9886,0
1,2018,9,3,1,3,0,0,24.015686,0
1,2018,9,3,2,0,0,0,29.614101,0
1,2018,9,3,2,1,0,0,13.292439,0
1,2018,9,3,2,2,0,0,11.387501,0
1,2018,9,3,2,3,0,0,5.70159,0
1,2018,9,3,3,0,0,0,13.913145,0
1,2018,9,3,3,1,0,0,9.807367,0
1,2018,9,3,3,2,0,0,3.648701,0
1,2018,9,3,3,3,0,0,3.316086,0
1,2018,9,3,4,0,0,0,3.264915,0
1,2018,9,3,4,1,0,0,3.264915,0
1,2018,9,3,4,2,0,0,3.918824,0
1,2018,9,3,4,3,0,0,13.073551,0
1,2018,9,3,5,0,0,0,13.258536,0
1,2018,9,3,5,1,0,0,16.530029,0
1,2018,9,3,5,2,0,0,17.012983,0
1,2018,9,3,5,3,0,0,17.012983,0
1,2018,9,3,6,0,0,0,3.698498,0
1,2018,9,3,6,1,0,0,3.264915,0
1,2018,9,3,6,2,0,0,3.264915,0
1,2018,9,3,6,3,0,0,8.302456,0
1,2018,9,3,7,0,0,0,12.215721,0
1,2018,9,3,7,1,0,0,12.067995,0
1,2018,9,3,7,2,0,0,9.638837,0
1,2018,9,3,7,3,0,0,16.793937,0
1,2018,9,3,8,0,0,0,15.727931,0
1,2018,9,3,8,1,0,0,18.448643,0
1,2018,9,3,8,2,0,0,4.123588,0
1,2018,9,3,8,3,0,0,11.086378,0
1,2018,9,3,9,0,0,0,22.865282,0
1,2018,9,3,9,1,0,0,20.142443,0
1,2018,9,3,9,2,0,0,36.420344,0
1,2018,9,3,9,3,0,0,43.123324,0
1,2018,9,3,10,0,0,0,40.634266,0
1,2018,9,3,10,1,0,0,33.675561,0
1,2018,9,3,10,2,0,0,34.151139,0
1,2018,9,3,10,3,0,0,29.573912,0
1,2018,9,3,11,0,0,0,48.477381,0
1,2018,9,3,11,1,0,0,51.662778,0
1,2018,9,3,11,2,0,0,54.872742,0
1,2018,9,3,11,3,0,0,47.212674,0
1,2018,9,3,12,0,0,0,38.331322,0
1,2018,9,3,12,1,0,0,50.594917,0
1,2018,9,3,12,2,0,0,51.979936,0
1,2018,9,3,12,3,0,0,40.663703,0
1,2018,9,3,13,0,0,0,33.377814,0
1,2018,9,3,13,1,0,0,27.010921,0
1,2018,9,3,13,2,0,0,24.275069,0
1,2018,9,3,13,3,0,0,21.203267,0
1,2018,9,3,14,0,0,0,17.830669,0
1,2018,9,3,14,1,0,0,19.051685,0
1,2018,9,3,14,2,0,0,29.703529,0
1,2018,9,3,14,3,0,0,36.600151,0
1,2018,9,3,15,0,0,0,25.85238,0
1,2018,9,3,15,1,0,0,28.412532,0
1,2018,9,3,15,2,0,0,31.884044,0
1,2018,9,3,15,3,0,0,28.496038,0
1,2018,9,3,16,0,0,0,22.987581,0
1,2018,9,3,16,1,0,0,15.959653,0
1,2018,9,3,16,2,0,0,28.455278,0
1,2018,9,3,16,3,0,0,22.507952,0
1,2018,9,3,17,0,0,0,24.389459,0
1,2018,9,3,17,1,0,0,31.296204,0
1,2018,9,3,17,2,0,0,30.610996,0
1,2018,9,3,17,3,0,0,31.789219,0
1,2018,9,3,18,0,0,0,28.63081,0
1,2018,9,3,18,1,0,0,22.610928,0
1,2018,9,3,18,2,0,0,22.687694,0
1,2018,9,3,18,3,0,0,14.440647,0
1,2018,9,3,19,0,0,0,11.31183,0
1,2018,9,3,19,1,0,0,33.849894,0
1,2018,9,3,19,2,0,0,40.614617,0
1,2018,9,3,19,3,0,0,19.901009,0
1,2018,9,3,20,0,0,0,21.77465,0
1,2018,9,3,20,1,0,0,9.741957,0
1,2018,9,3,20,2,0,0,10.792237,0
1,2018,9,3,20,3,0,0,21.342442,0
1,2018,9,3,21,0,0,0,26.539038,0
1,2018,9,3,21,1,0,0,25.328925,0
1,2018,9,3,21,2,0,0,18.87558,0
1,2018,9,3,21,3,0,0,14.365937,0
1,2018,9,3,22,0,0,0,16.938122,0
1,2018,9,3,22,1,0,0,14.711228,0
1,2018,9,3,22,2,0,0,45.820218,0
1,2018,9,3,22,3,0,0,35.895668,0
1,2018,9,3,23,0,0,0,14.514438,0
1,2018,9,3,23,1,0,0,19.152209,0
1,2018,9,3,23,2,0,0,23.610504,0
1,2018,9,3,23,3,0,0,11.676629,0
1,2018,9,4,0,0,0,0,13.846103,0
1,2018,9,4,0,1,0,0,8.730438,0
1,2018,9,4,0,2,0,0,4.7398,0
1,2018,9,4,0,3,0,0,4.518193,0
1,2018,9,4,1,0,0,0,11.402776,0
1,2018,9,4,1,1,0,0,11.703057,0
1,2018,9,4,1,2,0,0,8.500079,0
1,2018,9,4,1,3,0,0,3.459026,0
1,2018,9,4,2,0,0,0,3.459026,0
1,2018,9,4,2,1,0,0,3.459026,0
1,2018,9,4,2,2,0,0,3.459026,0
1,2018,9,4,2,3,0,0,6.765572,0
1,2018,9,4,3,0,0,0,20.805123,0
1,2018,9,4,3,1,0,0,12.679524,0
1,2018,9,4,3,2,0,0,11.159952,0
1,2018,9,4,3,3,0,0,5.097952,0
1,2018,9,4,4,0,0,0,11.769596,0
1,2018,9,4,4,1,0,0,22.162102,0
1,2018,9,4,4,2,0,0,12.575133,0
1,2018,9,4,4,3,0,0,8.870088,0
1,2018,9,4,5,0,0,0,13.479577,0
1,2018,9,4,5,1,0,0,15.155755,0
1,2018,9,4,5,2,0,0,9.577688,0
1,2018,9,4,5,3,0,0,5.222016,0
1,2018,9,4,6,0,0,0,18.320621,0
1,2018,9,4,6,1,0,0,18.415973,0
1,2018,9,4,6,2,0,0,15.926922,0
1,2018,9,4,6,3,0,0,3.173782,0
1,2018,9,4,7,0,0,0,3.233752,0
1,2018,9,4,7,1,0,0,12.474785,0
1,2018,9,4,7,2,0,0,26.606469,0
1,2018,9,4,7,3,0,0,19.244378,0
1,2018,9,4,8,0,0,0,11.307276,0
1,2018,9,4,8,1,0,0,9.786011,0
1,2018,9,4,8,2,0,0,4.379421,0
1,2018,9,4,8,3,0,0,4.348192,0
1,2018,9,4,9,0,0,0,17.780309,0
1,2018,9,4,9,1,0,0,24.730744,0
1,2018,9,4,9,2,0,0,29.038093,0
1,2018,9,4,9,3,0,0,29.833995,0
1,2018,9,4,10,0,0,0,25.533648,0
1,2018,9,4,10,1,0,0,42.3703,0
1,2018,9,4,10,2,0,0,49.24448,0
1,2018,9,4,10,3,0,0,31.724335,0
1,2018,9,4,11,0,0,0,23.303658,0
1,2018,9,4,11,1,0,0,44.405126,0
1,2018,9,4,11,2,0,0,51.614251,0
1,2018,9,4,11,3,0,0,27.536041,0
1,2018,9,4,12,0,0,0,20.468564,0
1,2018,9,4,12,1,0,0,21.646656,0
1,2018,9,4,12,2,0,0,17.859949,0
1,2018,9,4,12,3,0,0,19.27933,0
1,2018,9,4,13,0,0,0,29.714899,0
1,2018,9,4,13,1,0,0,37.275594,0
1,2018,9,4,13,2,0,0,34.708581,0
1,2018,9,4,13,3,0,0,25.874027,0
1,2018,9,4,14,0,0,0,16.155702,0
1,2018,9,4,14,1,0,0,16.688683,0
1,2018,9,4,14,2,0,0,29.461918,0
1,2018,9,4,14,3,0,0,27.845794,0
1,2018,9,4,15,0,0,0,29.674772,0
1,2018,9,4,15,1,0,0,54.068706,0
1,2018,9,4,15,2,0,0,40.102165,0
1,2018,9,4,15,3,0,0,13.634828,0
1,2018,9,4,16,0,0,0,20.638829,0
1,2018,9,4,16,1,0,0,35.959668,0
1,2018,9,4,16,2,0,0,48.138217,0
1,2018,9,4,16,3,0,0,48.26975,0
1,2018,9,4,17,0,0,0,38.680422,0
1,2018,9,4,17,1,0,0,47.489664,0
1,2018,9,4,17,2,0,0,49.543282,0
1,2018,9,4,17,3,0,0,20.215439,0
1,2018,9,4,18,0,0,0,23.260541,0
1,2018,9,4,18,1,0,0,35.649681,0
1,2018,9,4,18,2,0,0,25.707189,0
1,2018,9,4,18,3,0,0,20.150507,0
1,2018,9,4,19,0,0,0,7.618222,0
1,2018,9,4,19,1,0,0,15.147432,0
1,2018,9,4,19,2,0,0,34.67276,0
1,2018,9,4,19,3,0,0,28.344293,0
1,2018,9,4,20,0,0,0,23.230144,0
1,2018,9,4,20,1,0,0,18.894254,0
1,2018,9,4,20,2,0,0,16.017349,0
1,2018,9,4,20,3,0,0,13.042508,0
1,2018,9,4,21,0,0,0,9.528152,0
1,2018,9,4,21,1,0,0,18.920979,0
1,2018,9,4,21,2,0,0,18.579493,0
1,2018,9,4,21,3,0,0,18.962825,0
1,2018,9,4,22,0,0,0,13.100837,0
1,2018,9,4,22,1,0,0,31.057138,0
1,2018,9,4,22,2,0,0,32.044889,0
1,2018,9,4,22,3,0,0,16.870708,0
1,2018,9,4,23,0,0,0,13.66039,0
1,2018,9,4,23,1,0,0,9.985657,0
1,2018,9,4,23,2,0,0,6.817837,0
1,2018,9,4,23,3,0,0,3.365731,0
1,2018,9,5,0,0,0,0,7.854347,0
1,2018,9,5,0,1,0,0,22.554732,0
1,2018,9,5,0,2,0,0,18.22026,0
1,2018,9,5,0,3,0,0,11.314119,0
1,2018,9,5,1,0,0,0,20.04622,0
1,2018,9,5,1,1,0,0,14.828004,0
1,2018,9,5,1,2,0,0,19.317462,0
1,2018,9,5,1,3,0,0,18.606693,0
1,2018,9,5,2,0,0,0,3.690782,0
1,2018,9,5,2,1,0,0,3.690782,0
1,2018,9,5,2,2,0,0,3.690782,0
1,2018,9,5,2,3,0,0,3.690782,0
1,2018,9,5,3,0,0,0,3.690782,0
1,2018,9,5,3,1,0,0,3.690782,0
1,2018,9,5,3,2,0,0,5.974116,0
1,2018,9,5,3,3,0,0,8.257449,0
1,2018,9,5,4,0,0,0,3.690782,0
1,2018,9,5,4,1,0,0,3.971688,0
1,2018,9,5,4,2,0,0,20.440809,0
1,2018,9,5,4,3,0,0,29.970203,0
1,2018,9,5,5,0,0,0,24.039092,0
1,2018,9,5,5,1,0,0,13.851842,0
1,2018,9,5,5,2,0,0,5.089686,0
1,2018,9,5,5,3,0,0,7.750445,0
1,2018,9,5,6,0,0,0,13.295673,0
1,2018,9,5,6,1,0,0,10.771493,0
1,2018,9,5,6,2,0,0,6.04,0
1,2018,9,5,6,3,0,0,19.659666,0
1,2018,9,5,7,0,0,0,20.216333,0
1,2018,9,5,7,1,0,0,12.68525,0
1,2018,9,5,7,2,0,0,13.00424,0
1,2018,9,5,7,3,0,0,20.610039,0
1,2018,9,5,8,0,0,0,15.160256,0
1,2018,9,5,8,1,0,0,29.20524,0
1,2018,9,5,8,2,0,0,21.397125,0
1,2018,9,5,8,3,0,0,15.697041,0
1,2018,9,5,9,0,0,0,23.956561,0
1,2018,9,5,9,1,0,0,35.637035,0
1,2018,9,5,9,2,0,0,36.333582,0
1,2018,9,5,9,3,0,0,41.625555,0
1,2018,9,5,10,0,0,0,33.435418,0
1,2018,9,5,10,1,0,0,22.729881,0
1,2018,9,5,10,2,0,0,30.27302,0
1,2018,9,5,10,3,0,0,35.352923,0
1,2018,9,5,11,0,0,0,37.669514,0
1,2018,9,5,11,1,0,0,43.560299,0
1,2018,9,5,11,2,0,0,47.209035,0
1,2018,9,5,11,3,0,0,48.432102,0
1,2018,9,5,12,0,0,0,45.114503,0
1,2018,9,5,12,1,0,0,47.290067,0
1,2018,9,5,12,2,0,0,40.84221,0
1,2018,9,5,12,3,0,0,29.598671,0
1,2018,9,5,13,0,0,0,25.960039,0
1,2018,9,5,13,1,0,0,22.434802,0
1,2018,9,5,13,2,0,0,14.250106,0
1,2018,9,5,13,3,0,0,25.876993,0
1,2018,9,5,14,0,0,0,24.03089,0
1,2018,9,5,14,1,0,0,27.419098,0
1,2018,9,5,14,2,0,0,36.14083,0
1,2018,9,5,14,3,0,0,37.630813,0
1,2018,9,5,15,0,0,0,22.931527,0
1,2018,9,5,15,1,0,0,37.884635,0
1,2018,9,5,15,2,0,0,37.024638,0
1,2018,9,5,15,3,0,0,35.30806,0
1,2018,9,5,16,0,0,0,37.416907,0
1,2018,9,5,16,1,0,0,28.831386,0
1,2018,9,5,16,2,0,0,28.568266,0
1,2018,9,5,16,3,0,0,32.117636,0
1,2018,9,5,17,0,0,0,24.173861,0
1,2018,9,5,17,1,0,0,39.811957,0
1,2018,9,5,17,2,0,0,33.623921,0
1,2018,9,5,17,3,0,0,25.30502,0
1,2018,9,5,18,0,0,0,33.310089,0
1,2018,9,5,18,1,0,0,24.74202,0
1,2018,9,5,18,2,0,0,28.765635,0
1,2018,9,5,18,3,0,0,45.210528,0
1,2018,9,5,19,0,0,0,43.132866,0
1,2018,9,5,19,1,0,0,29.701593,0
1,2018,9,5,19,2,0,0,26.240267,0
1,2018,9,5,19,3,0,0,15.604851,0
1,2018,9,5,20,0,0,0,11.261693,0
1,2018,9,5,20,1,0,0,24.906138,0
1,2018,9,5,20,2,0,0,28.614779,0
1,2018,9,5,20,3,0,0,23.588642,0
1,2018,9,5,21,0,0,0,8.755165,0
1,2018,9,5,21,1,0,0,20.202485,0
1,2018,9,5,21,2,0,0,23.681666,0
1,2018,9,5,21,3,0,0,38.323171,0
1,2018,9,5,22,0,0,0,38.56022,0
1,2018,9,5,22,1,0,0,30.442842,0
1,2018,9,5,22,2,0,0,39.031381,0
1,2018,9,5,22,3,0,0,19.105495,0
1,2018,9,5,23,0,0,0,15.272428,0
1,2018,9,5,23,1,0,0,24.158041,0
1,2018,9,5,23,2,0,0,25.605378,0
1,2018,9,5,23,3,0,0,20.062744,0
1,2018,9,6,0,0,0,0,10.40372,0
1,2018,9,6,0,1,0,0,5.917411,0
1,2018,9,6,0,2,0,0,5.917411,0
1,2018,9,6,0,3,0,0,6.988611,0
1,2018,9,6,1,0,0,0,13.951411,0
1,2018,9,6,1,1,0,0,15.226938,0
1,2018,9,6,1,2,0,0,16.723683,0
1,2018,9,6,1,3,0,0,17.288068,0
1,2018,9,6,2,0,0,0,19.659498,0
1,2018,9,6,2,1,0,0,16.798236,0
1,2018,9,6,2,2,0,0,17.993136,0
1,2018,9,6,2,3,0,0,9.308301,0
1,2018,9,6,3,0,0,0,6.138973,0
1,2018,9,6,3,1,0,0,6.138973,0
1,2018,9,6,3,2,0,0,15.210758,0
1,2018,9,6,3,3,0,0,6.138973,0
1,2018,9,6,4,0,0,0,5.690681,0
1,2018,9,6,4,1,0,0,5.621713,0
1,2018,9,6,4,2,0,0,11.778197,0
1,2018,9,6,4,3,0,0,16.928442,0
1,2018,9,6,5,0,0,0,14.864942,0
1,2018,9,6,5,1,0,0,10.737942,0
1,2018,9,6,5,2,0,0,6.839115,0
1,2018,9,6,5,3,0,0,5.346227,0
1,2018,9,6,6,0,0,0,5.346227,0
1,2018,9,6,6,1,0,0,5.346227,0
1,2018,9,6,6,2,0,0,5.346227,0
1,2018,9,6,6,3,0,0,5.210321,0
1,2018,9,6,7,0,0,0,4.094428,0
1,2018,9,6,7,1,0,0,7.182098,0
1,2018,9,6,7,2,0,0,12.0162,0
1,2018,9,6,7,3,0,0,19.778596,0
1,2018,9,6,8,0,0,0,23.947198,0
1,2018,9,6,8,1,0,0,19.078411,0
1,2018,9,6,8,2,0,0,20.745268,0
1,2018,9,6,8,3,0,0,25.80178,0
1,2018,9,6,9,0,0,0,21.2687,0
1,2018,9,6,9,1,0,0,30.722006,0
1,2018,9,6,9,2,0,0,26.158457,0
1,2018,9,6,9,3,0,0,29.627601,0
1,2018,9,6,10,0,0,0,28.248862,0
1,2018,9,6,10,1,0,0,30.492496,0
1,2018,9,6,10,2,0,0,41.108439,0
1,2018,9,6,10,3,0,0,12.906756,0
1,2018,9,6,11,0,0,0,26.043608,0
1,2018,9,6,11,1,0,0,26.875114,0
1,2018,9,6,11,2,0,0,16.627645,0
1,2018,9,6,11,3,0,0,20.573895,0
1,2018,9,6,12,0,0,0,47.094666,0
1,2018,9,6,12,1,0,0,44.144249,0
1,2018,9,6,12,2,0,0,25.897311,0
1,2018,9,6,12,3,0,0,40.752262,0
1,2018,9,6,13,0,0,0,45.349394,0
1,2018,9,6,13,1,0,0,44.387456,0
1,2018,9,6,13,2,0,0,51.812193,0
1,2018,9,6,13,3,0,0,45.470407,0
1,2018,9,6,14,0,0,0,54.522747,0
1,2018,9,6,14,1,0,0,41.379361,0
1,2018,9,6,14,2,0,0,30.761111,0
1,2018,9,6,14,3,0,0,29.307826,0
1,2018,9,6,15,0,0,0,32.838112,0
1,2018,9,6,15,1,0,0,35.435629,0
1,2018,9,6,15,2,0,0,35.588724,0
1,2018,9,6,15,3,0,0,26.522002,0
1,2018,9,6,16,0,0,0,38.043187,0
1,2018,9,6,16,1,0,0,34.932598,0
1,2018,9,6,16,2,0,0,17.012154,0
1,2018,9,6,16,3,0,0,31.211103,0
1,2018,9,6,17,0,0,0,38.283048,0
1,2018,9,6,17,1,0,0,60.876436,0
1,2018,9,6,17,2,0,0,38.760372,0
1,2018,9,6,17,3,0,0,35.208066,0
1,2018,9,6,18,0,0,0,31.905743,0
1,2018,9,6,18,1,0,0,44.859196,0
1,2018,9,6,18,2,0,0,65.935612,0
1,2018,9,6,18,3,0,0,56.080624,0
1,2018,9,6,19,0,0,0,29.365195,0
1,2018,9,6,19,1,0,0,13.750213,0
1,2018,9,6,19,2,0,0,18.903275,0
1,2018,9,6,19,3,0,0,43.609906,0
1,2018,9,6,20,0,0,0,27.490969,0
1,2018,9,6,20,1,0,0,32.859292,0
1,2018,9,6,20,2,0,0,20.269374,0
1,2018,9,6,20,3,0,0,8.727789,0
1,2018,9,6,21,0,0,0,9.637353,0
1,2018,9,6,21,1,0,0,9.381201,0
1,2018,9,6,21,2,0,0,7.93151,0
1,2018,9,6,21,3,0,0,18.198188,0
1,2018,9,6,22,0,0,0,18.203908,0
1,2018,9,6,22,1,0,0,23.27278,0
1,2018,9,6,22,2,0,0,14.697177,0
1,2018,9,6,22,3,0,0,25.302363,0
1,2018,9,6,23,0,0,0,30.564864,0
1,2018,9,6,23,1,0,0,16.029022,0
1,2018,9,6,23,2,0,0,20.925064,0
1,2018,9,6,23,3,0,0,17.060965,0
